   1 M   1.00000 0.00000 ( 1)  0.032
   2 A   1.00000 0.00000 ( 1)  0.032
   3 P   1.00000 0.00000 ( 1)  0.032
   4 N   1.00000 0.00000 ( 1)  0.032
   5 I   1.00000 0.00000 ( 1)  0.032
   6 R   1.00000 0.00000 ( 1)  0.032
   7 K   1.00000 0.00000 ( 1)  0.032
   8 H   1.00000 0.00000 ( 1)  0.032
   9 H   1.00000 0.00000 ( 1)  0.032
  10 P   1.00000 0.00000 ( 1)  0.032
  11 L   0.99998 0.00002 ( 1)  0.032
  12 L   1.00000 0.00000 ( 1)  0.032
  13 K   1.00000 0.00000 ( 1)  0.032
  14 M   1.00000 0.00000 ( 1)  0.032
  15 V   0.00010 0.99990 ( 2)  1.000
  16 N   1.00000 0.00000 ( 1)  0.032
  17 N   1.00000 0.00000 ( 1)  0.032
  18 S   1.00000 0.00000 ( 1)  0.032
  19 L   1.00000 0.00000 ( 1)  0.032
  20 I   1.00000 0.00000 ( 1)  0.032
  21 D   1.00000 0.00000 ( 1)  0.032
  22 L   1.00000 0.00000 ( 1)  0.032
  23 P   1.00000 0.00000 ( 1)  0.032
  24 T   1.00000 0.00000 ( 1)  0.032
  25 P   1.00000 0.00000 ( 1)  0.032
  26 S   1.00000 0.00000 ( 1)  0.032
  27 N   1.00000 0.00000 ( 1)  0.032
  28 I   1.00000 0.00000 ( 1)  0.032
  29 S   1.00000 0.00000 ( 1)  0.032
  30 A   0.00000 1.00000 ( 2)  1.000
  31 W   1.00000 0.00000 ( 1)  0.032
  32 W   1.00000 0.00000 ( 1)  0.032
  33 N   1.00000 0.00000 ( 1)  0.032
  34 F   1.00000 0.00000 ( 1)  0.032
  35 G   1.00000 0.00000 ( 1)  0.032
  36 S   1.00000 0.00000 ( 1)  0.032
  37 L   1.00000 0.00000 ( 1)  0.032
  38 L   1.00000 0.00000 ( 1)  0.032
  39 G   1.00000 0.00000 ( 1)  0.032
  40 I   0.00796 0.99204 ( 2)  0.992
  41 C   1.00000 0.00000 ( 1)  0.032
  42 L   1.00000 0.00000 ( 1)  0.032
  43 M   0.00000 1.00000 ( 2)  1.000
  44 T   1.00000 0.00000 ( 1)  0.032
  45 Q   1.00000 0.00000 ( 1)  0.032
  46 I   1.00000 0.00000 ( 1)  0.032
  47 I   0.00000 1.00000 ( 2)  1.000
  48 T   1.00000 0.00000 ( 1)  0.032
  49 G   1.00000 0.00000 ( 1)  0.032
  50 L   1.00000 0.00000 ( 1)  0.032
  51 L   1.00000 0.00000 ( 1)  0.032
  52 L   1.00000 0.00000 ( 1)  0.032
  53 A   1.00000 0.00000 ( 1)  0.032
  54 T   1.00000 0.00000 ( 1)  0.032
  55 H   1.00000 0.00000 ( 1)  0.032
  56 Y   1.00000 0.00000 ( 1)  0.032
  57 T   1.00000 0.00000 ( 1)  0.032
  58 A   1.00000 0.00000 ( 1)  0.032
  59 D   1.00000 0.00000 ( 1)  0.032
  60 T   1.00000 0.00000 ( 1)  0.032
  61 S   0.00654 0.99346 ( 2)  0.994
  62 L   1.00000 0.00000 ( 1)  0.032
  63 A   1.00000 0.00000 ( 1)  0.032
  64 F   1.00000 0.00000 ( 1)  0.032
  65 T   0.00000 1.00000 ( 2)  1.000
  66 S   1.00000 0.00000 ( 1)  0.032
  67 V   1.00000 0.00000 ( 1)  0.032
  68 A   1.00000 0.00000 ( 1)  0.032
  69 H   1.00000 0.00000 ( 1)  0.032
  70 T   1.00000 0.00000 ( 1)  0.032
  71 C   1.00000 0.00000 ( 1)  0.032
  72 R   1.00000 0.00000 ( 1)  0.032
  73 N   1.00000 0.00000 ( 1)  0.032
  74 V   1.00000 0.00000 ( 1)  0.032
  75 Q   1.00000 0.00000 ( 1)  0.032
  76 F   1.00000 0.00000 ( 1)  0.032
  77 G   1.00000 0.00000 ( 1)  0.032
  78 W   1.00000 0.00000 ( 1)  0.032
  79 L   1.00000 0.00000 ( 1)  0.032
  80 I   1.00000 0.00000 ( 1)  0.032
  81 R   1.00000 0.00000 ( 1)  0.032
  82 N   1.00000 0.00000 ( 1)  0.032
  83 L   1.00000 0.00000 ( 1)  0.032
  84 H   1.00000 0.00000 ( 1)  0.032
  85 A   1.00000 0.00000 ( 1)  0.032
  86 N   1.00000 0.00000 ( 1)  0.032
  87 G   1.00000 0.00000 ( 1)  0.032
  88 A   1.00000 0.00000 ( 1)  0.032
  89 S   1.00000 0.00000 ( 1)  0.032
  90 F   0.00000 1.00000 ( 2)  1.000
  91 F   1.00000 0.00000 ( 1)  0.032
  92 F   1.00000 0.00000 ( 1)  0.032
  93 I   1.00000 0.00000 ( 1)  0.032
  94 C   1.00000 0.00000 ( 1)  0.032
  95 I   1.00000 0.00000 ( 1)  0.032
  96 Y   1.00000 0.00000 ( 1)  0.032
  97 L   0.99795 0.00205 ( 1)  0.034
  98 H   1.00000 0.00000 ( 1)  0.032
  99 I   1.00000 0.00000 ( 1)  0.032
 100 G   1.00000 0.00000 ( 1)  0.032
 101 R   1.00000 0.00000 ( 1)  0.032
 102 G   1.00000 0.00000 ( 1)  0.032
 103 L   0.00000 1.00000 ( 2)  1.000
 104 Y   1.00000 0.00000 ( 1)  0.032
 105 Y   1.00000 0.00000 ( 1)  0.032
 106 G   1.00000 0.00000 ( 1)  0.032
 107 S   1.00000 0.00000 ( 1)  0.032
 108 Y   1.00000 0.00000 ( 1)  0.032
 109 L   1.00000 0.00000 ( 1)  0.032
 110 Y   1.00000 0.00000 ( 1)  0.032
 111 K   1.00000 0.00000 ( 1)  0.032
 112 E   1.00000 0.00000 ( 1)  0.032
 113 T   1.00000 0.00000 ( 1)  0.032
 114 W   1.00000 0.00000 ( 1)  0.032
 115 N   1.00000 0.00000 ( 1)  0.032
 116 T   1.00000 0.00000 ( 1)  0.032
 117 G   1.00000 0.00000 ( 1)  0.032
 118 V   1.00000 0.00000 ( 1)  0.032
 119 I   0.79076 0.20924 ( 1)  0.234
 120 L   1.00000 0.00000 ( 1)  0.032
 121 L   1.00000 0.00000 ( 1)  0.032
 122 L   1.00000 0.00000 ( 1)  0.032
 123 T   1.00000 0.00000 ( 1)  0.032
 124 L   1.00000 0.00000 ( 1)  0.032
 125 M   1.00000 0.00000 ( 1)  0.032
 126 A   1.00000 0.00000 ( 1)  0.032
 127 T   1.00000 0.00000 ( 1)  0.032
 128 A   1.00000 0.00000 ( 1)  0.032
 129 F   1.00000 0.00000 ( 1)  0.032
 130 V   1.00000 0.00000 ( 1)  0.032
 131 G   1.00000 0.00000 ( 1)  0.032
 132 Y   1.00000 0.00000 ( 1)  0.032
 133 V   1.00000 0.00000 ( 1)  0.032
 134 L   1.00000 0.00000 ( 1)  0.032
 135 P   1.00000 0.00000 ( 1)  0.032
 136 W   1.00000 0.00000 ( 1)  0.032
 137 G   1.00000 0.00000 ( 1)  0.032
 138 Q   1.00000 0.00000 ( 1)  0.032
 139 M   1.00000 0.00000 ( 1)  0.032
 140 S   1.00000 0.00000 ( 1)  0.032
 141 F   1.00000 0.00000 ( 1)  0.032
 142 W   1.00000 0.00000 ( 1)  0.032
 143 G   1.00000 0.00000 ( 1)  0.032
 144 A   1.00000 0.00000 ( 1)  0.032
 145 T   1.00000 0.00000 ( 1)  0.032
 146 V   1.00000 0.00000 ( 1)  0.032
 147 I   1.00000 0.00000 ( 1)  0.032
 148 T   1.00000 0.00000 ( 1)  0.032
 149 N   1.00000 0.00000 ( 1)  0.032
 150 L   1.00000 0.00000 ( 1)  0.032
 151 F   1.00000 0.00000 ( 1)  0.032
 152 S   1.00000 0.00000 ( 1)  0.032
 153 A   1.00000 0.00000 ( 1)  0.032
 154 I   1.00000 0.00000 ( 1)  0.032
 155 P   1.00000 0.00000 ( 1)  0.032
 156 Y   1.00000 0.00000 ( 1)  0.032
 157 I   1.00000 0.00000 ( 1)  0.032
 158 G   1.00000 0.00000 ( 1)  0.032
 159 Q   1.00000 0.00000 ( 1)  0.032
 160 T   1.00000 0.00000 ( 1)  0.032
 161 L   1.00000 0.00000 ( 1)  0.032
 162 V   1.00000 0.00000 ( 1)  0.032
 163 E   1.00000 0.00000 ( 1)  0.032
 164 W   1.00000 0.00000 ( 1)  0.032
 165 A   1.00000 0.00000 ( 1)  0.032
 166 W   1.00000 0.00000 ( 1)  0.032
 167 G   1.00000 0.00000 ( 1)  0.032
 168 G   1.00000 0.00000 ( 1)  0.032
 169 F   1.00000 0.00000 ( 1)  0.032
 170 S   1.00000 0.00000 ( 1)  0.032
 171 V   1.00000 0.00000 ( 1)  0.032
 172 D   1.00000 0.00000 ( 1)  0.032
 173 N   1.00000 0.00000 ( 1)  0.032
 174 P   1.00000 0.00000 ( 1)  0.032
 175 T   1.00000 0.00000 ( 1)  0.032
 176 L   1.00000 0.00000 ( 1)  0.032
 177 T   1.00000 0.00000 ( 1)  0.032
 178 R   1.00000 0.00000 ( 1)  0.032
 179 F   1.00000 0.00000 ( 1)  0.032
 180 F   1.00000 0.00000 ( 1)  0.032
 181 A   1.00000 0.00000 ( 1)  0.032
 182 L   1.00000 0.00000 ( 1)  0.032
 183 H   1.00000 0.00000 ( 1)  0.032
 184 F   1.00000 0.00000 ( 1)  0.032
 185 L   1.00000 0.00000 ( 1)  0.032
 186 L   1.00000 0.00000 ( 1)  0.032
 187 P   1.00000 0.00000 ( 1)  0.032
 188 F   1.00000 0.00000 ( 1)  0.032
 189 A   0.00000 1.00000 ( 2)  1.000
 190 I   1.00000 0.00000 ( 1)  0.032
 191 S   1.00000 0.00000 ( 1)  0.032
 192 G   1.00000 0.00000 ( 1)  0.032
 193 L   1.00000 0.00000 ( 1)  0.032
 194 V   1.00000 0.00000 ( 1)  0.032
 195 F   0.99969 0.00031 ( 1)  0.032
 196 I   1.00000 0.00000 ( 1)  0.032
 197 H   1.00000 0.00000 ( 1)  0.032
 198 L   1.00000 0.00000 ( 1)  0.032
 199 T   1.00000 0.00000 ( 1)  0.032
 200 F   1.00000 0.00000 ( 1)  0.032
 201 L   1.00000 0.00000 ( 1)  0.032
 202 H   1.00000 0.00000 ( 1)  0.032
 203 E   1.00000 0.00000 ( 1)  0.032
 204 T   1.00000 0.00000 ( 1)  0.032
 205 G   1.00000 0.00000 ( 1)  0.032
 206 S   1.00000 0.00000 ( 1)  0.032
 207 N   1.00000 0.00000 ( 1)  0.032
 208 N   1.00000 0.00000 ( 1)  0.032
 209 P   1.00000 0.00000 ( 1)  0.032
 210 L   1.00000 0.00000 ( 1)  0.032
 211 G   1.00000 0.00000 ( 1)  0.032
 212 I   1.00000 0.00000 ( 1)  0.032
 213 S   0.00000 1.00000 ( 2)  1.000
 214 S   1.00000 0.00000 ( 1)  0.032
 215 N   1.00000 0.00000 ( 1)  0.032
 216 C   1.00000 0.00000 ( 1)  0.032
 217 D   1.00000 0.00000 ( 1)  0.032
 218 K   1.00000 0.00000 ( 1)  0.032
 219 I   1.00000 0.00000 ( 1)  0.032
 220 P   1.00000 0.00000 ( 1)  0.032
 221 F   1.00000 0.00000 ( 1)  0.032
 222 H   1.00000 0.00000 ( 1)  0.032
 223 P   1.00000 0.00000 ( 1)  0.032
 224 Y   1.00000 0.00000 ( 1)  0.032
 225 F   1.00000 0.00000 ( 1)  0.032
 226 S   1.00000 0.00000 ( 1)  0.032
 227 T   0.00000 1.00000 ( 2)  1.000
 228 K   1.00000 0.00000 ( 1)  0.032
 229 D   1.00000 0.00000 ( 1)  0.032
 230 L   0.00000 1.00000 ( 2)  1.000
 231 L   1.00000 0.00000 ( 1)  0.032
 232 G   1.00000 0.00000 ( 1)  0.032
 233 F   1.00000 0.00000 ( 1)  0.032
 234 T   0.00000 1.00000 ( 2)  1.000
 235 I   0.02189 0.97811 ( 2)  0.979
 236 M   1.00000 0.00000 ( 1)  0.032
 237 F   0.00000 1.00000 ( 2)  1.000
 238 I   0.00000 1.00000 ( 2)  1.000
 239 P   0.00000 1.00000 ( 2)  1.000
 240 L   1.00000 0.00000 ( 1)  0.032
 241 M   0.00000 1.00000 ( 2)  1.000
 242 T   0.00000 1.00000 ( 2)  1.000
 243 L   1.00000 0.00000 ( 1)  0.032
 244 A   1.00000 0.00000 ( 1)  0.032
 245 L   1.00000 0.00000 ( 1)  0.032
 246 F   1.00000 0.00000 ( 1)  0.032
 247 S   1.00000 0.00000 ( 1)  0.032
 248 P   1.00000 0.00000 ( 1)  0.032
 249 N   1.00000 0.00000 ( 1)  0.032
 250 L   1.00000 0.00000 ( 1)  0.032
 251 L   1.00000 0.00000 ( 1)  0.032
 252 G   1.00000 0.00000 ( 1)  0.032
 253 D   1.00000 0.00000 ( 1)  0.032
 254 P   1.00000 0.00000 ( 1)  0.032
 255 E   1.00000 0.00000 ( 1)  0.032
 256 N   1.00000 0.00000 ( 1)  0.032
 257 F   1.00000 0.00000 ( 1)  0.032
 258 T   1.00000 0.00000 ( 1)  0.032
 259 P   1.00000 0.00000 ( 1)  0.032
 260 A   1.00000 0.00000 ( 1)  0.032
 261 N   1.00000 0.00000 ( 1)  0.032
 262 P   1.00000 0.00000 ( 1)  0.032
 263 L   1.00000 0.00000 ( 1)  0.032
 264 V   1.00000 0.00000 ( 1)  0.032
 265 T   1.00000 0.00000 ( 1)  0.032
 266 P   1.00000 0.00000 ( 1)  0.032
 267 P   1.00000 0.00000 ( 1)  0.032
 268 H   1.00000 0.00000 ( 1)  0.032
 269 I   1.00000 0.00000 ( 1)  0.032
 270 K   1.00000 0.00000 ( 1)  0.032
 271 P   1.00000 0.00000 ( 1)  0.032
 272 E   1.00000 0.00000 ( 1)  0.032
 273 W   1.00000 0.00000 ( 1)  0.032
 274 Y   1.00000 0.00000 ( 1)  0.032
 275 F   1.00000 0.00000 ( 1)  0.032
 276 L   1.00000 0.00000 ( 1)  0.032
 277 F   1.00000 0.00000 ( 1)  0.032
 278 A   1.00000 0.00000 ( 1)  0.032
 279 Y   1.00000 0.00000 ( 1)  0.032
 280 A   1.00000 0.00000 ( 1)  0.032
 281 I   1.00000 0.00000 ( 1)  0.032
 282 L   1.00000 0.00000 ( 1)  0.032
 283 R   1.00000 0.00000 ( 1)  0.032
 284 S   1.00000 0.00000 ( 1)  0.032
 285 I   1.00000 0.00000 ( 1)  0.032
 286 P   1.00000 0.00000 ( 1)  0.032
 287 N   1.00000 0.00000 ( 1)  0.032
 288 K   1.00000 0.00000 ( 1)  0.032
 289 L   1.00000 0.00000 ( 1)  0.032
 290 G   1.00000 0.00000 ( 1)  0.032
 291 G   1.00000 0.00000 ( 1)  0.032
 292 V   1.00000 0.00000 ( 1)  0.032
 293 L   1.00000 0.00000 ( 1)  0.032
 294 A   1.00000 0.00000 ( 1)  0.032
 295 L   1.00000 0.00000 ( 1)  0.032
 296 A   1.00000 0.00000 ( 1)  0.032
 297 A   1.00000 0.00000 ( 1)  0.032
 298 S   1.00000 0.00000 ( 1)  0.032
 299 I   1.00000 0.00000 ( 1)  0.032
 300 L   1.00000 0.00000 ( 1)  0.032
 301 V   1.00000 0.00000 ( 1)  0.032
 302 L   1.00000 0.00000 ( 1)  0.032
 303 F   1.00000 0.00000 ( 1)  0.032
 304 L   1.00000 0.00000 ( 1)  0.032
 305 S   0.00000 1.00000 ( 2)  1.000
 306 P   1.00000 0.00000 ( 1)  0.032
 307 L   0.00000 1.00000 ( 2)  1.000
 308 L   1.00000 0.00000 ( 1)  0.032
 309 H   1.00000 0.00000 ( 1)  0.032
 310 K   1.00000 0.00000 ( 1)  0.032
 311 S   1.00000 0.00000 ( 1)  0.032
 312 K   1.00000 0.00000 ( 1)  0.032
 313 Q   1.00000 0.00000 ( 1)  0.032
 314 R   1.00000 0.00000 ( 1)  0.032
 315 T   1.00000 0.00000 ( 1)  0.032
 316 M   1.00000 0.00000 ( 1)  0.032
 317 T   1.00000 0.00000 ( 1)  0.032
 318 F   1.00000 0.00000 ( 1)  0.032
 319 R   1.00000 0.00000 ( 1)  0.032
 320 P   1.00000 0.00000 ( 1)  0.032
 321 M   0.00000 1.00000 ( 2)  1.000
 322 S   1.00000 0.00000 ( 1)  0.032
 323 Q   1.00000 0.00000 ( 1)  0.032
 324 L   0.00000 1.00000 ( 2)  1.000
 325 L   1.00000 0.00000 ( 1)  0.032
 326 F   1.00000 0.00000 ( 1)  0.032
 327 W   1.00000 0.00000 ( 1)  0.032
 328 I   0.00000 1.00000 ( 2)  1.000
 329 L   1.00000 0.00000 ( 1)  0.032
 330 I   1.00000 0.00000 ( 1)  0.032
 331 S   1.00000 0.00000 ( 1)  0.032
 332 N   1.00000 0.00000 ( 1)  0.032
 333 L   1.00000 0.00000 ( 1)  0.032
 334 L   0.99850 0.00150 ( 1)  0.033
 335 I   1.00000 0.00000 ( 1)  0.032
 336 L   1.00000 0.00000 ( 1)  0.032
 337 T   1.00000 0.00000 ( 1)  0.032
 338 W   1.00000 0.00000 ( 1)  0.032
 339 I   1.00000 0.00000 ( 1)  0.032
 340 G   1.00000 0.00000 ( 1)  0.032
 341 S   1.00000 0.00000 ( 1)  0.032
 342 Q   1.00000 0.00000 ( 1)  0.032
 343 P   1.00000 0.00000 ( 1)  0.032
 344 V   1.00000 0.00000 ( 1)  0.032
 345 E   1.00000 0.00000 ( 1)  0.032
 346 H   1.00000 0.00000 ( 1)  0.032
 347 P   1.00000 0.00000 ( 1)  0.032
 348 F   1.00000 0.00000 ( 1)  0.032
 349 I   1.00000 0.00000 ( 1)  0.032
 350 I   1.00000 0.00000 ( 1)  0.032
 351 I   1.00000 0.00000 ( 1)  0.032
 352 G   1.00000 0.00000 ( 1)  0.032
 353 Q   1.00000 0.00000 ( 1)  0.032
 354 L   0.03322 0.96678 ( 2)  0.968
 355 A   1.00000 0.00000 ( 1)  0.032
 356 S   1.00000 0.00000 ( 1)  0.032
 357 L   0.00000 1.00000 ( 2)  1.000
 358 T   0.00000 1.00000 ( 2)  1.000
 359 Y   1.00000 0.00000 ( 1)  0.032
 360 F   1.00000 0.00000 ( 1)  0.032
 361 T   0.99927 0.00073 ( 1)  0.033
 362 T   1.00000 0.00000 ( 1)  0.032
 363 L   1.00000 0.00000 ( 1)  0.032
 364 L   1.00000 0.00000 ( 1)  0.032
 365 V   0.00002 0.99998 ( 2)  1.000
 366 L   1.00000 0.00000 ( 1)  0.032
 367 F   1.00000 0.00000 ( 1)  0.032
 368 P   1.00000 0.00000 ( 1)  0.032
 369 I   0.00000 1.00000 ( 2)  1.000
 370 I   0.00000 1.00000 ( 2)  1.000
 371 G   0.00000 1.00000 ( 2)  1.000
 372 A   0.00000 1.00000 ( 2)  1.000
 373 L   1.00000 0.00000 ( 1)  0.032
 374 E   1.00000 0.00000 ( 1)  0.032
 375 N   1.00000 0.00000 ( 1)  0.032
 376 K   1.00000 0.00000 ( 1)  0.032
 377 M   0.96640 0.03360 ( 1)  0.064
 378 L   1.00000 0.00000 ( 1)  0.032
 379 N   1.00000 0.00000 ( 1)  0.032
 380 L   0.00113 0.99887 ( 2)  0.999
