   1 G   1.00000 0.00000 ( 1)  0.024
   2 E   1.00000 0.00000 ( 1)  0.024
   3 L   0.99988 0.00012 ( 1)  0.024
   4 E   1.00000 0.00000 ( 1)  0.024
   5 M   0.39608 0.60392 ( 2)  0.613
   6 H   1.00000 0.00000 ( 1)  0.024
   7 P   1.00000 0.00000 ( 1)  0.024
   8 P   1.00000 0.00000 ( 1)  0.024
   9 S   0.00000 1.00000 ( 2)  1.000
  10 F   0.99923 0.00077 ( 1)  0.025
  11 P   1.00000 0.00000 ( 1)  0.024
  12 W   1.00000 0.00000 ( 1)  0.024
  13 S   1.00000 0.00000 ( 1)  0.024
  14 H   1.00000 0.00000 ( 1)  0.024
  15 G   0.77626 0.22374 ( 1)  0.242
  16 G   0.99988 0.00012 ( 1)  0.024
  17 A   0.00000 1.00000 ( 2)  1.000
  18 L   0.99999 0.00001 ( 1)  0.024
  19 A   0.00000 1.00000 ( 2)  1.000
  20 A   0.99999 0.00001 ( 1)  0.024
  21 L   1.00000 0.00000 ( 1)  0.024
  22 D   1.00000 0.00000 ( 1)  0.024
  23 H   1.00000 0.00000 ( 1)  0.024
  24 S   0.00000 1.00000 ( 2)  1.000
  25 S   1.00000 0.00000 ( 1)  0.024
  26 L   0.00029 0.99971 ( 2)  1.000
  27 R   1.00000 0.00000 ( 1)  0.024
  28 R   1.00000 0.00000 ( 1)  0.024
  29 G   1.00000 0.00000 ( 1)  0.024
  30 F   0.99899 0.00101 ( 1)  0.025
  31 Q   1.00000 0.00000 ( 1)  0.024
  32 V   1.00000 0.00000 ( 1)  0.024
  33 Y   0.99993 0.00007 ( 1)  0.024
  34 K   0.99999 0.00001 ( 1)  0.024
  35 Q   1.00000 0.00000 ( 1)  0.024
  36 V   1.00000 0.00000 ( 1)  0.024
  37 C   1.00000 0.00000 ( 1)  0.024
  38 S   1.00000 0.00000 ( 1)  0.024
  39 A   1.00000 0.00000 ( 1)  0.024
  40 C   1.00000 0.00000 ( 1)  0.024
  41 H   1.00000 0.00000 ( 1)  0.024
  42 S   0.98049 0.01951 ( 1)  0.043
  43 M   0.61044 0.38956 ( 1)  0.404
  44 D   0.99741 0.00259 ( 1)  0.027
  45 Y   0.82262 0.17738 ( 1)  0.197
  46 L   0.00163 0.99837 ( 2)  0.998
  47 A   1.00000 0.00000 ( 1)  0.024
  48 F   0.99998 0.00002 ( 1)  0.024
  49 R   1.00000 0.00000 ( 1)  0.024
  50 N   1.00000 0.00000 ( 1)  0.024
  51 L   1.00000 0.00000 ( 1)  0.024
  52 I   0.99997 0.00003 ( 1)  0.024
  53 G   1.00000 0.00000 ( 1)  0.024
  54 V   1.00000 0.00000 ( 1)  0.024
  55 T   0.99999 0.00001 ( 1)  0.024
  56 H   1.00000 0.00000 ( 1)  0.024
  57 T   1.00000 0.00000 ( 1)  0.024
  58 E   1.00000 0.00000 ( 1)  0.024
  59 A   0.01919 0.98081 ( 2)  0.981
  60 E   1.00000 0.00000 ( 1)  0.024
  61 A   0.99998 0.00002 ( 1)  0.024
  62 K   1.00000 0.00000 ( 1)  0.024
  63 A   1.00000 0.00000 ( 1)  0.024
  64 L   0.99991 0.00009 ( 1)  0.024
  65 A   1.00000 0.00000 ( 1)  0.024
  66 E   0.99993 0.00007 ( 1)  0.024
  67 E   1.00000 0.00000 ( 1)  0.024
  68 V   1.00000 0.00000 ( 1)  0.024
  69 E   0.99991 0.00009 ( 1)  0.024
  70 V   1.00000 0.00000 ( 1)  0.024
  71 Q   0.00000 1.00000 ( 2)  1.000
  72 D   1.00000 0.00000 ( 1)  0.024
  73 G   1.00000 0.00000 ( 1)  0.024
  74 P   1.00000 0.00000 ( 1)  0.024
  75 D   0.99998 0.00002 ( 1)  0.024
  76 E   0.99992 0.00008 ( 1)  0.024
  77 N   1.00000 0.00000 ( 1)  0.024
  78 G   1.00000 0.00000 ( 1)  0.024
  79 E   1.00000 0.00000 ( 1)  0.024
  80 M   0.99670 0.00330 ( 1)  0.027
  81 F   0.99999 0.00001 ( 1)  0.024
  82 M   0.00000 1.00000 ( 2)  1.000
  83 R   1.00000 0.00000 ( 1)  0.024
  84 P   1.00000 0.00000 ( 1)  0.024
  85 G   1.00000 0.00000 ( 1)  0.024
  86 K   1.00000 0.00000 ( 1)  0.024
  87 I   0.99994 0.00006 ( 1)  0.024
  88 S   1.00000 0.00000 ( 1)  0.024
  89 D   1.00000 0.00000 ( 1)  0.024
  90 Y   0.00609 0.99391 ( 2)  0.994
  91 F   0.99999 0.00001 ( 1)  0.024
  92 P   1.00000 0.00000 ( 1)  0.024
  93 K   0.99518 0.00482 ( 1)  0.029
  94 P   1.00000 0.00000 ( 1)  0.024
  95 Y   0.99993 0.00007 ( 1)  0.024
  96 P   1.00000 0.00000 ( 1)  0.024
  97 N   1.00000 0.00000 ( 1)  0.024
  98 A   0.00000 1.00000 ( 2)  1.000
  99 E   1.00000 0.00000 ( 1)  0.024
 100 A   1.00000 0.00000 ( 1)  0.024
 101 A   1.00000 0.00000 ( 1)  0.024
 102 R   1.00000 0.00000 ( 1)  0.024
 103 A   1.00000 0.00000 ( 1)  0.024
 104 A   1.00000 0.00000 ( 1)  0.024
 105 N   1.00000 0.00000 ( 1)  0.024
 106 N   1.00000 0.00000 ( 1)  0.024
 107 G   1.00000 0.00000 ( 1)  0.024
 108 A   1.00000 0.00000 ( 1)  0.024
 109 L   0.99986 0.00014 ( 1)  0.024
 110 P   1.00000 0.00000 ( 1)  0.024
 111 P   1.00000 0.00000 ( 1)  0.024
 112 D   1.00000 0.00000 ( 1)  0.024
 113 L   1.00000 0.00000 ( 1)  0.024
 114 S   1.00000 0.00000 ( 1)  0.024
 115 Y   0.99993 0.00007 ( 1)  0.024
 116 I   1.00000 0.00000 ( 1)  0.024
 117 V   1.00000 0.00000 ( 1)  0.024
 118 N   1.00000 0.00000 ( 1)  0.024
 119 A   1.00000 0.00000 ( 1)  0.024
 120 R   1.00000 0.00000 ( 1)  0.024
 121 H   1.00000 0.00000 ( 1)  0.024
 122 G   1.00000 0.00000 ( 1)  0.024
 123 G   1.00000 0.00000 ( 1)  0.024
 124 E   1.00000 0.00000 ( 1)  0.024
 125 D   1.00000 0.00000 ( 1)  0.024
 126 Y   0.99993 0.00007 ( 1)  0.024
 127 V   1.00000 0.00000 ( 1)  0.024
 128 F   0.99998 0.00002 ( 1)  0.024
 129 S   1.00000 0.00000 ( 1)  0.024
 130 L   1.00000 0.00000 ( 1)  0.024
 131 L   1.00000 0.00000 ( 1)  0.024
 132 T   1.00000 0.00000 ( 1)  0.024
 133 G   1.00000 0.00000 ( 1)  0.024
 134 Y   0.99993 0.00007 ( 1)  0.024
 135 C   1.00000 0.00000 ( 1)  0.024
 136 D   1.00000 0.00000 ( 1)  0.024
 137 P   0.99997 0.00003 ( 1)  0.024
 138 P   1.00000 0.00000 ( 1)  0.024
 139 A   0.00036 0.99964 ( 2)  1.000
 140 G   1.00000 0.00000 ( 1)  0.024
 141 V   1.00000 0.00000 ( 1)  0.024
 142 T   0.00010 0.99990 ( 2)  1.000
 143 V   0.02552 0.97448 ( 2)  0.975
 144 R   1.00000 0.00000 ( 1)  0.024
 145 E   1.00000 0.00000 ( 1)  0.024
 146 G   1.00000 0.00000 ( 1)  0.024
 147 L   0.99991 0.00009 ( 1)  0.024
 148 Y   0.44261 0.55739 ( 2)  0.568
 149 Y   0.99993 0.00007 ( 1)  0.024
 150 N   1.00000 0.00000 ( 1)  0.024
 151 P   0.99996 0.00004 ( 1)  0.024
 152 Y   0.99993 0.00007 ( 1)  0.024
 153 F   0.99998 0.00002 ( 1)  0.024
 154 P   1.00000 0.00000 ( 1)  0.024
 155 G   1.00000 0.00000 ( 1)  0.024
 156 Q   1.00000 0.00000 ( 1)  0.024
 157 A   1.00000 0.00000 ( 1)  0.024
 158 I   1.00000 0.00000 ( 1)  0.024
 159 G   1.00000 0.00000 ( 1)  0.024
 160 M   1.00000 0.00000 ( 1)  0.024
 161 A   1.00000 0.00000 ( 1)  0.024
 162 P   1.00000 0.00000 ( 1)  0.024
 163 P   1.00000 0.00000 ( 1)  0.024
 164 I   0.99998 0.00002 ( 1)  0.024
 165 Y   0.99993 0.00007 ( 1)  0.024
 166 N   1.00000 0.00000 ( 1)  0.024
 167 E   1.00000 0.00000 ( 1)  0.024
 168 I   0.01021 0.98979 ( 2)  0.990
 169 L   0.99997 0.00003 ( 1)  0.024
 170 E   1.00000 0.00000 ( 1)  0.024
 171 F   0.00011 0.99989 ( 2)  1.000
 172 D   1.00000 0.00000 ( 1)  0.024
 173 D   1.00000 0.00000 ( 1)  0.024
 174 G   1.00000 0.00000 ( 1)  0.024
 175 T   1.00000 0.00000 ( 1)  0.024
 176 P   1.00000 0.00000 ( 1)  0.024
 177 A   1.00000 0.00000 ( 1)  0.024
 178 T   1.00000 0.00000 ( 1)  0.024
 179 M   0.98947 0.01053 ( 1)  0.034
 180 S   1.00000 0.00000 ( 1)  0.024
 181 Q   1.00000 0.00000 ( 1)  0.024
 182 I   0.20931 0.79069 ( 2)  0.796
 183 A   1.00000 0.00000 ( 1)  0.024
 184 K   1.00000 0.00000 ( 1)  0.024
 185 D   1.00000 0.00000 ( 1)  0.024
 186 V   0.00004 0.99996 ( 2)  1.000
 187 C   1.00000 0.00000 ( 1)  0.024
 188 T   1.00000 0.00000 ( 1)  0.024
 189 F   0.99998 0.00002 ( 1)  0.024
 190 L   0.99986 0.00014 ( 1)  0.024
 191 R   1.00000 0.00000 ( 1)  0.024
 192 W   1.00000 0.00000 ( 1)  0.024
 193 A   1.00000 0.00000 ( 1)  0.024
 194 A   1.00000 0.00000 ( 1)  0.024
 195 E   1.00000 0.00000 ( 1)  0.024
 196 P   1.00000 0.00000 ( 1)  0.024
 197 E   1.00000 0.00000 ( 1)  0.024
 198 H   1.00000 0.00000 ( 1)  0.024
 199 D   1.00000 0.00000 ( 1)  0.024
 200 H   0.99947 0.00053 ( 1)  0.025
 201 R   1.00000 0.00000 ( 1)  0.024
 202 K   0.99997 0.00003 ( 1)  0.024
 203 R   0.99989 0.00011 ( 1)  0.024
 204 M   1.00000 0.00000 ( 1)  0.024
 205 G   1.00000 0.00000 ( 1)  0.024
 206 L   1.00000 0.00000 ( 1)  0.024
 207 K   1.00000 0.00000 ( 1)  0.024
 208 M   0.60467 0.39533 ( 1)  0.410
 209 L   0.99984 0.00016 ( 1)  0.024
 210 M   0.66607 0.33393 ( 1)  0.350
 211 I   0.99924 0.00076 ( 1)  0.025
 212 S   0.05411 0.94589 ( 2)  0.947
 213 G   0.99988 0.00012 ( 1)  0.024
 214 L   1.00000 0.00000 ( 1)  0.024
 215 L   1.00000 0.00000 ( 1)  0.024
 216 I   0.00000 1.00000 ( 2)  1.000
 217 S   0.99859 0.00141 ( 1)  0.025
 218 L   0.99999 0.00001 ( 1)  0.024
 219 L   0.00000 1.00000 ( 2)  1.000
 220 W   0.00008 0.99992 ( 2)  1.000
 221 Y   0.99993 0.00007 ( 1)  0.024
 222 M   0.00000 1.00000 ( 2)  1.000
 223 K   0.99998 0.00002 ( 1)  0.024
 224 R   1.00000 0.00000 ( 1)  0.024
 225 H   1.00000 0.00000 ( 1)  0.024
 226 K   0.99987 0.00013 ( 1)  0.024
 227 W   1.00000 0.00000 ( 1)  0.024
 228 S   0.99997 0.00003 ( 1)  0.024
 229 V   1.00000 0.00000 ( 1)  0.024
 230 L   0.99782 0.00218 ( 1)  0.026
 231 K   1.00000 0.00000 ( 1)  0.024
 232 S   1.00000 0.00000 ( 1)  0.024
 233 R   1.00000 0.00000 ( 1)  0.024
 234 K   0.99998 0.00002 ( 1)  0.024
 235 M   1.00000 0.00000 ( 1)  0.024
 236 V   0.99611 0.00389 ( 1)  0.028
 237 Y   0.99992 0.00008 ( 1)  0.024
 238 R   0.99930 0.00070 ( 1)  0.025
 239 P   1.00000 0.00000 ( 1)  0.024
 240 P   1.00000 0.00000 ( 1)  0.024
 241 K   1.00000 0.00000 ( 1)  0.024
