   1 -   0.00000 0.10988 0.89012 ( 3)  1.530 +-  0.334
   2 -   0.00000 0.47590 0.52410 ( 3)  1.277 +-  0.289
   3 -   0.00000 0.04235 0.95765 ( 3)  1.586 +-  0.333
   4 -   0.97221 0.02778 0.00001 ( 1)  0.155 +-  0.148
   5 -   1.00000 0.00000 0.00000 ( 1)  0.128 +-  0.041
   6 -   1.00000 0.00000 0.00000 ( 1)  0.128 +-  0.041
   7 -   0.00459 0.73505 0.26036 ( 2)  1.133 +-  0.253
   8 -   0.00207 0.99778 0.00015 ( 2)  0.998 +-  0.039
   9 -   0.05766 0.91973 0.02261 ( 2)  0.962 +-  0.214
  10 -   0.99998 0.00002 0.00000 ( 1)  0.128 +-  0.041
  11 -   0.22220 0.77243 0.00537 ( 2)  0.814 +-  0.357
  12 -   0.00000 0.75014 0.24986 ( 2)  1.125 +-  0.217
  13 -   0.00317 0.99682 0.00001 ( 2)  0.997 +-  0.048
  14 -   0.83823 0.15407 0.00769 ( 1)  0.280 +-  0.331
  15 T   0.99956 0.00044 0.00000 ( 1)  0.129 +-  0.045
  16 P   1.00000 0.00000 0.00000 ( 1)  0.128 +-  0.041
  17 T   1.00000 0.00000 0.00000 ( 1)  0.128 +-  0.041
  18 L   0.73294 0.26704 0.00002 ( 1)  0.377 +-  0.376
  19 V   0.00000 0.05233 0.94767 ( 3)  1.560 +-  0.309
  20 T   0.99999 0.00001 0.00000 ( 1)  0.128 +-  0.041
  21 W   0.98845 0.01091 0.00064 ( 1)  0.139 +-  0.105
  22 G   0.99982 0.00018 0.00000 ( 1)  0.129 +-  0.043
  23 T   0.00066 0.96587 0.03347 ( 2)  1.016 +-  0.093
  24 V   1.00000 0.00000 0.00000 ( 1)  0.128 +-  0.041
  25 A   1.00000 0.00000 0.00000 ( 1)  0.128 +-  0.041
  26 G   0.99890 0.00110 0.00001 ( 1)  0.129 +-  0.050
  27 V   0.00008 0.98839 0.01154 ( 2)  1.006 +-  0.054
  28 G   0.99992 0.00008 0.00000 ( 1)  0.128 +-  0.042
  29 V   0.00000 0.89262 0.10738 ( 2)  1.054 +-  0.155
  30 I   1.00000 0.00000 0.00000 ( 1)  0.128 +-  0.041
  31 W   0.98845 0.01091 0.00064 ( 1)  0.139 +-  0.105
  32 A   0.00000 0.99793 0.00207 ( 2)  1.001 +-  0.023
  33 T   1.00000 0.00000 0.00000 ( 1)  0.128 +-  0.041
  34 D   1.00000 0.00000 0.00000 ( 1)  0.128 +-  0.041
  35 W   0.98845 0.01091 0.00064 ( 1)  0.139 +-  0.105
  36 K   0.99999 0.00001 0.00000 ( 1)  0.128 +-  0.041
  37 L   0.99997 0.00003 0.00000 ( 1)  0.128 +-  0.041
  38 V   0.02917 0.97046 0.00037 ( 2)  0.975 +-  0.143
  39 L   1.00000 0.00000 0.00000 ( 1)  0.128 +-  0.041
  40 Q   0.99999 0.00001 0.00000 ( 1)  0.128 +-  0.041
  41 Y   0.93900 0.05352 0.00747 ( 1)  0.185 +-  0.231
  42 V   1.00000 0.00000 0.00000 ( 1)  0.128 +-  0.041
  43 P   1.00000 0.00000 0.00000 ( 1)  0.128 +-  0.041
  44 Y   0.97896 0.01954 0.00151 ( 1)  0.147 +-  0.138
  45 I   0.79526 0.20473 0.00000 ( 1)  0.323 +-  0.344
  46 G   0.00000 0.57033 0.42967 ( 2)  1.215 +-  0.248
  47 G   1.00000 0.00000 0.00000 ( 1)  0.128 +-  0.041
  48 K   0.99999 0.00001 0.00000 ( 1)  0.128 +-  0.041
  49 Y   0.00000 0.15265 0.84735 ( 3)  1.504 +-  0.344
  50 K   1.00000 0.00000 0.00000 ( 1)  0.128 +-  0.041
  51 T   0.00300 0.98178 0.01523 ( 2)  1.005 +-  0.077
  52 E   1.00000 0.00000 0.00000 ( 1)  0.128 +-  0.041
  53 D   1.00000 0.00000 0.00000 ( 1)  0.128 +-  0.041
