   1 A   0.98325 0.01675 ( 1)  0.068
   2 G   1.00000 0.00000 ( 1)  0.052
   3 G   1.00000 0.00000 ( 1)  0.052
   4 G   1.00000 0.00000 ( 1)  0.052
   5 R   0.38952 0.61048 ( 2)  0.631
   6 L   0.00037 0.99963 ( 2)  1.000
   7 I   0.00000 1.00000 ( 2)  1.000
   8 D   0.00000 1.00000 ( 2)  1.000
   9 K   0.00000 1.00000 ( 2)  1.000
  10 I   0.00000 1.00000 ( 2)  1.000
  11 R   1.00000 0.00000 ( 1)  0.052
  12 K   1.00000 0.00000 ( 1)  0.052
  13 W   0.99908 0.00092 ( 1)  0.053
  14 Y   1.00000 0.00000 ( 1)  0.052
  15 Y   1.00000 0.00000 ( 1)  0.052
  16 N   1.00000 0.00000 ( 1)  0.052
  17 A   0.99998 0.00002 ( 1)  0.052
  18 A   1.00000 0.00000 ( 1)  0.052
  19 G   1.00000 0.00000 ( 1)  0.052
  20 F   1.00000 0.00000 ( 1)  0.052
  21 N   1.00000 0.00000 ( 1)  0.052
  22 K   1.00000 0.00000 ( 1)  0.052
  23 L   0.00000 1.00000 ( 2)  1.000
  24 G   1.00000 0.00000 ( 1)  0.052
  25 L   0.99999 0.00001 ( 1)  0.052
  26 M   1.00000 0.00000 ( 1)  0.052
  27 R   1.00000 0.00000 ( 1)  0.052
  28 D   1.00000 0.00000 ( 1)  0.052
  29 D   1.00000 0.00000 ( 1)  0.052
  30 T   1.00000 0.00000 ( 1)  0.052
  31 L   0.99403 0.00597 ( 1)  0.058
  32 Y   0.00000 1.00000 ( 2)  1.000
  33 E   1.00000 0.00000 ( 1)  0.052
  34 D   1.00000 0.00000 ( 1)  0.052
  35 D   0.04928 0.95072 ( 2)  0.953
  36 D   1.00000 0.00000 ( 1)  0.052
  37 V   1.00000 0.00000 ( 1)  0.052
  38 K   1.00000 0.00000 ( 1)  0.052
  39 E   1.00000 0.00000 ( 1)  0.052
  40 A   1.00000 0.00000 ( 1)  0.052
  41 L   0.00365 0.99635 ( 2)  0.997
  42 K   0.00003 0.99997 ( 2)  1.000
  43 R   1.00000 0.00000 ( 1)  0.052
  44 L   1.00000 0.00000 ( 1)  0.052
  45 P   1.00000 0.00000 ( 1)  0.052
  46 E   1.00000 0.00000 ( 1)  0.052
  47 H   0.11730 0.88270 ( 2)  0.889
  48 L   0.00000 1.00000 ( 2)  1.000
  49 Y   1.00000 0.00000 ( 1)  0.052
  50 N   1.00000 0.00000 ( 1)  0.052
  51 E   0.99796 0.00204 ( 1)  0.054
  52 R   1.00000 0.00000 ( 1)  0.052
  53 I   0.00000 1.00000 ( 2)  1.000
  54 F   1.00000 0.00000 ( 1)  0.052
  55 R   1.00000 0.00000 ( 1)  0.052
  56 I   1.00000 0.00000 ( 1)  0.052
  57 K   1.00000 0.00000 ( 1)  0.052
  58 R   1.00000 0.00000 ( 1)  0.052
  59 A   1.00000 0.00000 ( 1)  0.052
  60 L   1.00000 0.00000 ( 1)  0.052
  61 D   1.00000 0.00000 ( 1)  0.052
  62 L   0.99999 0.00001 ( 1)  0.052
  63 S   1.00000 0.00000 ( 1)  0.052
  64 L   0.46735 0.53265 ( 2)  0.557
  65 K   1.00000 0.00000 ( 1)  0.052
  66 H   1.00000 0.00000 ( 1)  0.052
  67 Q   0.99998 0.00002 ( 1)  0.052
  68 I   1.00000 0.00000 ( 1)  0.052
  69 L   1.00000 0.00000 ( 1)  0.052
  70 P   1.00000 0.00000 ( 1)  0.052
  71 K   1.00000 0.00000 ( 1)  0.052
  72 D   0.99855 0.00145 ( 1)  0.054
  73 Q   1.00000 0.00000 ( 1)  0.052
  74 W   0.99936 0.00064 ( 1)  0.053
  75 V   0.99995 0.00005 ( 1)  0.052
  76 K   1.00000 0.00000 ( 1)  0.052
  77 Y   0.99992 0.00008 ( 1)  0.052
  78 E   1.00000 0.00000 ( 1)  0.052
  79 E   1.00000 0.00000 ( 1)  0.052
  80 D   1.00000 0.00000 ( 1)  0.052
  81 H   0.00000 1.00000 ( 2)  1.000
  82 R   0.00000 1.00000 ( 2)  1.000
  83 Y   1.00000 0.00000 ( 1)  0.052
  84 L   1.00000 0.00000 ( 1)  0.052
  85 E   1.00000 0.00000 ( 1)  0.052
  86 P   1.00000 0.00000 ( 1)  0.052
  87 Y   1.00000 0.00000 ( 1)  0.052
  88 L   1.00000 0.00000 ( 1)  0.052
  89 K   1.00000 0.00000 ( 1)  0.052
  90 E   1.00000 0.00000 ( 1)  0.052
  91 V   1.00000 0.00000 ( 1)  0.052
  92 I   0.99967 0.00033 ( 1)  0.053
  93 R   1.00000 0.00000 ( 1)  0.052
  94 E   1.00000 0.00000 ( 1)  0.052
  95 R   1.00000 0.00000 ( 1)  0.052
  96 L   0.00000 1.00000 ( 2)  1.000
  97 E   1.00000 0.00000 ( 1)  0.052
  98 R   1.00000 0.00000 ( 1)  0.052
  99 E   1.00000 0.00000 ( 1)  0.052
 100 E   1.00000 0.00000 ( 1)  0.052
 101 W   0.99933 0.00067 ( 1)  0.053
 102 N   1.00000 0.00000 ( 1)  0.052
 103 R   0.66016 0.33984 ( 1)  0.374
 104 K   1.00000 0.00000 ( 1)  0.052
