   1 -   0.99951 0.00049 0.00000 ( 1)  0.050 +-  0.021
   2 -   0.00062 0.99924 0.00014 ( 2)  0.999 +-  0.024
   3 -   0.00674 0.99325 0.00001 ( 2)  0.994 +-  0.078
   4 -   0.00000 0.99691 0.00309 ( 2)  1.002 +-  0.028
   5 -   0.00000 0.99998 0.00002 ( 2)  1.000 +-  0.002
   6 -   0.00000 0.99744 0.00256 ( 2)  1.001 +-  0.025
   7 -   0.04119 0.95880 0.00001 ( 2)  0.961 +-  0.189
   8 -   1.00000 0.00000 0.00000 ( 1)  0.050 +-  0.000
   9 -   0.00053 0.99946 0.00000 ( 2)  0.999 +-  0.022
  10 -   0.99999 0.00001 0.00000 ( 1)  0.050 +-  0.003
  11 -   1.00000 0.00000 0.00000 ( 1)  0.050 +-  0.000
  12 -   0.00081 0.99907 0.00012 ( 2)  0.999 +-  0.028
  13 -   1.00000 0.00000 0.00000 ( 1)  0.050 +-  0.001
  14 -   1.00000 0.00000 0.00000 ( 1)  0.050 +-  0.000
  15 -   1.00000 0.00000 0.00000 ( 1)  0.050 +-  0.000
  16 -   1.00000 0.00000 0.00000 ( 1)  0.050 +-  0.000
  17 -   0.99999 0.00001 0.00000 ( 1)  0.050 +-  0.002
  18 -   1.00000 0.00000 0.00000 ( 1)  0.050 +-  0.001
  19 -   1.00000 0.00000 0.00000 ( 1)  0.050 +-  0.000
  20 -   0.00000 0.99094 0.00906 ( 2)  1.005 +-  0.047
  21 -   1.00000 0.00000 0.00000 ( 1)  0.050 +-  0.000
  22 -   0.99936 0.00064 0.00000 ( 1)  0.051 +-  0.024
  23 -   1.00000 0.00000 0.00000 ( 1)  0.050 +-  0.000
  24 -   1.00000 0.00000 0.00000 ( 1)  0.050 +-  0.000
  25 -   1.00000 0.00000 0.00000 ( 1)  0.050 +-  0.000
  26 -   0.00001 0.99987 0.00012 ( 2)  1.000 +-  0.006
  27 -   1.00000 0.00000 0.00000 ( 1)  0.050 +-  0.000
  28 -   1.00000 0.00000 0.00000 ( 1)  0.050 +-  0.000
  29 -   1.00000 0.00000 0.00000 ( 1)  0.050 +-  0.000
  30 -   0.99993 0.00007 0.00000 ( 1)  0.050 +-  0.008
  31 -   0.00002 0.99997 0.00001 ( 2)  1.000 +-  0.004
  32 -   1.00000 0.00000 0.00000 ( 1)  0.050 +-  0.000
  33 -   1.00000 0.00000 0.00000 ( 1)  0.050 +-  0.000
  34 -   1.00000 0.00000 0.00000 ( 1)  0.050 +-  0.001
  35 -   1.00000 0.00000 0.00000 ( 1)  0.050 +-  0.000
  36 -   1.00000 0.00000 0.00000 ( 1)  0.050 +-  0.000
  37 -   1.00000 0.00000 0.00000 ( 1)  0.050 +-  0.000
  38 -   1.00000 0.00000 0.00000 ( 1)  0.050 +-  0.000
  39 -   1.00000 0.00000 0.00000 ( 1)  0.050 +-  0.002
  40 -   1.00000 0.00000 0.00000 ( 1)  0.050 +-  0.000
  41 -   1.00000 0.00000 0.00000 ( 1)  0.050 +-  0.000
  42 -   0.00000 0.99993 0.00007 ( 2)  1.000 +-  0.004
  43 -   0.00654 0.99312 0.00033 ( 2)  0.994 +-  0.077
  44 -   1.00000 0.00000 0.00000 ( 1)  0.050 +-  0.000
  45 -   1.00000 0.00000 0.00000 ( 1)  0.050 +-  0.000
  46 -   1.00000 0.00000 0.00000 ( 1)  0.050 +-  0.000
  47 -   1.00000 0.00000 0.00000 ( 1)  0.050 +-  0.000
  48 -   1.00000 0.00000 0.00000 ( 1)  0.050 +-  0.000
  49 -   1.00000 0.00000 0.00000 ( 1)  0.050 +-  0.000
  50 -   0.00000 0.99535 0.00465 ( 2)  1.002 +-  0.034
  51 -   0.99986 0.00014 0.00000 ( 1)  0.050 +-  0.011
  52 -   1.00000 0.00000 0.00000 ( 1)  0.050 +-  0.000
  53 -   0.00000 0.85667 0.14333 ( 2)  1.074 +-  0.187
  54 -   0.00000 0.99988 0.00011 ( 2)  1.000 +-  0.005
  55 -   1.00000 0.00000 0.00000 ( 1)  0.050 +-  0.000
  56 -   1.00000 0.00000 0.00000 ( 1)  0.050 +-  0.000
  57 -   1.00000 0.00000 0.00000 ( 1)  0.050 +-  0.000
  58 -   0.00000 0.99995 0.00005 ( 2)  1.000 +-  0.003
  59 -   1.00000 0.00000 0.00000 ( 1)  0.050 +-  0.000
  60 -   0.00000 0.99934 0.00066 ( 2)  1.000 +-  0.013
  61 -   0.00000 0.95420 0.04580 ( 2)  1.023 +-  0.105
  62 -   1.00000 0.00000 0.00000 ( 1)  0.050 +-  0.001
  63 -   1.00000 0.00000 0.00000 ( 1)  0.050 +-  0.000
  64 -   1.00000 0.00000 0.00000 ( 1)  0.050 +-  0.002
  65 -   1.00000 0.00000 0.00000 ( 1)  0.050 +-  0.000
  66 -   0.99961 0.00039 0.00000 ( 1)  0.050 +-  0.019
  67 -   1.00000 0.00000 0.00000 ( 1)  0.050 +-  0.001
  68 -   1.00000 0.00000 0.00000 ( 1)  0.050 +-  0.001
  69 -   1.00000 0.00000 0.00000 ( 1)  0.050 +-  0.000
  70 -   0.00000 0.73788 0.26212 ( 2)  1.220 +-  0.442
  71 -   1.00000 0.00000 0.00000 ( 1)  0.050 +-  0.000
  72 -   1.00000 0.00000 0.00000 ( 1)  0.050 +-  0.000
  73 -   0.00000 0.99845 0.00155 ( 2)  1.001 +-  0.020
  74 -   1.00000 0.00000 0.00000 ( 1)  0.050 +-  0.001
  75 -   0.99371 0.00629 0.00000 ( 1)  0.056 +-  0.075
  76 -   1.00000 0.00000 0.00000 ( 1)  0.050 +-  0.000
  77 -   1.00000 0.00000 0.00000 ( 1)  0.050 +-  0.000
  78 -   1.00000 0.00000 0.00000 ( 1)  0.050 +-  0.000
  79 -   1.00000 0.00000 0.00000 ( 1)  0.050 +-  0.000
  80 -   0.00000 0.99784 0.00216 ( 2)  1.001 +-  0.023
  81 -   0.00536 0.99462 0.00001 ( 2)  0.995 +-  0.069
  82 -   1.00000 0.00000 0.00000 ( 1)  0.050 +-  0.000
  83 -   0.00000 1.00000 0.00000 ( 2)  1.000 +-  0.001
  84 -   0.00000 0.99944 0.00056 ( 2)  1.000 +-  0.012
  85 -   0.99687 0.00313 0.00000 ( 1)  0.053 +-  0.053
  86 -   1.00000 0.00000 0.00000 ( 1)  0.050 +-  0.000
  87 -   1.00000 0.00000 0.00000 ( 1)  0.050 +-  0.000
  88 -   1.00000 0.00000 0.00000 ( 1)  0.050 +-  0.000
  89 -   1.00000 0.00000 0.00000 ( 1)  0.050 +-  0.000
  90 -   0.99999 0.00001 0.00000 ( 1)  0.050 +-  0.003
  91 -   1.00000 0.00000 0.00000 ( 1)  0.050 +-  0.000
  92 -   1.00000 0.00000 0.00000 ( 1)  0.050 +-  0.000
  93 -   1.00000 0.00000 0.00000 ( 1)  0.050 +-  0.000
  94 -   1.00000 0.00000 0.00000 ( 1)  0.050 +-  0.000
  95 -   1.00000 0.00000 0.00000 ( 1)  0.050 +-  0.000
  96 -   1.00000 0.00000 0.00000 ( 1)  0.050 +-  0.000
  97 -   0.99959 0.00041 0.00000 ( 1)  0.050 +-  0.019
  98 -   0.99999 0.00001 0.00000 ( 1)  0.050 +-  0.003
  99 -   0.99983 0.00017 0.00000 ( 1)  0.050 +-  0.012
 100 -   1.00000 0.00000 0.00000 ( 1)  0.050 +-  0.000
 101 -   1.00000 0.00000 0.00000 ( 1)  0.050 +-  0.000
 102 -   1.00000 0.00000 0.00000 ( 1)  0.050 +-  0.000
 103 -   1.00000 0.00000 0.00000 ( 1)  0.050 +-  0.000
 104 -   1.00000 0.00000 0.00000 ( 1)  0.050 +-  0.000
 105 -   0.72658 0.27341 0.00001 ( 1)  0.310 +-  0.423
 106 -   1.00000 0.00000 0.00000 ( 1)  0.050 +-  0.000
 107 -   1.00000 0.00000 0.00000 ( 1)  0.050 +-  0.001
 108 -   1.00000 0.00000 0.00000 ( 1)  0.050 +-  0.000
 109 -   1.00000 0.00000 0.00000 ( 1)  0.050 +-  0.000
 110 -   1.00000 0.00000 0.00000 ( 1)  0.050 +-  0.000
 111 -   1.00000 0.00000 0.00000 ( 1)  0.050 +-  0.000
 112 -   1.00000 0.00000 0.00000 ( 1)  0.050 +-  0.000
 113 -   0.06983 0.92986 0.00031 ( 2)  0.934 +-  0.242
 114 -   1.00000 0.00000 0.00000 ( 1)  0.050 +-  0.000
 115 -   1.00000 0.00000 0.00000 ( 1)  0.050 +-  0.000
 116 -   1.00000 0.00000 0.00000 ( 1)  0.050 +-  0.000
 117 -   1.00000 0.00000 0.00000 ( 1)  0.050 +-  0.000
 118 -   1.00000 0.00000 0.00000 ( 1)  0.050 +-  0.000
 119 -   1.00000 0.00000 0.00000 ( 1)  0.050 +-  0.000
 120 -   0.00000 0.99999 0.00001 ( 2)  1.000 +-  0.002
 121 -   1.00000 0.00000 0.00000 ( 1)  0.050 +-  0.000
 122 -   1.00000 0.00000 0.00000 ( 1)  0.050 +-  0.000
 123 -   1.00000 0.00000 0.00000 ( 1)  0.050 +-  0.000
 124 -   0.99986 0.00014 0.00000 ( 1)  0.050 +-  0.011
 125 -   1.00000 0.00000 0.00000 ( 1)  0.050 +-  0.000
 126 -   1.00000 0.00000 0.00000 ( 1)  0.050 +-  0.000
 127 -   0.00000 0.99993 0.00007 ( 2)  1.000 +-  0.004
 128 -   1.00000 0.00000 0.00000 ( 1)  0.050 +-  0.000
 129 -   0.99999 0.00001 0.00000 ( 1)  0.050 +-  0.003
 130 -   1.00000 0.00000 0.00000 ( 1)  0.050 +-  0.000
 131 -   1.00000 0.00000 0.00000 ( 1)  0.050 +-  0.000
 132 -   1.00000 0.00000 0.00000 ( 1)  0.050 +-  0.000
 133 -   0.99762 0.00237 0.00000 ( 1)  0.052 +-  0.046
 134 -   1.00000 0.00000 0.00000 ( 1)  0.050 +-  0.000
 135 -   0.00000 0.99996 0.00004 ( 2)  1.000 +-  0.003
 136 -   1.00000 0.00000 0.00000 ( 1)  0.050 +-  0.000
 137 -   0.99739 0.00261 0.00000 ( 1)  0.052 +-  0.048
 138 -   0.00000 0.99999 0.00001 ( 2)  1.000 +-  0.002
 139 -   1.00000 0.00000 0.00000 ( 1)  0.050 +-  0.000
 140 -   1.00000 0.00000 0.00000 ( 1)  0.050 +-  0.000
 141 -   1.00000 0.00000 0.00000 ( 1)  0.050 +-  0.000
 142 -   1.00000 0.00000 0.00000 ( 1)  0.050 +-  0.000
 143 -   1.00000 0.00000 0.00000 ( 1)  0.050 +-  0.000
 144 -   0.00000 1.00000 0.00000 ( 2)  1.000 +-  0.001
 145 -   1.00000 0.00000 0.00000 ( 1)  0.050 +-  0.000
 146 -   1.00000 0.00000 0.00000 ( 1)  0.050 +-  0.000
 147 -   0.01945 0.98010 0.00044 ( 2)  0.982 +-  0.132
 148 -   1.00000 0.00000 0.00000 ( 1)  0.050 +-  0.000
 149 -   0.00333 0.99614 0.00053 ( 2)  0.997 +-  0.056
 150 -   1.00000 0.00000 0.00000 ( 1)  0.050 +-  0.002
 151 -   1.00000 0.00000 0.00000 ( 1)  0.050 +-  0.000
 152 -   0.00000 0.99993 0.00007 ( 2)  1.000 +-  0.004
 153 -   1.00000 0.00000 0.00000 ( 1)  0.050 +-  0.000
 154 -   0.00000 0.99997 0.00003 ( 2)  1.000 +-  0.003
 155 -   0.00000 0.99973 0.00027 ( 2)  1.000 +-  0.008
 156 -   0.06694 0.93215 0.00091 ( 2)  0.937 +-  0.238
 157 -   0.00000 0.99607 0.00393 ( 2)  1.002 +-  0.031
 158 -   0.00000 0.99974 0.00026 ( 2)  1.000 +-  0.008
 159 -   1.00000 0.00000 0.00000 ( 1)  0.050 +-  0.000
 160 -   0.75702 0.24298 0.00000 ( 1)  0.281 +-  0.407
 161 -   0.01810 0.98188 0.00002 ( 2)  0.983 +-  0.127
 162 -   1.00000 0.00000 0.00000 ( 1)  0.050 +-  0.000
 163 -   1.00000 0.00000 0.00000 ( 1)  0.050 +-  0.000
 164 -   1.00000 0.00000 0.00000 ( 1)  0.050 +-  0.000
 165 -   1.00000 0.00000 0.00000 ( 1)  0.050 +-  0.000
 166 -   1.00000 0.00000 0.00000 ( 1)  0.050 +-  0.000
 167 -   1.00000 0.00000 0.00000 ( 1)  0.050 +-  0.000
 168 -   1.00000 0.00000 0.00000 ( 1)  0.050 +-  0.000
 169 -   0.92781 0.07219 0.00000 ( 1)  0.119 +-  0.246
 170 -   1.00000 0.00000 0.00000 ( 1)  0.050 +-  0.001
 171 -   1.00000 0.00000 0.00000 ( 1)  0.050 +-  0.000
 172 -   1.00000 0.00000 0.00000 ( 1)  0.050 +-  0.000
 173 -   0.00000 0.99999 0.00001 ( 2)  1.000 +-  0.001
 174 -   0.99661 0.00339 0.00000 ( 1)  0.053 +-  0.055
 175 -   1.00000 0.00000 0.00000 ( 1)  0.050 +-  0.002
 176 -   0.00000 0.99826 0.00174 ( 2)  1.001 +-  0.021
 177 -   1.00000 0.00000 0.00000 ( 1)  0.050 +-  0.000
 178 -   1.00000 0.00000 0.00000 ( 1)  0.050 +-  0.000
 179 -   1.00000 0.00000 0.00000 ( 1)  0.050 +-  0.000
 180 -   1.00000 0.00000 0.00000 ( 1)  0.050 +-  0.000
 181 -   1.00000 0.00000 0.00000 ( 1)  0.050 +-  0.000
 182 -   1.00000 0.00000 0.00000 ( 1)  0.050 +-  0.000
 183 -   0.00026 0.99969 0.00005 ( 2)  1.000 +-  0.016
 184 -   1.00000 0.00000 0.00000 ( 1)  0.050 +-  0.001
 185 -   1.00000 0.00000 0.00000 ( 1)  0.050 +-  0.000
 186 -   0.99976 0.00024 0.00000 ( 1)  0.050 +-  0.015
 187 -   0.00000 0.99999 0.00001 ( 2)  1.000 +-  0.002
 188 -   0.00045 0.99522 0.00433 ( 2)  1.002 +-  0.039
 189 -   1.00000 0.00000 0.00000 ( 1)  0.050 +-  0.000
 190 -   1.00000 0.00000 0.00000 ( 1)  0.050 +-  0.000
 191 -   0.00000 0.99986 0.00014 ( 2)  1.000 +-  0.006
 192 -   1.00000 0.00000 0.00000 ( 1)  0.050 +-  0.000
 193 -   1.00000 0.00000 0.00000 ( 1)  0.050 +-  0.000
 194 -   0.00000 0.98993 0.01007 ( 2)  1.005 +-  0.050
 195 -   1.00000 0.00000 0.00000 ( 1)  0.050 +-  0.000
 196 -   1.00000 0.00000 0.00000 ( 1)  0.050 +-  0.000
 197 -   0.00000 0.99990 0.00010 ( 2)  1.000 +-  0.005
 198 -   1.00000 0.00000 0.00000 ( 1)  0.050 +-  0.000
 199 -   0.00000 0.99992 0.00008 ( 2)  1.000 +-  0.004
 200 -   0.98699 0.01301 0.00000 ( 1)  0.062 +-  0.108
 201 -   1.00000 0.00000 0.00000 ( 1)  0.050 +-  0.000
 202 -   1.00000 0.00000 0.00000 ( 1)  0.050 +-  0.000
 203 -   1.00000 0.00000 0.00000 ( 1)  0.050 +-  0.000
 204 -   1.00000 0.00000 0.00000 ( 1)  0.050 +-  0.000
 205 -   1.00000 0.00000 0.00000 ( 1)  0.050 +-  0.002
 206 -   1.00000 0.00000 0.00000 ( 1)  0.050 +-  0.000
 207 -   1.00000 0.00000 0.00000 ( 1)  0.050 +-  0.000
 208 -   0.99982 0.00018 0.00000 ( 1)  0.050 +-  0.013
 209 -   1.00000 0.00000 0.00000 ( 1)  0.050 +-  0.000
 210 -   1.00000 0.00000 0.00000 ( 1)  0.050 +-  0.000
 211 -   1.00000 0.00000 0.00000 ( 1)  0.050 +-  0.000
 212 -   1.00000 0.00000 0.00000 ( 1)  0.050 +-  0.000
 213 -   1.00000 0.00000 0.00000 ( 1)  0.050 +-  0.000
 214 I   0.93699 0.06301 0.00000 ( 1)  0.110 +-  0.231
 215 S   1.00000 0.00000 0.00000 ( 1)  0.050 +-  0.000
 216 H   1.00000 0.00000 0.00000 ( 1)  0.050 +-  0.000
 217 K   0.99809 0.00191 0.00000 ( 1)  0.052 +-  0.041
 218 E   1.00000 0.00000 0.00000 ( 1)  0.050 +-  0.000
 219 L   0.99982 0.00018 0.00000 ( 1)  0.050 +-  0.013
 220 V   1.00000 0.00000 0.00000 ( 1)  0.050 +-  0.000
 221 D   1.00000 0.00000 0.00000 ( 1)  0.050 +-  0.000
 222 V   0.00000 0.99953 0.00047 ( 2)  1.000 +-  0.011
 223 A   1.00000 0.00000 0.00000 ( 1)  0.050 +-  0.000
 224 K   0.00000 1.00000 0.00000 ( 2)  1.000 +-  0.001
 225 Q   1.00000 0.00000 0.00000 ( 1)  0.050 +-  0.000
 226 H   1.00000 0.00000 0.00000 ( 1)  0.050 +-  0.000
 227 F   1.00000 0.00000 0.00000 ( 1)  0.050 +-  0.000
 228 S   0.00000 1.00000 0.00000 ( 2)  1.000 +-  0.002
 229 G   1.00000 0.00000 0.00000 ( 1)  0.050 +-  0.000
 230 V   0.00000 0.98613 0.01387 ( 2)  1.007 +-  0.059
 231 P   0.00000 0.99999 0.00001 ( 2)  1.000 +-  0.002
 232 S   0.00000 0.99973 0.00027 ( 2)  1.000 +-  0.008
 233 A   0.00000 0.82366 0.17634 ( 2)  1.094 +-  0.215
 234 Y   0.00008 0.99988 0.00004 ( 2)  1.000 +-  0.009
 235 K   1.00000 0.00000 0.00000 ( 1)  0.050 +-  0.000
 236 E   0.00001 0.99995 0.00004 ( 2)  1.000 +-  0.004
 237 D   0.96567 0.03433 0.00000 ( 1)  0.083 +-  0.173
 238 A   0.00000 0.99951 0.00049 ( 2)  1.000 +-  0.011
 239 V   0.00002 0.99986 0.00012 ( 2)  1.000 +-  0.007
 240 P   1.00000 0.00000 0.00000 ( 1)  0.050 +-  0.000
 241 V   0.00000 0.00000 1.00000 ( 3)  2.281 +-  0.515
 242 V   0.00001 0.99987 0.00012 ( 2)  1.000 +-  0.006
 243 P   0.00000 0.98434 0.01566 ( 2)  1.008 +-  0.062
 244 L   0.00000 0.80824 0.19176 ( 2)  1.101 +-  0.218
 245 C   1.00000 0.00000 0.00000 ( 1)  0.050 +-  0.000
 246 R   1.00000 0.00000 0.00000 ( 1)  0.050 +-  0.000
 247 F   1.00000 0.00000 0.00000 ( 1)  0.050 +-  0.000
 248 T   1.00000 0.00000 0.00000 ( 1)  0.050 +-  0.000
 249 G   1.00000 0.00000 0.00000 ( 1)  0.050 +-  0.000
 250 S   1.00000 0.00000 0.00000 ( 1)  0.050 +-  0.000
 251 E   1.00000 0.00000 0.00000 ( 1)  0.050 +-  0.000
 252 I   1.00000 0.00000 0.00000 ( 1)  0.050 +-  0.000
 253 R   1.00000 0.00000 0.00000 ( 1)  0.050 +-  0.000
 254 A   1.00000 0.00000 0.00000 ( 1)  0.050 +-  0.000
 255 R   1.00000 0.00000 0.00000 ( 1)  0.050 +-  0.000
 256 D   1.00000 0.00000 0.00000 ( 1)  0.050 +-  0.000
 257 D   1.00000 0.00000 0.00000 ( 1)  0.050 +-  0.000
 258 A   0.00000 0.84811 0.15189 ( 2)  1.089 +-  0.237
 259 L   0.99985 0.00015 0.00000 ( 1)  0.050 +-  0.012
 260 P   1.00000 0.00000 0.00000 ( 1)  0.050 +-  0.000
 261 V   0.00000 0.99999 0.00001 ( 2)  1.000 +-  0.001
 262 A   1.00000 0.00000 0.00000 ( 1)  0.050 +-  0.000
 263 H   1.00000 0.00000 0.00000 ( 1)  0.050 +-  0.000
 264 I   0.99757 0.00243 0.00000 ( 1)  0.052 +-  0.047
 265 A   1.00000 0.00000 0.00000 ( 1)  0.050 +-  0.000
 266 L   1.00000 0.00000 0.00000 ( 1)  0.050 +-  0.001
 267 A   1.00000 0.00000 0.00000 ( 1)  0.050 +-  0.000
 268 V   1.00000 0.00000 0.00000 ( 1)  0.050 +-  0.000
 269 E   1.00000 0.00000 0.00000 ( 1)  0.050 +-  0.000
 270 G   1.00000 0.00000 0.00000 ( 1)  0.050 +-  0.000
 271 P   1.00000 0.00000 0.00000 ( 1)  0.050 +-  0.000
 272 G   1.00000 0.00000 0.00000 ( 1)  0.050 +-  0.000
 273 W   0.99990 0.00010 0.00000 ( 1)  0.050 +-  0.009
 274 A   0.99997 0.00003 0.00000 ( 1)  0.050 +-  0.005
 275 D   0.00000 0.99995 0.00005 ( 2)  1.000 +-  0.003
 276 P   1.00000 0.00000 0.00000 ( 1)  0.050 +-  0.000
 277 D   1.00000 0.00000 0.00000 ( 1)  0.050 +-  0.000
 278 N   1.00000 0.00000 0.00000 ( 1)  0.050 +-  0.000
 279 V   0.00000 0.99976 0.00024 ( 2)  1.000 +-  0.008
 280 V   1.00000 0.00000 0.00000 ( 1)  0.050 +-  0.000
 281 L   1.00000 0.00000 0.00000 ( 1)  0.050 +-  0.000
 282 N   0.99999 0.00001 0.00000 ( 1)  0.050 +-  0.003
 283 V   1.00000 0.00000 0.00000 ( 1)  0.050 +-  0.000
 284 A   1.00000 0.00000 0.00000 ( 1)  0.050 +-  0.000
 285 N   1.00000 0.00000 0.00000 ( 1)  0.050 +-  0.000
 286 A   1.00000 0.00000 0.00000 ( 1)  0.050 +-  0.001
 287 I   0.99185 0.00815 0.00000 ( 1)  0.058 +-  0.085
 288 I   0.00000 1.00000 0.00000 ( 2)  1.000 +-  0.000
 289 G   1.00000 0.00000 0.00000 ( 1)  0.050 +-  0.000
 290 R   0.99675 0.00325 0.00000 ( 1)  0.053 +-  0.054
 291 Y   1.00000 0.00000 0.00000 ( 1)  0.050 +-  0.000
 292 D   1.00000 0.00000 0.00000 ( 1)  0.050 +-  0.000
 293 R   1.00000 0.00000 0.00000 ( 1)  0.050 +-  0.000
 294 T   1.00000 0.00000 0.00000 ( 1)  0.050 +-  0.000
 295 F   1.00000 0.00000 0.00000 ( 1)  0.050 +-  0.000
 296 G   1.00000 0.00000 0.00000 ( 1)  0.050 +-  0.000
 297 G   1.00000 0.00000 0.00000 ( 1)  0.050 +-  0.000
 298 G   1.00000 0.00000 0.00000 ( 1)  0.050 +-  0.000
 299 K   1.00000 0.00000 0.00000 ( 1)  0.050 +-  0.000
 300 N   0.99407 0.00593 0.00000 ( 1)  0.056 +-  0.073
 301 Q   0.00001 0.99812 0.00187 ( 2)  1.001 +-  0.022
 302 S   1.00000 0.00000 0.00000 ( 1)  0.050 +-  0.000
 303 S   1.00000 0.00000 0.00000 ( 1)  0.050 +-  0.000
 304 R   1.00000 0.00000 0.00000 ( 1)  0.050 +-  0.000
 305 L   0.00000 0.93690 0.06310 ( 2)  1.039 +-  0.173
 306 A   1.00000 0.00000 0.00000 ( 1)  0.050 +-  0.000
 307 A   0.00000 0.99877 0.00123 ( 2)  1.001 +-  0.018
 308 L   1.00000 0.00000 0.00000 ( 1)  0.050 +-  0.000
 309 A   0.99959 0.00041 0.00000 ( 1)  0.050 +-  0.019
 310 V   0.00000 0.98043 0.01957 ( 2)  1.010 +-  0.069
 311 E   0.00000 0.99982 0.00018 ( 2)  1.000 +-  0.007
 312 H   1.00000 0.00000 0.00000 ( 1)  0.050 +-  0.000
 313 N   0.00010 0.99990 0.00000 ( 2)  1.000 +-  0.009
 314 L   1.00000 0.00000 0.00000 ( 1)  0.050 +-  0.000
 315 C   1.00000 0.00000 0.00000 ( 1)  0.050 +-  0.000
 316 H   1.00000 0.00000 0.00000 ( 1)  0.050 +-  0.000
 317 S   1.00000 0.00000 0.00000 ( 1)  0.050 +-  0.000
 318 F   1.00000 0.00000 0.00000 ( 1)  0.050 +-  0.000
 319 Q   0.99999 0.00001 0.00000 ( 1)  0.050 +-  0.002
 320 T   1.00000 0.00000 0.00000 ( 1)  0.050 +-  0.000
 321 F   1.00000 0.00000 0.00000 ( 1)  0.050 +-  0.000
 322 N   1.00000 0.00000 0.00000 ( 1)  0.050 +-  0.000
 323 T   1.00000 0.00000 0.00000 ( 1)  0.050 +-  0.001
 324 S   0.99994 0.00006 0.00000 ( 1)  0.050 +-  0.008
 325 Y   1.00000 0.00000 0.00000 ( 1)  0.050 +-  0.000
 326 S   1.00000 0.00000 0.00000 ( 1)  0.050 +-  0.000
 327 D   1.00000 0.00000 0.00000 ( 1)  0.050 +-  0.000
 328 T   1.00000 0.00000 0.00000 ( 1)  0.050 +-  0.000
 329 G   1.00000 0.00000 0.00000 ( 1)  0.050 +-  0.000
 330 L   1.00000 0.00000 0.00000 ( 1)  0.050 +-  0.000
 331 F   1.00000 0.00000 0.00000 ( 1)  0.050 +-  0.000
 332 G   1.00000 0.00000 0.00000 ( 1)  0.050 +-  0.000
 333 F   1.00000 0.00000 0.00000 ( 1)  0.050 +-  0.000
 334 H   1.00000 0.00000 0.00000 ( 1)  0.050 +-  0.000
 335 F   1.00000 0.00000 0.00000 ( 1)  0.050 +-  0.000
 336 V   0.99572 0.00428 0.00000 ( 1)  0.054 +-  0.062
 337 S   0.00000 0.99999 0.00000 ( 2)  1.000 +-  0.002
 338 D   1.00000 0.00000 0.00000 ( 1)  0.050 +-  0.000
 339 P   1.00000 0.00000 0.00000 ( 1)  0.050 +-  0.000
 340 L   0.99988 0.00012 0.00000 ( 1)  0.050 +-  0.011
 341 T   0.98709 0.01291 0.00000 ( 1)  0.062 +-  0.107
 342 I   0.00000 0.99998 0.00002 ( 2)  1.000 +-  0.002
 343 D   1.00000 0.00000 0.00000 ( 1)  0.050 +-  0.000
 344 D   1.00000 0.00000 0.00000 ( 1)  0.050 +-  0.000
 345 M   1.00000 0.00000 0.00000 ( 1)  0.050 +-  0.000
 346 M   0.00000 0.99997 0.00003 ( 2)  1.000 +-  0.003
 347 F   0.00000 0.99988 0.00012 ( 2)  1.000 +-  0.005
 348 C   1.00000 0.00000 0.00000 ( 1)  0.050 +-  0.000
 349 A   1.00000 0.00000 0.00000 ( 1)  0.050 +-  0.000
 350 Q   1.00000 0.00000 0.00000 ( 1)  0.050 +-  0.001
 351 G   0.01034 0.98966 0.00000 ( 2)  0.990 +-  0.096
 352 E   1.00000 0.00000 0.00000 ( 1)  0.050 +-  0.000
 353 W   1.00000 0.00000 0.00000 ( 1)  0.050 +-  0.000
 354 M   1.00000 0.00000 0.00000 ( 1)  0.050 +-  0.000
 355 R   1.00000 0.00000 0.00000 ( 1)  0.050 +-  0.000
 356 L   0.99062 0.00937 0.00001 ( 1)  0.059 +-  0.092
 357 C   1.00000 0.00000 0.00000 ( 1)  0.050 +-  0.000
 358 T   1.00000 0.00000 0.00000 ( 1)  0.050 +-  0.000
 359 S   1.00000 0.00000 0.00000 ( 1)  0.050 +-  0.000
 360 T   0.00000 0.99111 0.00889 ( 2)  1.004 +-  0.047
 361 T   1.00000 0.00000 0.00000 ( 1)  0.050 +-  0.000
 362 E   0.84025 0.15974 0.00000 ( 1)  0.202 +-  0.348
 363 S   1.00000 0.00000 0.00000 ( 1)  0.050 +-  0.000
 364 E   1.00000 0.00000 0.00000 ( 1)  0.050 +-  0.000
 365 V   1.00000 0.00000 0.00000 ( 1)  0.050 +-  0.000
 366 K   0.00000 0.99889 0.00111 ( 2)  1.001 +-  0.017
 367 R   1.00000 0.00000 0.00000 ( 1)  0.050 +-  0.000
 368 A   1.00000 0.00000 0.00000 ( 1)  0.050 +-  0.000
 369 K   1.00000 0.00000 0.00000 ( 1)  0.050 +-  0.000
 370 N   1.00000 0.00000 0.00000 ( 1)  0.050 +-  0.000
 371 Y   0.00001 0.99998 0.00001 ( 2)  1.000 +-  0.003
 372 L   1.00000 0.00000 0.00000 ( 1)  0.050 +-  0.000
 373 R   1.00000 0.00000 0.00000 ( 1)  0.050 +-  0.000
 374 N   0.96594 0.03406 0.00000 ( 1)  0.082 +-  0.172
 375 A   1.00000 0.00000 0.00000 ( 1)  0.050 +-  0.000
 376 M   1.00000 0.00000 0.00000 ( 1)  0.050 +-  0.000
 377 V   1.00000 0.00000 0.00000 ( 1)  0.050 +-  0.000
 378 A   1.00000 0.00000 0.00000 ( 1)  0.050 +-  0.000
 379 Q   1.00000 0.00000 0.00000 ( 1)  0.050 +-  0.000
 380 L   0.95153 0.04839 0.00007 ( 1)  0.096 +-  0.204
 381 D   1.00000 0.00000 0.00000 ( 1)  0.050 +-  0.000
 382 G   1.00000 0.00000 0.00000 ( 1)  0.050 +-  0.000
 383 T   1.00000 0.00000 0.00000 ( 1)  0.050 +-  0.000
 384 T   1.00000 0.00000 0.00000 ( 1)  0.050 +-  0.000
 385 R   0.96417 0.03583 0.00000 ( 1)  0.084 +-  0.177
 386 V   0.96424 0.03576 0.00000 ( 1)  0.084 +-  0.176
 387 C   1.00000 0.00000 0.00000 ( 1)  0.050 +-  0.000
 388 E   1.00000 0.00000 0.00000 ( 1)  0.050 +-  0.000
 389 N   0.99990 0.00010 0.00000 ( 1)  0.050 +-  0.010
 390 I   1.00000 0.00000 0.00000 ( 1)  0.050 +-  0.000
 391 G   0.99999 0.00001 0.00000 ( 1)  0.050 +-  0.002
 392 S   1.00000 0.00000 0.00000 ( 1)  0.050 +-  0.000
 393 H   1.00000 0.00000 0.00000 ( 1)  0.050 +-  0.000
 394 L   1.00000 0.00000 0.00000 ( 1)  0.050 +-  0.002
 395 L   1.00000 0.00000 0.00000 ( 1)  0.050 +-  0.000
 396 N   1.00000 0.00000 0.00000 ( 1)  0.050 +-  0.000
 397 Y   1.00000 0.00000 0.00000 ( 1)  0.050 +-  0.000
 398 G   1.00000 0.00000 0.00000 ( 1)  0.050 +-  0.000
 399 R   1.00000 0.00000 0.00000 ( 1)  0.050 +-  0.000
 400 R   1.00000 0.00000 0.00000 ( 1)  0.050 +-  0.001
 401 I   1.00000 0.00000 0.00000 ( 1)  0.050 +-  0.000
 402 P   1.00000 0.00000 0.00000 ( 1)  0.050 +-  0.000
 403 L   0.99633 0.00366 0.00000 ( 1)  0.053 +-  0.057
 404 E   1.00000 0.00000 0.00000 ( 1)  0.050 +-  0.000
 405 E   1.00000 0.00000 0.00000 ( 1)  0.050 +-  0.000
 406 W   0.99999 0.00001 0.00000 ( 1)  0.050 +-  0.002
 407 D   1.00000 0.00000 0.00000 ( 1)  0.050 +-  0.001
 408 A   0.99991 0.00009 0.00000 ( 1)  0.050 +-  0.009
 409 R   1.00000 0.00000 0.00000 ( 1)  0.050 +-  0.000
 410 I   1.00000 0.00000 0.00000 ( 1)  0.050 +-  0.000
 411 S   0.05623 0.94377 0.00000 ( 2)  0.947 +-  0.219
 412 A   1.00000 0.00000 0.00000 ( 1)  0.050 +-  0.000
 413 V   1.00000 0.00000 0.00000 ( 1)  0.050 +-  0.000
 414 D   1.00000 0.00000 0.00000 ( 1)  0.050 +-  0.000
 415 A   0.79316 0.20684 0.00000 ( 1)  0.247 +-  0.385
 416 R   0.00000 1.00000 0.00000 ( 2)  1.000 +-  0.001
 417 M   1.00000 0.00000 0.00000 ( 1)  0.050 +-  0.000
 418 V   1.00000 0.00000 0.00000 ( 1)  0.050 +-  0.000
 419 R   1.00000 0.00000 0.00000 ( 1)  0.050 +-  0.000
 420 E   0.00000 0.99995 0.00005 ( 2)  1.000 +-  0.004
 421 V   1.00000 0.00000 0.00000 ( 1)  0.050 +-  0.000
 422 C   1.00000 0.00000 0.00000 ( 1)  0.050 +-  0.000
 423 S   1.00000 0.00000 0.00000 ( 1)  0.050 +-  0.000
 424 K   1.00000 0.00000 0.00000 ( 1)  0.050 +-  0.000
 425 Y   1.00000 0.00000 0.00000 ( 1)  0.050 +-  0.000
 426 I   0.02208 0.97792 0.00000 ( 2)  0.979 +-  0.140
 427 Y   1.00000 0.00000 0.00000 ( 1)  0.050 +-  0.000
 428 D   1.00000 0.00000 0.00000 ( 1)  0.050 +-  0.000
 429 K   1.00000 0.00000 0.00000 ( 1)  0.050 +-  0.000
 430 C   1.00000 0.00000 0.00000 ( 1)  0.050 +-  0.000
 431 P   1.00000 0.00000 0.00000 ( 1)  0.050 +-  0.000
 432 A   1.00000 0.00000 0.00000 ( 1)  0.050 +-  0.000
 433 I   0.00000 0.97877 0.02123 ( 2)  1.011 +-  0.072
 434 A   1.00000 0.00000 0.00000 ( 1)  0.050 +-  0.000
 435 A   1.00000 0.00000 0.00000 ( 1)  0.050 +-  0.000
 436 V   1.00000 0.00000 0.00000 ( 1)  0.050 +-  0.000
 437 G   1.00000 0.00000 0.00000 ( 1)  0.050 +-  0.000
 438 P   1.00000 0.00000 0.00000 ( 1)  0.050 +-  0.000
 439 I   1.00000 0.00000 0.00000 ( 1)  0.050 +-  0.000
 440 E   1.00000 0.00000 0.00000 ( 1)  0.050 +-  0.000
 441 Q   1.00000 0.00000 0.00000 ( 1)  0.050 +-  0.000
 442 L   1.00000 0.00000 0.00000 ( 1)  0.050 +-  0.000
 443 L   0.00019 0.99923 0.00057 ( 2)  1.000 +-  0.018
 444 D   1.00000 0.00000 0.00000 ( 1)  0.050 +-  0.000
 445 Y   1.00000 0.00000 0.00000 ( 1)  0.050 +-  0.000
 446 N   1.00000 0.00000 0.00000 ( 1)  0.050 +-  0.000
 447 R   1.00000 0.00000 0.00000 ( 1)  0.050 +-  0.000
 448 L   0.00104 0.99895 0.00001 ( 2)  0.999 +-  0.031
 449 R   1.00000 0.00000 0.00000 ( 1)  0.050 +-  0.000
 450 S   1.00000 0.00000 0.00000 ( 1)  0.050 +-  0.000
 451 A   0.00000 0.54633 0.45367 ( 2)  1.451 +-  0.598
 452 M   1.00000 0.00000 0.00000 ( 1)  0.050 +-  0.000
 453 F   0.98501 0.01499 0.00000 ( 1)  0.064 +-  0.115
 454 W   1.00000 0.00000 0.00000 ( 1)  0.050 +-  0.001
 455 V   0.00000 0.97020 0.02980 ( 2)  1.015 +-  0.085
 456 R   1.00000 0.00000 0.00000 ( 1)  0.050 +-  0.000
 457 L   0.00005 0.99991 0.00005 ( 2)  1.000 +-  0.007
