   1 D   1.00000 0.00000 0.00000 ( 1)  0.050 +-  0.000
   2 P   1.00000 0.00000 0.00000 ( 1)  0.050 +-  0.000
   3 L   1.00000 0.00000 0.00000 ( 1)  0.050 +-  0.000
   4 T   1.00000 0.00000 0.00000 ( 1)  0.050 +-  0.000
   5 T   1.00000 0.00000 0.00000 ( 1)  0.050 +-  0.000
   6 V   0.00000 1.00000 0.00000 ( 2)  1.000 +-  0.000
   7 R   1.00000 0.00000 0.00000 ( 1)  0.050 +-  0.000
   8 E   1.00000 0.00000 0.00000 ( 1)  0.050 +-  0.000
   9 H   0.00000 1.00000 0.00000 ( 2)  1.000 +-  0.000
  10 C   1.00000 0.00000 0.00000 ( 1)  0.050 +-  0.000
  11 E   1.00000 0.00000 0.00000 ( 1)  0.050 +-  0.000
  12 Q   1.00000 0.00000 0.00000 ( 1)  0.050 +-  0.000
  13 M   0.24462 0.75538 0.00000 ( 2)  0.768 +-  0.408
  14 E   1.00000 0.00000 0.00000 ( 1)  0.050 +-  0.000
  15 K   0.99942 0.00058 0.00000 ( 1)  0.051 +-  0.023
  16 C   1.00000 0.00000 0.00000 ( 1)  0.050 +-  0.000
  17 V   0.00000 1.00000 0.00000 ( 2)  1.000 +-  0.000
  18 K   1.00000 0.00000 0.00000 ( 1)  0.050 +-  0.000
  19 A   1.00000 0.00000 0.00000 ( 1)  0.050 +-  0.000
  20 R   1.00000 0.00000 0.00000 ( 1)  0.050 +-  0.000
  21 E   1.00000 0.00000 0.00000 ( 1)  0.050 +-  0.000
  22 R   0.99995 0.00005 0.00000 ( 1)  0.050 +-  0.006
  23 L   1.00000 0.00000 0.00000 ( 1)  0.050 +-  0.000
  24 E   1.00000 0.00000 0.00000 ( 1)  0.050 +-  0.000
  25 V   0.00000 1.00000 0.00000 ( 2)  1.000 +-  0.002
  26 C   1.00000 0.00000 0.00000 ( 1)  0.050 +-  0.000
  27 N   1.00000 0.00000 0.00000 ( 1)  0.050 +-  0.000
  28 A   1.00000 0.00000 0.00000 ( 1)  0.050 +-  0.000
  29 R   1.00000 0.00000 0.00000 ( 1)  0.050 +-  0.000
  30 V   1.00000 0.00000 0.00000 ( 1)  0.050 +-  0.000
  31 A   1.00000 0.00000 0.00000 ( 1)  0.050 +-  0.000
  32 S   1.00000 0.00000 0.00000 ( 1)  0.050 +-  0.000
  33 R   1.00000 0.00000 0.00000 ( 1)  0.050 +-  0.000
  34 S   1.00000 0.00000 0.00000 ( 1)  0.050 +-  0.000
  35 Q   0.00000 1.00000 0.00000 ( 2)  1.000 +-  0.000
  36 T   1.00000 0.00000 0.00000 ( 1)  0.050 +-  0.000
  37 E   1.00000 0.00000 0.00000 ( 1)  0.050 +-  0.000
  38 E   1.00000 0.00000 0.00000 ( 1)  0.050 +-  0.000
  39 Q   1.00000 0.00000 0.00000 ( 1)  0.050 +-  0.000
  40 C   1.00000 0.00000 0.00000 ( 1)  0.050 +-  0.000
  41 T   1.00000 0.00000 0.00000 ( 1)  0.050 +-  0.000
  42 E   1.00000 0.00000 0.00000 ( 1)  0.050 +-  0.000
  43 E   1.00000 0.00000 0.00000 ( 1)  0.050 +-  0.000
  44 L   1.00000 0.00000 0.00000 ( 1)  0.050 +-  0.000
  45 F   1.00000 0.00000 0.00000 ( 1)  0.050 +-  0.000
  46 D   1.00000 0.00000 0.00000 ( 1)  0.050 +-  0.000
  47 F   1.00000 0.00000 0.00000 ( 1)  0.050 +-  0.000
  48 L   1.00000 0.00000 0.00000 ( 1)  0.050 +-  0.000
  49 H   1.00000 0.00000 0.00000 ( 1)  0.050 +-  0.000
  50 A   1.00000 0.00000 0.00000 ( 1)  0.050 +-  0.000
  51 R   1.00000 0.00000 0.00000 ( 1)  0.050 +-  0.000
  52 D   1.00000 0.00000 0.00000 ( 1)  0.050 +-  0.000
  53 H   1.00000 0.00000 0.00000 ( 1)  0.050 +-  0.000
  54 C   1.00000 0.00000 0.00000 ( 1)  0.050 +-  0.002
  55 V   1.00000 0.00000 0.00000 ( 1)  0.050 +-  0.000
  56 A   0.00000 0.00000 1.00000 ( 3)  2.521 +-  0.142
  57 H   0.00000 0.00000 1.00000 ( 3)  2.521 +-  0.142
  58 N   0.00000 0.00000 1.00000 ( 3)  2.521 +-  0.142
  59 L   0.00000 0.01789 0.98211 ( 3)  2.477 +-  0.209
  60 F   0.00000 0.00001 0.99999 ( 3)  2.521 +-  0.142
  61 K   0.00000 0.00000 1.00000 ( 3)  2.521 +-  0.142
  62 N   0.00000 0.00000 1.00000 ( 3)  2.521 +-  0.142
