# Extracted from atp6.rst: NEB section

Naive Empirical Bayes (NEB) probabilities for 2 classes & postmean_w
(amino acids refer to 1st sequence: Acchl)

   1 M   1.00000 0.00000 ( 1)  0.038
   2 I   1.00000 0.00000 ( 1)  0.038
   3 L   1.00000 0.00000 ( 1)  0.038
   4 S   1.00000 0.00000 ( 1)  0.038
   5 F   1.00000 0.00000 ( 1)  0.038
   6 F   1.00000 0.00000 ( 1)  0.038
   7 D   1.00000 0.00000 ( 1)  0.038
   8 Q   1.00000 0.00000 ( 1)  0.038
   9 F   1.00000 0.00000 ( 1)  0.038
  10 A   1.00000 0.00000 ( 1)  0.038
  11 S   1.00000 0.00000 ( 1)  0.038
  12 P   1.00000 0.00000 ( 1)  0.038
  13 S   1.00000 0.00000 ( 1)  0.038
  14 L   1.00000 0.00000 ( 1)  0.038
  15 L   1.00000 0.00000 ( 1)  0.038
  16 G   1.00000 0.00000 ( 1)  0.038
  17 I   1.00000 0.00000 ( 1)  0.038
  18 P   1.00000 0.00000 ( 1)  0.038
  19 L   1.00000 0.00000 ( 1)  0.038
  20 V   1.00000 0.00000 ( 1)  0.038
  21 F   1.00000 0.00000 ( 1)  0.038
  22 L   1.00000 0.00000 ( 1)  0.038
  23 A   1.00000 0.00000 ( 1)  0.038
  24 T   1.00000 0.00000 ( 1)  0.038
  25 L   0.00000 1.00000 ( 2)  1.000
  26 F   1.00000 0.00000 ( 1)  0.038
  27 P   1.00000 0.00000 ( 1)  0.038
  28 A   1.00000 0.00000 ( 1)  0.038
  29 L   1.00000 0.00000 ( 1)  0.038
  30 L   1.00000 0.00000 ( 1)  0.038
  31 L   0.00000 1.00000 ( 2)  1.000
  32 P   1.00000 0.00000 ( 1)  0.038
  33 T   1.00000 0.00000 ( 1)  0.038
  34 P   1.00000 0.00000 ( 1)  0.038
  35 D   0.00000 1.00000 ( 2)  1.000
  36 N   1.00000 0.00000 ( 1)  0.038
  37 R   1.00000 0.00000 ( 1)  0.038
  38 W   1.00000 0.00000 ( 1)  0.038
  39 V   0.99999 0.00001 ( 1)  0.038
  40 S   1.00000 0.00000 ( 1)  0.038
  41 N   1.00000 0.00000 ( 1)  0.038
  42 R   1.00000 0.00000 ( 1)  0.038
  43 F   1.00000 0.00000 ( 1)  0.038
  44 S   1.00000 0.00000 ( 1)  0.038
  45 T   1.00000 0.00000 ( 1)  0.038
  46 L   1.00000 0.00000 ( 1)  0.038
  47 Q   1.00000 0.00000 ( 1)  0.038
  48 S   0.95163 0.04837 ( 1)  0.085
  49 W   1.00000 0.00000 ( 1)  0.038
  50 L   0.00000 1.00000 ( 2)  1.000
  51 L   0.00000 1.00000 ( 2)  1.000
  52 L   1.00000 0.00000 ( 1)  0.038
  53 S   0.99989 0.00011 ( 1)  0.038
  54 V   1.00000 0.00000 ( 1)  0.038
  55 T   1.00000 0.00000 ( 1)  0.038
  56 K   1.00000 0.00000 ( 1)  0.038
  57 Q   1.00000 0.00000 ( 1)  0.038
  58 L   1.00000 0.00000 ( 1)  0.038
  59 M   1.00000 0.00000 ( 1)  0.038
  60 I   0.00000 1.00000 ( 2)  1.000
  61 P   1.00000 0.00000 ( 1)  0.038
  62 L   1.00000 0.00000 ( 1)  0.038
  63 D   1.00000 0.00000 ( 1)  0.038
  64 K   1.00000 0.00000 ( 1)  0.038
  65 K   1.00000 0.00000 ( 1)  0.038
  66 G   1.00000 0.00000 ( 1)  0.038
  67 H   1.00000 0.00000 ( 1)  0.038
  68 K   1.00000 0.00000 ( 1)  0.038
  69 W   1.00000 0.00000 ( 1)  0.038
  70 A   1.00000 0.00000 ( 1)  0.038
  71 L   1.00000 0.00000 ( 1)  0.038
  72 I   1.00000 0.00000 ( 1)  0.038
  73 L   1.00000 0.00000 ( 1)  0.038
  74 M   1.00000 0.00000 ( 1)  0.038
  75 S   1.00000 0.00000 ( 1)  0.038
  76 L   1.00000 0.00000 ( 1)  0.038
  77 L   1.00000 0.00000 ( 1)  0.038
  78 T   0.00000 1.00000 ( 2)  1.000
  79 L   1.00000 0.00000 ( 1)  0.038
  80 L   1.00000 0.00000 ( 1)  0.038
  81 L   1.00000 0.00000 ( 1)  0.038
  82 T   0.00000 1.00000 ( 2)  1.000
  83 I   1.00000 0.00000 ( 1)  0.038
  84 N   1.00000 0.00000 ( 1)  0.038
  85 L   1.00000 0.00000 ( 1)  0.038
  86 L   1.00000 0.00000 ( 1)  0.038
  87 G   1.00000 0.00000 ( 1)  0.038
  88 L   1.00000 0.00000 ( 1)  0.038
  89 L   1.00000 0.00000 ( 1)  0.038
  90 P   1.00000 0.00000 ( 1)  0.038
  91 Y   1.00000 0.00000 ( 1)  0.038
  92 T   1.00000 0.00000 ( 1)  0.038
  93 F   1.00000 0.00000 ( 1)  0.038
  94 T   1.00000 0.00000 ( 1)  0.038
  95 P   1.00000 0.00000 ( 1)  0.038
  96 T   1.00000 0.00000 ( 1)  0.038
  97 T   1.00000 0.00000 ( 1)  0.038
  98 Q   1.00000 0.00000 ( 1)  0.038
  99 L   1.00000 0.00000 ( 1)  0.038
 100 S   1.00000 0.00000 ( 1)  0.038
 101 M   1.00000 0.00000 ( 1)  0.038
 102 N   1.00000 0.00000 ( 1)  0.038
 103 M   1.00000 0.00000 ( 1)  0.038
 104 A   1.00000 0.00000 ( 1)  0.038
 105 L   1.00000 0.00000 ( 1)  0.038
 106 A   1.00000 0.00000 ( 1)  0.038
 107 F   1.00000 0.00000 ( 1)  0.038
 108 P   1.00000 0.00000 ( 1)  0.038
 109 L   1.00000 0.00000 ( 1)  0.038
 110 W   1.00000 0.00000 ( 1)  0.038
 111 L   1.00000 0.00000 ( 1)  0.038
 112 A   1.00000 0.00000 ( 1)  0.038
 113 T   1.00000 0.00000 ( 1)  0.038
 114 L   1.00000 0.00000 ( 1)  0.038
 115 L   1.00000 0.00000 ( 1)  0.038
 116 T   1.00000 0.00000 ( 1)  0.038
 117 G   1.00000 0.00000 ( 1)  0.038
 118 L   1.00000 0.00000 ( 1)  0.038
 119 R   1.00000 0.00000 ( 1)  0.038
 120 N   1.00000 0.00000 ( 1)  0.038
 121 Q   1.00000 0.00000 ( 1)  0.038
 122 P   1.00000 0.00000 ( 1)  0.038
 123 S   1.00000 0.00000 ( 1)  0.038
 124 A   0.00000 1.00000 ( 2)  1.000
 125 S   1.00000 0.00000 ( 1)  0.038
 126 L   1.00000 0.00000 ( 1)  0.038
 127 A   1.00000 0.00000 ( 1)  0.038
 128 H   1.00000 0.00000 ( 1)  0.038
 129 L   1.00000 0.00000 ( 1)  0.038
 130 L   1.00000 0.00000 ( 1)  0.038
 131 P   1.00000 0.00000 ( 1)  0.038
 132 E   1.00000 0.00000 ( 1)  0.038
 133 G   1.00000 0.00000 ( 1)  0.038
 134 T   1.00000 0.00000 ( 1)  0.038
 135 P   1.00000 0.00000 ( 1)  0.038
 136 T   1.00000 0.00000 ( 1)  0.038
 137 P   1.00000 0.00000 ( 1)  0.038
 138 L   1.00000 0.00000 ( 1)  0.038
 139 I   1.00000 0.00000 ( 1)  0.038
 140 P   1.00000 0.00000 ( 1)  0.038
 141 A   1.00000 0.00000 ( 1)  0.038
 142 L   1.00000 0.00000 ( 1)  0.038
 143 I   1.00000 0.00000 ( 1)  0.038
 144 L   0.00001 0.99999 ( 2)  1.000
 145 I   1.00000 0.00000 ( 1)  0.038
 146 E   1.00000 0.00000 ( 1)  0.038
 147 T   1.00000 0.00000 ( 1)  0.038
 148 T   1.00000 0.00000 ( 1)  0.038
 149 S   1.00000 0.00000 ( 1)  0.038
 150 L   1.00000 0.00000 ( 1)  0.038
 151 L   1.00000 0.00000 ( 1)  0.038
 152 I   1.00000 0.00000 ( 1)  0.038
 153 R   1.00000 0.00000 ( 1)  0.038
 154 P   1.00000 0.00000 ( 1)  0.038
 155 L   1.00000 0.00000 ( 1)  0.038
 156 A   1.00000 0.00000 ( 1)  0.038
 157 L   1.00000 0.00000 ( 1)  0.038
 158 G   1.00000 0.00000 ( 1)  0.038
 159 V   1.00000 0.00000 ( 1)  0.038
 160 R   1.00000 0.00000 ( 1)  0.038
 161 L   1.00000 0.00000 ( 1)  0.038
 162 T   1.00000 0.00000 ( 1)  0.038
 163 A   1.00000 0.00000 ( 1)  0.038
 164 N   1.00000 0.00000 ( 1)  0.038
 165 L   1.00000 0.00000 ( 1)  0.038
 166 T   1.00000 0.00000 ( 1)  0.038
 167 A   1.00000 0.00000 ( 1)  0.038
 168 G   1.00000 0.00000 ( 1)  0.038
 169 H   1.00000 0.00000 ( 1)  0.038
 170 L   1.00000 0.00000 ( 1)  0.038
 171 L   1.00000 0.00000 ( 1)  0.038
 172 I   1.00000 0.00000 ( 1)  0.038
 173 Q   1.00000 0.00000 ( 1)  0.038
 174 L   1.00000 0.00000 ( 1)  0.038
 175 I   1.00000 0.00000 ( 1)  0.038
 176 S   1.00000 0.00000 ( 1)  0.038
 177 T   1.00000 0.00000 ( 1)  0.038
 178 A   1.00000 0.00000 ( 1)  0.038
 179 T   1.00000 0.00000 ( 1)  0.038
 180 T   0.00000 1.00000 ( 2)  1.000
 181 V   0.00000 1.00000 ( 2)  1.000
 182 L   1.00000 0.00000 ( 1)  0.038
 183 S   1.00000 0.00000 ( 1)  0.038
 184 F   1.00000 0.00000 ( 1)  0.038
 185 T   1.00000 0.00000 ( 1)  0.038
 186 M   1.00000 0.00000 ( 1)  0.038
 187 P   1.00000 0.00000 ( 1)  0.038
 188 A   0.00000 1.00000 ( 2)  1.000
 189 V   1.00000 0.00000 ( 1)  0.038
 190 S   1.00000 0.00000 ( 1)  0.038
 191 L   0.00000 1.00000 ( 2)  1.000
 192 L   1.00000 0.00000 ( 1)  0.038
 193 T   1.00000 0.00000 ( 1)  0.038
 194 L   0.00000 1.00000 ( 2)  1.000
 195 T   0.00000 1.00000 ( 2)  1.000
 196 V   1.00000 0.00000 ( 1)  0.038
 197 L   1.00000 0.00000 ( 1)  0.038
 198 L   1.00000 0.00000 ( 1)  0.038
 199 L   1.00000 0.00000 ( 1)  0.038
 200 L   1.00000 0.00000 ( 1)  0.038
 201 T   1.00000 0.00000 ( 1)  0.038
 202 I   1.00000 0.00000 ( 1)  0.038
 203 L   1.00000 0.00000 ( 1)  0.038
 204 E   1.00000 0.00000 ( 1)  0.038
 205 V   1.00000 0.00000 ( 1)  0.038
 206 A   1.00000 0.00000 ( 1)  0.038
 207 V   1.00000 0.00000 ( 1)  0.038
 208 A   1.00000 0.00000 ( 1)  0.038
 209 L   1.00000 0.00000 ( 1)  0.038
 210 I   1.00000 0.00000 ( 1)  0.038
 211 Q   1.00000 0.00000 ( 1)  0.038
 212 A   1.00000 0.00000 ( 1)  0.038
 213 Y   1.00000 0.00000 ( 1)  0.038
 214 V   1.00000 0.00000 ( 1)  0.038
 215 F   1.00000 0.00000 ( 1)  0.038
 216 V   1.00000 0.00000 ( 1)  0.038
 217 L   1.00000 0.00000 ( 1)  0.038
 218 L   1.00000 0.00000 ( 1)  0.038
 219 L   1.00000 0.00000 ( 1)  0.038
 220 S   1.00000 0.00000 ( 1)  0.038
 221 L   1.00000 0.00000 ( 1)  0.038
 222 Y   1.00000 0.00000 ( 1)  0.038
 223 L   1.00000 0.00000 ( 1)  0.038
 224 Q   1.00000 0.00000 ( 1)  0.038
 225 E   1.00000 0.00000 ( 1)  0.038
 226 N   1.00000 0.00000 ( 1)  0.038
 227 I   1.00000 0.00000 ( 1)  0.038
