# Extracted from atp8.rst: NEB section

Naive Empirical Bayes (NEB) probabilities for 2 classes & postmean_w
(amino acids refer to 1st sequence: Acchl)

   1 M   1.00000 0.00000 ( 1)  0.105
   2 P   1.00000 0.00000 ( 1)  0.105
   3 Q   1.00000 0.00000 ( 1)  0.105
   4 L   1.00000 0.00000 ( 1)  0.105
   5 N   1.00000 0.00000 ( 1)  0.105
   6 P   1.00000 0.00000 ( 1)  0.105
   7 N   0.00000 1.00000 ( 2)  1.000
   8 P   1.00000 0.00000 ( 1)  0.105
   9 W   0.96707 0.03293 ( 1)  0.135
  10 F   1.00000 0.00000 ( 1)  0.105
  11 F   0.00000 1.00000 ( 2)  1.000
  12 I   1.00000 0.00000 ( 1)  0.105
  13 M   1.00000 0.00000 ( 1)  0.105
  14 L   0.00000 1.00000 ( 2)  1.000
  15 I   0.00000 1.00000 ( 2)  1.000
  16 S   1.00000 0.00000 ( 1)  0.105
  17 W   0.25628 0.74372 ( 2)  0.771
  18 L   0.00000 1.00000 ( 2)  1.000
  19 T   1.00000 0.00000 ( 1)  0.105
  20 F   1.00000 0.00000 ( 1)  0.105
  21 S   1.00000 0.00000 ( 1)  0.105
  22 L   0.00005 0.99995 ( 2)  1.000
  23 F   1.00000 0.00000 ( 1)  0.105
  24 I   1.00000 0.00000 ( 1)  0.105
  25 Q   1.00000 0.00000 ( 1)  0.105
  26 P   1.00000 0.00000 ( 1)  0.105
  27 K   1.00000 0.00000 ( 1)  0.105
  28 L   1.00000 0.00000 ( 1)  0.105
  29 L   1.00000 0.00000 ( 1)  0.105
  30 S   0.00000 1.00000 ( 2)  1.000
  31 F   1.00000 0.00000 ( 1)  0.105
  32 I   0.00000 1.00000 ( 2)  1.000
  33 S   0.00000 1.00000 ( 2)  1.000
  34 H   0.00000 1.00000 ( 2)  1.000
  35 N   1.00000 0.00000 ( 1)  0.105
  36 P   0.00000 1.00000 ( 2)  1.000
  37 W   0.95696 0.04304 ( 1)  0.144
  38 P   0.00000 1.00000 ( 2)  1.000
  39 W   0.95696 0.04304 ( 1)  0.144
  40 P   1.00000 0.00000 ( 1)  0.105
  41 W   0.95696 0.04304 ( 1)  0.144
  42 S   1.00000 0.00000 ( 1)  0.105
