# Extracted from cox2.rst: NEB section

Naive Empirical Bayes (NEB) probabilities for 2 classes & postmean_w
(amino acids refer to 1st sequence: Acchl)

   1 M   1.00000 0.00000 ( 1)  0.032
   2 A   1.00000 0.00000 ( 1)  0.032
   3 N   1.00000 0.00000 ( 1)  0.032
   4 H   1.00000 0.00000 ( 1)  0.032
   5 S   1.00000 0.00000 ( 1)  0.032
   6 Q   1.00000 0.00000 ( 1)  0.032
   7 F   1.00000 0.00000 ( 1)  0.032
   8 G   1.00000 0.00000 ( 1)  0.032
   9 F   1.00000 0.00000 ( 1)  0.032
  10 Q   1.00000 0.00000 ( 1)  0.032
  11 D   1.00000 0.00000 ( 1)  0.032
  12 A   1.00000 0.00000 ( 1)  0.032
  13 S   1.00000 0.00000 ( 1)  0.032
  14 S   1.00000 0.00000 ( 1)  0.032
  15 P   1.00000 0.00000 ( 1)  0.032
  16 I   1.00000 0.00000 ( 1)  0.032
  17 M   1.00000 0.00000 ( 1)  0.032
  18 E   1.00000 0.00000 ( 1)  0.032
  19 E   1.00000 0.00000 ( 1)  0.032
  20 L   1.00000 0.00000 ( 1)  0.032
  21 V   1.00000 0.00000 ( 1)  0.032
  22 E   1.00000 0.00000 ( 1)  0.032
  23 F   1.00000 0.00000 ( 1)  0.032
  24 H   1.00000 0.00000 ( 1)  0.032
  25 D   1.00000 0.00000 ( 1)  0.032
  26 H   1.00000 0.00000 ( 1)  0.032
  27 A   1.00000 0.00000 ( 1)  0.032
  28 L   1.00000 0.00000 ( 1)  0.032
  29 M   1.00000 0.00000 ( 1)  0.032
  30 V   1.00000 0.00000 ( 1)  0.032
  31 A   1.00000 0.00000 ( 1)  0.032
  32 L   1.00000 0.00000 ( 1)  0.032
  33 A   1.00000 0.00000 ( 1)  0.032
  34 I   1.00000 0.00000 ( 1)  0.032
  35 C   1.00000 0.00000 ( 1)  0.032
  36 S   1.00000 0.00000 ( 1)  0.032
  37 L   1.00000 0.00000 ( 1)  0.032
  38 V   1.00000 0.00000 ( 1)  0.032
  39 L   1.00000 0.00000 ( 1)  0.032
  40 Y   1.00000 0.00000 ( 1)  0.032
  41 L   1.00000 0.00000 ( 1)  0.032
  42 L   1.00000 0.00000 ( 1)  0.032
  43 T   1.00000 0.00000 ( 1)  0.032
  44 L   1.00000 0.00000 ( 1)  0.032
  45 M   1.00000 0.00000 ( 1)  0.032
  46 L   1.00000 0.00000 ( 1)  0.032
  47 A   1.00000 0.00000 ( 1)  0.032
  48 E   1.00000 0.00000 ( 1)  0.032
  49 K   1.00000 0.00000 ( 1)  0.032
  50 L   1.00000 0.00000 ( 1)  0.032
  51 S   1.00000 0.00000 ( 1)  0.032
  52 S   1.00000 0.00000 ( 1)  0.032
  53 D   1.00000 0.00000 ( 1)  0.032
  54 T   1.00000 0.00000 ( 1)  0.032
  55 V   1.00000 0.00000 ( 1)  0.032
  56 D   1.00000 0.00000 ( 1)  0.032
  57 A   1.00000 0.00000 ( 1)  0.032
  58 Q   1.00000 0.00000 ( 1)  0.032
  59 E   1.00000 0.00000 ( 1)  0.032
  60 V   1.00000 0.00000 ( 1)  0.032
  61 E   1.00000 0.00000 ( 1)  0.032
  62 L   1.00000 0.00000 ( 1)  0.032
  63 I   1.00000 0.00000 ( 1)  0.032
  64 W   1.00000 0.00000 ( 1)  0.032
  65 T   1.00000 0.00000 ( 1)  0.032
  66 I   1.00000 0.00000 ( 1)  0.032
  67 L   1.00000 0.00000 ( 1)  0.032
  68 P   1.00000 0.00000 ( 1)  0.032
  69 A   1.00000 0.00000 ( 1)  0.032
  70 I   1.00000 0.00000 ( 1)  0.032
  71 V   1.00000 0.00000 ( 1)  0.032
  72 L   1.00000 0.00000 ( 1)  0.032
  73 I   1.00000 0.00000 ( 1)  0.032
  74 M   1.00000 0.00000 ( 1)  0.032
  75 L   1.00000 0.00000 ( 1)  0.032
  76 A   1.00000 0.00000 ( 1)  0.032
  77 L   1.00000 0.00000 ( 1)  0.032
  78 P   1.00000 0.00000 ( 1)  0.032
  79 S   1.00000 0.00000 ( 1)  0.032
  80 L   1.00000 0.00000 ( 1)  0.032
  81 Q   1.00000 0.00000 ( 1)  0.032
  82 I   1.00000 0.00000 ( 1)  0.032
  83 L   1.00000 0.00000 ( 1)  0.032
  84 Y   1.00000 0.00000 ( 1)  0.032
  85 M   1.00000 0.00000 ( 1)  0.032
  86 M   1.00000 0.00000 ( 1)  0.032
  87 D   1.00000 0.00000 ( 1)  0.032
  88 E   1.00000 0.00000 ( 1)  0.032
  89 I   1.00000 0.00000 ( 1)  0.032
  90 D   1.00000 0.00000 ( 1)  0.032
  91 E   1.00000 0.00000 ( 1)  0.032
  92 P   1.00000 0.00000 ( 1)  0.032
  93 D   1.00000 0.00000 ( 1)  0.032
  94 L   1.00000 0.00000 ( 1)  0.032
  95 T   1.00000 0.00000 ( 1)  0.032
  96 L   1.00000 0.00000 ( 1)  0.032
  97 K   1.00000 0.00000 ( 1)  0.032
  98 A   1.00000 0.00000 ( 1)  0.032
  99 I   1.00000 0.00000 ( 1)  0.032
 100 G   1.00000 0.00000 ( 1)  0.032
 101 H   1.00000 0.00000 ( 1)  0.032
 102 Q   1.00000 0.00000 ( 1)  0.032
 103 W   1.00000 0.00000 ( 1)  0.032
 104 Y   1.00000 0.00000 ( 1)  0.032
 105 W   1.00000 0.00000 ( 1)  0.032
 106 S   1.00000 0.00000 ( 1)  0.032
 107 Y   1.00000 0.00000 ( 1)  0.032
 108 E   1.00000 0.00000 ( 1)  0.032
 109 Y   1.00000 0.00000 ( 1)  0.032
 110 T   1.00000 0.00000 ( 1)  0.032
 111 D   1.00000 0.00000 ( 1)  0.032
 112 F   1.00000 0.00000 ( 1)  0.032
 113 K   1.00000 0.00000 ( 1)  0.032
 114 D   1.00000 0.00000 ( 1)  0.032
 115 L   1.00000 0.00000 ( 1)  0.032
 116 S   1.00000 0.00000 ( 1)  0.032
 117 F   1.00000 0.00000 ( 1)  0.032
 118 D   1.00000 0.00000 ( 1)  0.032
 119 S   1.00000 0.00000 ( 1)  0.032
 120 Y   1.00000 0.00000 ( 1)  0.032
 121 M   1.00000 0.00000 ( 1)  0.032
 122 V   0.00000 1.00000 ( 2)  1.000
 123 P   1.00000 0.00000 ( 1)  0.032
 124 T   1.00000 0.00000 ( 1)  0.032
 125 A   1.00000 0.00000 ( 1)  0.032
 126 E   1.00000 0.00000 ( 1)  0.032
 127 L   1.00000 0.00000 ( 1)  0.032
 128 P   1.00000 0.00000 ( 1)  0.032
 129 L   0.00000 1.00000 ( 2)  1.000
 130 G   1.00000 0.00000 ( 1)  0.032
 131 H   1.00000 0.00000 ( 1)  0.032
 132 F   1.00000 0.00000 ( 1)  0.032
 133 R   1.00000 0.00000 ( 1)  0.032
 134 L   1.00000 0.00000 ( 1)  0.032
 135 L   1.00000 0.00000 ( 1)  0.032
 136 E   1.00000 0.00000 ( 1)  0.032
 137 V   1.00000 0.00000 ( 1)  0.032
 138 D   1.00000 0.00000 ( 1)  0.032
 139 H   1.00000 0.00000 ( 1)  0.032
 140 R   1.00000 0.00000 ( 1)  0.032
 141 V   1.00000 0.00000 ( 1)  0.032
 142 V   1.00000 0.00000 ( 1)  0.032
 143 I   1.00000 0.00000 ( 1)  0.032
 144 P   1.00000 0.00000 ( 1)  0.032
 145 M   1.00000 0.00000 ( 1)  0.032
 146 E   1.00000 0.00000 ( 1)  0.032
 147 S   1.00000 0.00000 ( 1)  0.032
 148 P   1.00000 0.00000 ( 1)  0.032
 149 I   1.00000 0.00000 ( 1)  0.032
 150 R   1.00000 0.00000 ( 1)  0.032
 151 I   1.00000 0.00000 ( 1)  0.032
 152 I   1.00000 0.00000 ( 1)  0.032
 153 V   1.00000 0.00000 ( 1)  0.032
 154 T   1.00000 0.00000 ( 1)  0.032
 155 A   1.00000 0.00000 ( 1)  0.032
 156 D   1.00000 0.00000 ( 1)  0.032
 157 D   1.00000 0.00000 ( 1)  0.032
 158 V   1.00000 0.00000 ( 1)  0.032
 159 L   1.00000 0.00000 ( 1)  0.032
 160 H   1.00000 0.00000 ( 1)  0.032
 161 S   1.00000 0.00000 ( 1)  0.032
 162 W   1.00000 0.00000 ( 1)  0.032
 163 A   1.00000 0.00000 ( 1)  0.032
 164 V   1.00000 0.00000 ( 1)  0.032
 165 P   1.00000 0.00000 ( 1)  0.032
 166 S   1.00000 0.00000 ( 1)  0.032
 167 L   1.00000 0.00000 ( 1)  0.032
 168 G   1.00000 0.00000 ( 1)  0.032
 169 V   1.00000 0.00000 ( 1)  0.032
 170 K   1.00000 0.00000 ( 1)  0.032
 171 T   1.00000 0.00000 ( 1)  0.032
 172 D   1.00000 0.00000 ( 1)  0.032
 173 A   1.00000 0.00000 ( 1)  0.032
 174 I   1.00000 0.00000 ( 1)  0.032
 175 P   1.00000 0.00000 ( 1)  0.032
 176 G   1.00000 0.00000 ( 1)  0.032
 177 R   1.00000 0.00000 ( 1)  0.032
 178 L   1.00000 0.00000 ( 1)  0.032
 179 N   1.00000 0.00000 ( 1)  0.032
 180 Q   1.00000 0.00000 ( 1)  0.032
 181 T   1.00000 0.00000 ( 1)  0.032
 182 S   1.00000 0.00000 ( 1)  0.032
 183 F   1.00000 0.00000 ( 1)  0.032
 184 I   1.00000 0.00000 ( 1)  0.032
 185 T   1.00000 0.00000 ( 1)  0.032
 186 T   1.00000 0.00000 ( 1)  0.032
 187 R   1.00000 0.00000 ( 1)  0.032
 188 P   1.00000 0.00000 ( 1)  0.032
 189 G   1.00000 0.00000 ( 1)  0.032
 190 I   1.00000 0.00000 ( 1)  0.032
 191 F   1.00000 0.00000 ( 1)  0.032
 192 Y   1.00000 0.00000 ( 1)  0.032
 193 G   1.00000 0.00000 ( 1)  0.032
 194 Q   1.00000 0.00000 ( 1)  0.032
 195 C   1.00000 0.00000 ( 1)  0.032
 196 S   1.00000 0.00000 ( 1)  0.032
 197 E   1.00000 0.00000 ( 1)  0.032
 198 I   1.00000 0.00000 ( 1)  0.032
 199 C   1.00000 0.00000 ( 1)  0.032
 200 G   1.00000 0.00000 ( 1)  0.032
 201 A   1.00000 0.00000 ( 1)  0.032
 202 N   1.00000 0.00000 ( 1)  0.032
 203 H   1.00000 0.00000 ( 1)  0.032
 204 S   1.00000 0.00000 ( 1)  0.032
 205 Y   1.00000 0.00000 ( 1)  0.032
 206 M   1.00000 0.00000 ( 1)  0.032
 207 P   1.00000 0.00000 ( 1)  0.032
 208 I   1.00000 0.00000 ( 1)  0.032
 209 V   1.00000 0.00000 ( 1)  0.032
 210 V   1.00000 0.00000 ( 1)  0.032
 211 E   1.00000 0.00000 ( 1)  0.032
 212 S   1.00000 0.00000 ( 1)  0.032
 213 A   1.00000 0.00000 ( 1)  0.032
 214 P   1.00000 0.00000 ( 1)  0.032
 215 L   1.00000 0.00000 ( 1)  0.032
 216 K   0.00000 1.00000 ( 2)  1.000
 217 Y   1.00000 0.00000 ( 1)  0.032
 218 F   1.00000 0.00000 ( 1)  0.032
 219 E   1.00000 0.00000 ( 1)  0.032
 220 N   0.00000 1.00000 ( 2)  1.000
 221 W   1.00000 0.00000 ( 1)  0.032
 222 S   1.00000 0.00000 ( 1)  0.032
 223 S   1.00000 0.00000 ( 1)  0.032
 224 L   1.00000 0.00000 ( 1)  0.032
 225 L   0.00000 1.00000 ( 2)  1.000
 226 S   1.00000 0.00000 ( 1)  0.032
 227 S   1.00000 0.00000 ( 1)  0.032
