# Extracted from nd1.rst: BEB section

Bayes Empirical Bayes (BEB) probabilities for 3 classes (class) & postmean_w
(amino acids refer to 1st sequence: Acchl)

   1 L   0.00000 1.00000 0.00000 ( 2)  1.000 +-  0.000
   2 A   0.00000 1.00000 0.00000 ( 2)  1.000 +-  0.001
   3 N   1.00000 0.00000 0.00000 ( 1)  0.050 +-  0.000
   4 L   1.00000 0.00000 0.00000 ( 1)  0.050 +-  0.000
   5 T   0.00000 1.00000 0.00000 ( 2)  1.000 +-  0.001
   6 M   1.00000 0.00000 0.00000 ( 1)  0.050 +-  0.000
   7 S   1.00000 0.00000 0.00000 ( 1)  0.050 +-  0.000
   8 L   1.00000 0.00000 0.00000 ( 1)  0.050 +-  0.000
   9 S   1.00000 0.00000 0.00000 ( 1)  0.050 +-  0.000
  10 Y   1.00000 0.00000 0.00000 ( 1)  0.050 +-  0.000
  11 I   0.00000 1.00000 0.00000 ( 2)  1.000 +-  0.000
  12 A   0.00023 0.99977 0.00000 ( 2)  1.000 +-  0.014
  13 P   1.00000 0.00000 0.00000 ( 1)  0.050 +-  0.000
  14 I   1.00000 0.00000 0.00000 ( 1)  0.050 +-  0.000
  15 L   1.00000 0.00000 0.00000 ( 1)  0.050 +-  0.000
  16 I   1.00000 0.00000 0.00000 ( 1)  0.050 +-  0.000
  17 A   1.00000 0.00000 0.00000 ( 1)  0.050 +-  0.000
  18 V   1.00000 0.00000 0.00000 ( 1)  0.050 +-  0.000
  19 A   1.00000 0.00000 0.00000 ( 1)  0.050 +-  0.000
  20 F   1.00000 0.00000 0.00000 ( 1)  0.050 +-  0.000
  21 L   1.00000 0.00000 0.00000 ( 1)  0.050 +-  0.000
  22 T   1.00000 0.00000 0.00000 ( 1)  0.050 +-  0.000
  23 L   1.00000 0.00000 0.00000 ( 1)  0.050 +-  0.000
  24 V   1.00000 0.00000 0.00000 ( 1)  0.050 +-  0.000
  25 E   1.00000 0.00000 0.00000 ( 1)  0.050 +-  0.000
  26 R   1.00000 0.00000 0.00000 ( 1)  0.050 +-  0.000
  27 K   1.00000 0.00000 0.00000 ( 1)  0.050 +-  0.000
  28 I   1.00000 0.00000 0.00000 ( 1)  0.050 +-  0.000
  29 L   1.00000 0.00000 0.00000 ( 1)  0.050 +-  0.000
  30 S   1.00000 0.00000 0.00000 ( 1)  0.050 +-  0.000
  31 Y   1.00000 0.00000 0.00000 ( 1)  0.050 +-  0.000
  32 M   1.00000 0.00000 0.00000 ( 1)  0.050 +-  0.000
  33 Q   1.00000 0.00000 0.00000 ( 1)  0.050 +-  0.000
  34 A   1.00000 0.00000 0.00000 ( 1)  0.050 +-  0.000
  35 R   1.00000 0.00000 0.00000 ( 1)  0.050 +-  0.000
  36 K   1.00000 0.00000 0.00000 ( 1)  0.050 +-  0.000
  37 G   1.00000 0.00000 0.00000 ( 1)  0.050 +-  0.000
  38 P   1.00000 0.00000 0.00000 ( 1)  0.050 +-  0.000
  39 N   1.00000 0.00000 0.00000 ( 1)  0.050 +-  0.000
  40 I   1.00000 0.00000 0.00000 ( 1)  0.050 +-  0.000
  41 V   1.00000 0.00000 0.00000 ( 1)  0.050 +-  0.000
  42 G   1.00000 0.00000 0.00000 ( 1)  0.050 +-  0.000
  43 P   1.00000 0.00000 0.00000 ( 1)  0.050 +-  0.000
  44 F   1.00000 0.00000 0.00000 ( 1)  0.050 +-  0.000
  45 G   1.00000 0.00000 0.00000 ( 1)  0.050 +-  0.000
  46 L   1.00000 0.00000 0.00000 ( 1)  0.050 +-  0.000
  47 L   1.00000 0.00000 0.00000 ( 1)  0.050 +-  0.000
  48 Q   1.00000 0.00000 0.00000 ( 1)  0.050 +-  0.000
  49 P   1.00000 0.00000 0.00000 ( 1)  0.050 +-  0.000
  50 M   1.00000 0.00000 0.00000 ( 1)  0.050 +-  0.000
  51 A   1.00000 0.00000 0.00000 ( 1)  0.050 +-  0.000
  52 D   1.00000 0.00000 0.00000 ( 1)  0.050 +-  0.000
  53 G   1.00000 0.00000 0.00000 ( 1)  0.050 +-  0.000
  54 V   1.00000 0.00000 0.00000 ( 1)  0.050 +-  0.000
  55 K   1.00000 0.00000 0.00000 ( 1)  0.050 +-  0.000
  56 L   1.00000 0.00000 0.00000 ( 1)  0.050 +-  0.000
  57 F   1.00000 0.00000 0.00000 ( 1)  0.050 +-  0.000
  58 I   1.00000 0.00000 0.00000 ( 1)  0.050 +-  0.000
  59 K   1.00000 0.00000 0.00000 ( 1)  0.050 +-  0.000
  60 E   1.00000 0.00000 0.00000 ( 1)  0.050 +-  0.000
  61 P   1.00000 0.00000 0.00000 ( 1)  0.050 +-  0.000
  62 I   1.00000 0.00000 0.00000 ( 1)  0.050 +-  0.000
  63 R   1.00000 0.00000 0.00000 ( 1)  0.050 +-  0.000
  64 P   1.00000 0.00000 0.00000 ( 1)  0.050 +-  0.000
  65 S   1.00000 0.00000 0.00000 ( 1)  0.050 +-  0.000
  66 T   1.00000 0.00000 0.00000 ( 1)  0.050 +-  0.000
  67 S   1.00000 0.00000 0.00000 ( 1)  0.050 +-  0.000
  68 S   1.00000 0.00000 0.00000 ( 1)  0.050 +-  0.000
  69 P   1.00000 0.00000 0.00000 ( 1)  0.050 +-  0.000
  70 Y   1.00000 0.00000 0.00000 ( 1)  0.050 +-  0.000
  71 L   1.00000 0.00000 0.00000 ( 1)  0.050 +-  0.000
  72 F   1.00000 0.00000 0.00000 ( 1)  0.050 +-  0.000
  73 I   0.99308 0.00692 0.00000 ( 1)  0.057 +-  0.079
  74 T   0.00000 1.00000 0.00000 ( 2)  1.000 +-  0.000
  75 T   1.00000 0.00000 0.00000 ( 1)  0.050 +-  0.000
  76 P   1.00000 0.00000 0.00000 ( 1)  0.050 +-  0.000
  77 I   1.00000 0.00000 0.00000 ( 1)  0.050 +-  0.000
  78 L   1.00000 0.00000 0.00000 ( 1)  0.050 +-  0.000
  79 A   1.00000 0.00000 0.00000 ( 1)  0.050 +-  0.000
  80 L   1.00000 0.00000 0.00000 ( 1)  0.050 +-  0.000
  81 M   1.00000 0.00000 0.00000 ( 1)  0.050 +-  0.000
  82 L   1.00000 0.00000 0.00000 ( 1)  0.050 +-  0.000
  83 A   1.00000 0.00000 0.00000 ( 1)  0.050 +-  0.000
  84 I   1.00000 0.00000 0.00000 ( 1)  0.050 +-  0.000
  85 T   1.00000 0.00000 0.00000 ( 1)  0.050 +-  0.000
  86 I   1.00000 0.00000 0.00000 ( 1)  0.050 +-  0.000
  87 W   1.00000 0.00000 0.00000 ( 1)  0.050 +-  0.000
  88 V   1.00000 0.00000 0.00000 ( 1)  0.050 +-  0.000
  89 P   1.00000 0.00000 0.00000 ( 1)  0.050 +-  0.000
  90 L   1.00000 0.00000 0.00000 ( 1)  0.050 +-  0.000
  91 P   1.00000 0.00000 0.00000 ( 1)  0.050 +-  0.000
  92 L   1.00000 0.00000 0.00000 ( 1)  0.050 +-  0.000
  93 P   1.00000 0.00000 0.00000 ( 1)  0.050 +-  0.000
  94 F   1.00000 0.00000 0.00000 ( 1)  0.050 +-  0.000
  95 A   1.00000 0.00000 0.00000 ( 1)  0.050 +-  0.000
  96 L   1.00000 0.00000 0.00000 ( 1)  0.050 +-  0.000
  97 T   1.00000 0.00000 0.00000 ( 1)  0.050 +-  0.000
  98 D   1.00000 0.00000 0.00000 ( 1)  0.050 +-  0.000
  99 L   1.00000 0.00000 0.00000 ( 1)  0.050 +-  0.000
 100 N   1.00000 0.00000 0.00000 ( 1)  0.050 +-  0.000
 101 L   1.00000 0.00000 0.00000 ( 1)  0.050 +-  0.000
 102 G   1.00000 0.00000 0.00000 ( 1)  0.050 +-  0.000
 103 L   0.99999 0.00001 0.00000 ( 1)  0.050 +-  0.003
 104 L   1.00000 0.00000 0.00000 ( 1)  0.050 +-  0.000
 105 F   1.00000 0.00000 0.00000 ( 1)  0.050 +-  0.000
 106 L   1.00000 0.00000 0.00000 ( 1)  0.050 +-  0.000
 107 L   1.00000 0.00000 0.00000 ( 1)  0.050 +-  0.000
 108 A   1.00000 0.00000 0.00000 ( 1)  0.050 +-  0.000
 109 M   1.00000 0.00000 0.00000 ( 1)  0.050 +-  0.000
 110 S   1.00000 0.00000 0.00000 ( 1)  0.050 +-  0.000
 111 S   1.00000 0.00000 0.00000 ( 1)  0.050 +-  0.000
 112 L   1.00000 0.00000 0.00000 ( 1)  0.050 +-  0.000
 113 A   1.00000 0.00000 0.00000 ( 1)  0.050 +-  0.000
 114 V   1.00000 0.00000 0.00000 ( 1)  0.050 +-  0.000
 115 Y   1.00000 0.00000 0.00000 ( 1)  0.050 +-  0.000
 116 S   1.00000 0.00000 0.00000 ( 1)  0.050 +-  0.000
 117 I   1.00000 0.00000 0.00000 ( 1)  0.050 +-  0.000
 118 L   1.00000 0.00000 0.00000 ( 1)  0.050 +-  0.000
 119 W   1.00000 0.00000 0.00000 ( 1)  0.050 +-  0.000
 120 S   1.00000 0.00000 0.00000 ( 1)  0.050 +-  0.000
 121 G   1.00000 0.00000 0.00000 ( 1)  0.050 +-  0.000
 122 W   1.00000 0.00000 0.00000 ( 1)  0.050 +-  0.000
 123 A   1.00000 0.00000 0.00000 ( 1)  0.050 +-  0.000
 124 S   1.00000 0.00000 0.00000 ( 1)  0.050 +-  0.000
 125 N   1.00000 0.00000 0.00000 ( 1)  0.050 +-  0.000
 126 S   1.00000 0.00000 0.00000 ( 1)  0.050 +-  0.000
 127 K   1.00000 0.00000 0.00000 ( 1)  0.050 +-  0.000
 128 Y   1.00000 0.00000 0.00000 ( 1)  0.050 +-  0.000
 129 A   1.00000 0.00000 0.00000 ( 1)  0.050 +-  0.000
 130 L   1.00000 0.00000 0.00000 ( 1)  0.050 +-  0.000
 131 I   1.00000 0.00000 0.00000 ( 1)  0.050 +-  0.000
 132 G   1.00000 0.00000 0.00000 ( 1)  0.050 +-  0.000
 133 A   1.00000 0.00000 0.00000 ( 1)  0.050 +-  0.000
 134 L   1.00000 0.00000 0.00000 ( 1)  0.050 +-  0.000
 135 R   1.00000 0.00000 0.00000 ( 1)  0.050 +-  0.000
 136 A   1.00000 0.00000 0.00000 ( 1)  0.050 +-  0.000
 137 V   1.00000 0.00000 0.00000 ( 1)  0.050 +-  0.000
 138 A   1.00000 0.00000 0.00000 ( 1)  0.050 +-  0.000
 139 Q   1.00000 0.00000 0.00000 ( 1)  0.050 +-  0.000
 140 T   1.00000 0.00000 0.00000 ( 1)  0.050 +-  0.000
 141 I   1.00000 0.00000 0.00000 ( 1)  0.050 +-  0.000
 142 S   1.00000 0.00000 0.00000 ( 1)  0.050 +-  0.000
 143 Y   1.00000 0.00000 0.00000 ( 1)  0.050 +-  0.000
 144 E   1.00000 0.00000 0.00000 ( 1)  0.050 +-  0.000
 145 V   1.00000 0.00000 0.00000 ( 1)  0.050 +-  0.000
 146 T   1.00000 0.00000 0.00000 ( 1)  0.050 +-  0.000
 147 L   1.00000 0.00000 0.00000 ( 1)  0.050 +-  0.000
 148 A   1.00000 0.00000 0.00000 ( 1)  0.050 +-  0.000
 149 I   1.00000 0.00000 0.00000 ( 1)  0.050 +-  0.000
 150 I   1.00000 0.00000 0.00000 ( 1)  0.050 +-  0.000
 151 L   1.00000 0.00000 0.00000 ( 1)  0.050 +-  0.000
 152 L   1.00000 0.00000 0.00000 ( 1)  0.050 +-  0.000
 153 S   1.00000 0.00000 0.00000 ( 1)  0.050 +-  0.000
 154 V   1.00000 0.00000 0.00000 ( 1)  0.050 +-  0.000
 155 I   1.00000 0.00000 0.00000 ( 1)  0.050 +-  0.000
 156 I   0.99990 0.00010 0.00000 ( 1)  0.050 +-  0.009
 157 L   1.00000 0.00000 0.00000 ( 1)  0.050 +-  0.000
 158 S   1.00000 0.00000 0.00000 ( 1)  0.050 +-  0.000
 159 G   1.00000 0.00000 0.00000 ( 1)  0.050 +-  0.000
 160 N   1.00000 0.00000 0.00000 ( 1)  0.050 +-  0.000
 161 Y   1.00000 0.00000 0.00000 ( 1)  0.050 +-  0.000
 162 T   1.00000 0.00000 0.00000 ( 1)  0.050 +-  0.000
 163 L   1.00000 0.00000 0.00000 ( 1)  0.050 +-  0.000
 164 N   1.00000 0.00000 0.00000 ( 1)  0.050 +-  0.000
 165 T   1.00000 0.00000 0.00000 ( 1)  0.050 +-  0.000
 166 L   1.00000 0.00000 0.00000 ( 1)  0.050 +-  0.000
 167 A   1.00000 0.00000 0.00000 ( 1)  0.050 +-  0.000
 168 T   1.00000 0.00000 0.00000 ( 1)  0.050 +-  0.000
 169 A   1.00000 0.00000 0.00000 ( 1)  0.050 +-  0.000
 170 Q   1.00000 0.00000 0.00000 ( 1)  0.050 +-  0.000
 171 E   1.00000 0.00000 0.00000 ( 1)  0.050 +-  0.000
 172 P   1.00000 0.00000 0.00000 ( 1)  0.050 +-  0.000
 173 L   1.00000 0.00000 0.00000 ( 1)  0.050 +-  0.000
 174 Y   1.00000 0.00000 0.00000 ( 1)  0.050 +-  0.000
 175 L   1.00000 0.00000 0.00000 ( 1)  0.050 +-  0.000
 176 I   1.00000 0.00000 0.00000 ( 1)  0.050 +-  0.000
 177 F   1.00000 0.00000 0.00000 ( 1)  0.050 +-  0.000
 178 S   1.00000 0.00000 0.00000 ( 1)  0.050 +-  0.000
 179 S   1.00000 0.00000 0.00000 ( 1)  0.050 +-  0.000
 180 W   1.00000 0.00000 0.00000 ( 1)  0.050 +-  0.000
 181 P   1.00000 0.00000 0.00000 ( 1)  0.050 +-  0.000
 182 L   1.00000 0.00000 0.00000 ( 1)  0.050 +-  0.000
 183 T   1.00000 0.00000 0.00000 ( 1)  0.050 +-  0.000
 184 M   1.00000 0.00000 0.00000 ( 1)  0.050 +-  0.000
 185 M   1.00000 0.00000 0.00000 ( 1)  0.050 +-  0.000
 186 W   1.00000 0.00000 0.00000 ( 1)  0.050 +-  0.000
 187 Y   1.00000 0.00000 0.00000 ( 1)  0.050 +-  0.000
 188 I   1.00000 0.00000 0.00000 ( 1)  0.050 +-  0.000
 189 S   1.00000 0.00000 0.00000 ( 1)  0.050 +-  0.000
 190 T   1.00000 0.00000 0.00000 ( 1)  0.050 +-  0.000
 191 L   1.00000 0.00000 0.00000 ( 1)  0.050 +-  0.000
 192 A   1.00000 0.00000 0.00000 ( 1)  0.050 +-  0.000
 193 E   1.00000 0.00000 0.00000 ( 1)  0.050 +-  0.000
 194 T   1.00000 0.00000 0.00000 ( 1)  0.050 +-  0.000
 195 N   1.00000 0.00000 0.00000 ( 1)  0.050 +-  0.000
 196 R   1.00000 0.00000 0.00000 ( 1)  0.050 +-  0.000
 197 A   1.00000 0.00000 0.00000 ( 1)  0.050 +-  0.000
 198 P   1.00000 0.00000 0.00000 ( 1)  0.050 +-  0.000
 199 F   1.00000 0.00000 0.00000 ( 1)  0.050 +-  0.000
 200 D   1.00000 0.00000 0.00000 ( 1)  0.050 +-  0.000
 201 L   1.00000 0.00000 0.00000 ( 1)  0.050 +-  0.000
 202 T   1.00000 0.00000 0.00000 ( 1)  0.050 +-  0.000
 203 E   1.00000 0.00000 0.00000 ( 1)  0.050 +-  0.000
 204 G   1.00000 0.00000 0.00000 ( 1)  0.050 +-  0.000
 205 E   1.00000 0.00000 0.00000 ( 1)  0.050 +-  0.000
 206 S   1.00000 0.00000 0.00000 ( 1)  0.050 +-  0.000
 207 E   1.00000 0.00000 0.00000 ( 1)  0.050 +-  0.000
 208 L   1.00000 0.00000 0.00000 ( 1)  0.050 +-  0.000
 209 V   1.00000 0.00000 0.00000 ( 1)  0.050 +-  0.000
 210 S   1.00000 0.00000 0.00000 ( 1)  0.050 +-  0.000
 211 G   1.00000 0.00000 0.00000 ( 1)  0.050 +-  0.000
 212 F   1.00000 0.00000 0.00000 ( 1)  0.050 +-  0.000
 213 N   1.00000 0.00000 0.00000 ( 1)  0.050 +-  0.000
 214 V   1.00000 0.00000 0.00000 ( 1)  0.050 +-  0.000
 215 E   1.00000 0.00000 0.00000 ( 1)  0.050 +-  0.000
 216 Y   1.00000 0.00000 0.00000 ( 1)  0.050 +-  0.000
 217 A   1.00000 0.00000 0.00000 ( 1)  0.050 +-  0.000
 218 A   1.00000 0.00000 0.00000 ( 1)  0.050 +-  0.000
 219 G   1.00000 0.00000 0.00000 ( 1)  0.050 +-  0.000
 220 P   1.00000 0.00000 0.00000 ( 1)  0.050 +-  0.000
 221 F   1.00000 0.00000 0.00000 ( 1)  0.050 +-  0.000
 222 A   1.00000 0.00000 0.00000 ( 1)  0.050 +-  0.000
 223 L   1.00000 0.00000 0.00000 ( 1)  0.050 +-  0.000
 224 F   1.00000 0.00000 0.00000 ( 1)  0.050 +-  0.000
 225 F   1.00000 0.00000 0.00000 ( 1)  0.050 +-  0.000
 226 L   1.00000 0.00000 0.00000 ( 1)  0.050 +-  0.000
 227 A   1.00000 0.00000 0.00000 ( 1)  0.050 +-  0.000
 228 E   1.00000 0.00000 0.00000 ( 1)  0.050 +-  0.000
 229 Y   1.00000 0.00000 0.00000 ( 1)  0.050 +-  0.000
 230 A   1.00000 0.00000 0.00000 ( 1)  0.050 +-  0.000
 231 N   1.00000 0.00000 0.00000 ( 1)  0.050 +-  0.000
 232 I   1.00000 0.00000 0.00000 ( 1)  0.050 +-  0.000
 233 M   1.00000 0.00000 0.00000 ( 1)  0.050 +-  0.000
 234 L   1.00000 0.00000 0.00000 ( 1)  0.050 +-  0.000
 235 M   1.00000 0.00000 0.00000 ( 1)  0.050 +-  0.000
 236 N   1.00000 0.00000 0.00000 ( 1)  0.050 +-  0.000
 237 A   1.00000 0.00000 0.00000 ( 1)  0.050 +-  0.000
 238 L   1.00000 0.00000 0.00000 ( 1)  0.050 +-  0.000
 239 T   1.00000 0.00000 0.00000 ( 1)  0.050 +-  0.000
 240 T   1.00000 0.00000 0.00000 ( 1)  0.050 +-  0.001
 241 I   1.00000 0.00000 0.00000 ( 1)  0.050 +-  0.000
 242 L   1.00000 0.00000 0.00000 ( 1)  0.050 +-  0.000
 243 F   1.00000 0.00000 0.00000 ( 1)  0.050 +-  0.000
 244 L   1.00000 0.00000 0.00000 ( 1)  0.050 +-  0.000
 245 N   1.00000 0.00000 0.00000 ( 1)  0.050 +-  0.000
 246 P   1.00000 0.00000 0.00000 ( 1)  0.050 +-  0.000
 247 S   1.00000 0.00000 0.00000 ( 1)  0.050 +-  0.000
 248 F   0.00000 1.00000 0.00000 ( 2)  1.000 +-  0.000
 249 L   1.00000 0.00000 0.00000 ( 1)  0.050 +-  0.000
 250 N   1.00000 0.00000 0.00000 ( 1)  0.050 +-  0.000
 251 P   0.13168 0.86832 0.00000 ( 2)  0.875 +-  0.321
 252 P   1.00000 0.00000 0.00000 ( 1)  0.050 +-  0.000
 253 K   1.00000 0.00000 0.00000 ( 1)  0.050 +-  0.000
 254 E   1.00000 0.00000 0.00000 ( 1)  0.050 +-  0.000
 255 F   1.00000 0.00000 0.00000 ( 1)  0.050 +-  0.000
 256 F   1.00000 0.00000 0.00000 ( 1)  0.050 +-  0.000
 257 P   1.00000 0.00000 0.00000 ( 1)  0.050 +-  0.000
 258 I   0.00000 1.00000 0.00000 ( 2)  1.000 +-  0.000
 259 I   0.00000 1.00000 0.00000 ( 2)  1.000 +-  0.000
 260 L   1.00000 0.00000 0.00000 ( 1)  0.050 +-  0.000
 261 A   1.00000 0.00000 0.00000 ( 1)  0.050 +-  0.000
 262 T   1.00000 0.00000 0.00000 ( 1)  0.050 +-  0.000
 263 K   1.00000 0.00000 0.00000 ( 1)  0.050 +-  0.000
 264 T   1.00000 0.00000 0.00000 ( 1)  0.050 +-  0.000
 265 L   1.00000 0.00000 0.00000 ( 1)  0.050 +-  0.000
 266 L   1.00000 0.00000 0.00000 ( 1)  0.050 +-  0.000
 267 L   1.00000 0.00000 0.00000 ( 1)  0.050 +-  0.000
 268 S   1.00000 0.00000 0.00000 ( 1)  0.050 +-  0.000
 269 A   1.00000 0.00000 0.00000 ( 1)  0.050 +-  0.000
 270 G   1.00000 0.00000 0.00000 ( 1)  0.050 +-  0.000
 271 F   1.00000 0.00000 0.00000 ( 1)  0.050 +-  0.000
 272 L   1.00000 0.00000 0.00000 ( 1)  0.050 +-  0.000
 273 W   1.00000 0.00000 0.00000 ( 1)  0.050 +-  0.000
 274 I   1.00000 0.00000 0.00000 ( 1)  0.050 +-  0.000
 275 R   1.00000 0.00000 0.00000 ( 1)  0.050 +-  0.000
 276 A   1.00000 0.00000 0.00000 ( 1)  0.050 +-  0.000
 277 S   1.00000 0.00000 0.00000 ( 1)  0.050 +-  0.000
 278 Y   1.00000 0.00000 0.00000 ( 1)  0.050 +-  0.000
 279 P   1.00000 0.00000 0.00000 ( 1)  0.050 +-  0.000
 280 R   1.00000 0.00000 0.00000 ( 1)  0.050 +-  0.000
 281 F   1.00000 0.00000 0.00000 ( 1)  0.050 +-  0.000
 282 R   1.00000 0.00000 0.00000 ( 1)  0.050 +-  0.000
 283 Y   1.00000 0.00000 0.00000 ( 1)  0.050 +-  0.000
 284 D   1.00000 0.00000 0.00000 ( 1)  0.050 +-  0.000
 285 Q   1.00000 0.00000 0.00000 ( 1)  0.050 +-  0.000
 286 L   1.00000 0.00000 0.00000 ( 1)  0.050 +-  0.000
 287 M   1.00000 0.00000 0.00000 ( 1)  0.050 +-  0.000
 288 H   1.00000 0.00000 0.00000 ( 1)  0.050 +-  0.000
 289 L   1.00000 0.00000 0.00000 ( 1)  0.050 +-  0.000
 290 L   1.00000 0.00000 0.00000 ( 1)  0.050 +-  0.000
 291 W   1.00000 0.00000 0.00000 ( 1)  0.050 +-  0.000
 292 K   1.00000 0.00000 0.00000 ( 1)  0.050 +-  0.000
 293 N   1.00000 0.00000 0.00000 ( 1)  0.050 +-  0.000
 294 F   1.00000 0.00000 0.00000 ( 1)  0.050 +-  0.000
 295 L   1.00000 0.00000 0.00000 ( 1)  0.050 +-  0.000
 296 P   1.00000 0.00000 0.00000 ( 1)  0.050 +-  0.000
 297 L   1.00000 0.00000 0.00000 ( 1)  0.050 +-  0.000
 298 T   1.00000 0.00000 0.00000 ( 1)  0.050 +-  0.000
 299 L   1.00000 0.00000 0.00000 ( 1)  0.050 +-  0.000
 300 A   1.00000 0.00000 0.00000 ( 1)  0.050 +-  0.000
 301 L   1.00000 0.00000 0.00000 ( 1)  0.050 +-  0.000
 302 C   1.00000 0.00000 0.00000 ( 1)  0.050 +-  0.000
 303 L   1.00000 0.00000 0.00000 ( 1)  0.050 +-  0.000
 304 W   1.00000 0.00000 0.00000 ( 1)  0.050 +-  0.000
 305 H   1.00000 0.00000 0.00000 ( 1)  0.050 +-  0.000
 306 I   1.00000 0.00000 0.00000 ( 1)  0.050 +-  0.000
 307 S   1.00000 0.00000 0.00000 ( 1)  0.050 +-  0.000
 308 L   1.00000 0.00000 0.00000 ( 1)  0.050 +-  0.000
 309 P   1.00000 0.00000 0.00000 ( 1)  0.050 +-  0.000
 310 I   1.00000 0.00000 0.00000 ( 1)  0.050 +-  0.000
 311 C   1.00000 0.00000 0.00000 ( 1)  0.050 +-  0.000
 312 Y   1.00000 0.00000 0.00000 ( 1)  0.050 +-  0.000
 313 A   1.00000 0.00000 0.00000 ( 1)  0.050 +-  0.000
 314 G   1.00000 0.00000 0.00000 ( 1)  0.050 +-  0.000
 315 L   1.00000 0.00000 0.00000 ( 1)  0.050 +-  0.000
 316 P   1.00000 0.00000 0.00000 ( 1)  0.050 +-  0.000
 317 P   1.00000 0.00000 0.00000 ( 1)  0.050 +-  0.000
 318 Y   0.00000 1.00000 0.00000 ( 2)  1.000 +-  0.000
 319 L   0.00000 1.00000 0.00000 ( 2)  1.000 +-  0.000

Positively selected sites

	Prob(w>1)  mean w
