# Extracted from nd3.rst: NEB section

Naive Empirical Bayes (NEB) probabilities for 2 classes & postmean_w
(amino acids refer to 1st sequence: Acchl)

   1 I   1.00000 0.00000 ( 1)  0.036
   2 N   1.00000 0.00000 ( 1)  0.036
   3 M   1.00000 0.00000 ( 1)  0.036
   4 I   1.00000 0.00000 ( 1)  0.036
   5 L   0.00000 1.00000 ( 2)  1.000
   6 F   1.00000 0.00000 ( 1)  0.036
   7 M   1.00000 0.00000 ( 1)  0.036
   8 L   0.00000 1.00000 ( 2)  1.000
   9 T   0.00000 1.00000 ( 2)  1.000
  10 L   0.00000 1.00000 ( 2)  1.000
  11 S   1.00000 0.00000 ( 1)  0.036
  12 L   0.00000 1.00000 ( 2)  1.000
  13 A   0.00000 1.00000 ( 2)  1.000
  14 L   1.00000 0.00000 ( 1)  0.036
  15 S   1.00000 0.00000 ( 1)  0.036
  16 T   0.00000 1.00000 ( 2)  1.000
  17 I   0.00000 1.00000 ( 2)  1.000
  18 L   1.00000 0.00000 ( 1)  0.036
  19 T   1.00000 0.00000 ( 1)  0.036
  20 A   0.00000 1.00000 ( 2)  1.000
  21 V   1.00000 0.00000 ( 1)  0.036
  22 N   1.00000 0.00000 ( 1)  0.036
  23 F   1.00000 0.00000 ( 1)  0.036
  24 W   1.00000 0.00000 ( 1)  0.036
  25 L   1.00000 0.00000 ( 1)  0.036
  26 A   1.00000 0.00000 ( 1)  0.036
  27 Q   1.00000 0.00000 ( 1)  0.036
  28 A   0.00000 1.00000 ( 2)  1.000
  29 N   0.00003 0.99997 ( 2)  1.000
  30 P   1.00000 0.00000 ( 1)  0.036
  31 D   1.00000 0.00000 ( 1)  0.036
  32 T   1.00000 0.00000 ( 1)  0.036
  33 E   1.00000 0.00000 ( 1)  0.036
  34 K   1.00000 0.00000 ( 1)  0.036
  35 L   1.00000 0.00000 ( 1)  0.036
  36 S   1.00000 0.00000 ( 1)  0.036
  37 P   1.00000 0.00000 ( 1)  0.036
  38 Y   1.00000 0.00000 ( 1)  0.036
  39 E   1.00000 0.00000 ( 1)  0.036
  40 C   1.00000 0.00000 ( 1)  0.036
  41 G   1.00000 0.00000 ( 1)  0.036
  42 F   1.00000 0.00000 ( 1)  0.036
  43 D   1.00000 0.00000 ( 1)  0.036
  44 P   1.00000 0.00000 ( 1)  0.036
  45 L   1.00000 0.00000 ( 1)  0.036
  46 G   1.00000 0.00000 ( 1)  0.036
  47 S   1.00000 0.00000 ( 1)  0.036
  48 A   1.00000 0.00000 ( 1)  0.036
  49 R   1.00000 0.00000 ( 1)  0.036
  50 L   1.00000 0.00000 ( 1)  0.036
  51 P   1.00000 0.00000 ( 1)  0.036
  52 F   1.00000 0.00000 ( 1)  0.036
  53 S   1.00000 0.00000 ( 1)  0.036
  54 I   1.00000 0.00000 ( 1)  0.036
  55 R   1.00000 0.00000 ( 1)  0.036
  56 F   1.00000 0.00000 ( 1)  0.036
  57 F   1.00000 0.00000 ( 1)  0.036
  58 L   1.00000 0.00000 ( 1)  0.036
  59 V   1.00000 0.00000 ( 1)  0.036
  60 A   1.00000 0.00000 ( 1)  0.036
  61 I   1.00000 0.00000 ( 1)  0.036
  62 L   1.00000 0.00000 ( 1)  0.036
  63 F   1.00000 0.00000 ( 1)  0.036
  64 L   1.00000 0.00000 ( 1)  0.036
  65 L   1.00000 0.00000 ( 1)  0.036
  66 F   1.00000 0.00000 ( 1)  0.036
  67 D   1.00000 0.00000 ( 1)  0.036
  68 L   1.00000 0.00000 ( 1)  0.036
  69 E   1.00000 0.00000 ( 1)  0.036
  70 I   1.00000 0.00000 ( 1)  0.036
  71 A   1.00000 0.00000 ( 1)  0.036
  72 L   1.00000 0.00000 ( 1)  0.036
  73 L   1.00000 0.00000 ( 1)  0.036
  74 L   1.00000 0.00000 ( 1)  0.036
  75 P   1.00000 0.00000 ( 1)  0.036
  76 L   1.00000 0.00000 ( 1)  0.036
  77 P   1.00000 0.00000 ( 1)  0.036
  78 W   1.00000 0.00000 ( 1)  0.036
  79 A   1.00000 0.00000 ( 1)  0.036
  80 T   0.00000 1.00000 ( 2)  1.000
  81 Q   1.00000 0.00000 ( 1)  0.036
  82 L   1.00000 0.00000 ( 1)  0.036
  83 H   0.00000 1.00000 ( 2)  1.000
  84 S   0.00000 1.00000 ( 2)  1.000
  85 P   1.00000 0.00000 ( 1)  0.036
  86 L   0.00000 1.00000 ( 2)  1.000
  87 T   0.00000 1.00000 ( 2)  1.000
  88 T   1.00000 0.00000 ( 1)  0.036
  89 L   1.00000 0.00000 ( 1)  0.036
  90 T   0.00000 1.00000 ( 2)  1.000
  91 W   0.96649 0.03351 ( 1)  0.068
  92 T   0.00000 1.00000 ( 2)  1.000
  93 S   1.00000 0.00000 ( 1)  0.036
  94 T   0.00000 1.00000 ( 2)  1.000
  95 I   1.00000 0.00000 ( 1)  0.036
  96 I   1.00000 0.00000 ( 1)  0.036
  97 L   0.00000 1.00000 ( 2)  1.000
  98 L   1.00000 0.00000 ( 1)  0.036
  99 L   1.00000 0.00000 ( 1)  0.036
 100 T   1.00000 0.00000 ( 1)  0.036
 101 I   0.72212 0.27788 ( 1)  0.304
 102 G   1.00000 0.00000 ( 1)  0.036
 103 L   1.00000 0.00000 ( 1)  0.036
 104 A   0.00000 1.00000 ( 2)  1.000
 105 Y   1.00000 0.00000 ( 1)  0.036
 106 E   1.00000 0.00000 ( 1)  0.036
 107 W   1.00000 0.00000 ( 1)  0.036
 108 T   0.00000 1.00000 ( 2)  1.000
 109 Q   1.00000 0.00000 ( 1)  0.036
 110 G   1.00000 0.00000 ( 1)  0.036
 111 G   1.00000 0.00000 ( 1)  0.036
 112 L   1.00000 0.00000 ( 1)  0.036
 113 E   1.00000 0.00000 ( 1)  0.036
 114 W   1.00000 0.00000 ( 1)  0.036
 115 A   1.00000 0.00000 ( 1)  0.036
 116 E   1.00000 0.00000 ( 1)  0.036
