# Extracted from nd4.rst: NEB section

Naive Empirical Bayes (NEB) probabilities for 2 classes & postmean_w
(amino acids refer to 1st sequence: Acchl)

   1 M   1.00000 0.00000 ( 1)  0.047
   2 L   1.00000 0.00000 ( 1)  0.047
   3 K   1.00000 0.00000 ( 1)  0.047
   4 I   1.00000 0.00000 ( 1)  0.047
   5 I   0.99977 0.00023 ( 1)  0.047
   6 L   0.00000 1.00000 ( 2)  1.000
   7 P   1.00000 0.00000 ( 1)  0.047
   8 T   1.00000 0.00000 ( 1)  0.047
   9 L   0.00000 1.00000 ( 2)  1.000
  10 M   1.00000 0.00000 ( 1)  0.047
  11 L   1.00000 0.00000 ( 1)  0.047
  12 L   1.00000 0.00000 ( 1)  0.047
  13 P   1.00000 0.00000 ( 1)  0.047
  14 T   0.04163 0.95837 ( 2)  0.960
  15 A   0.00000 1.00000 ( 2)  1.000
  16 L   0.00000 1.00000 ( 2)  1.000
  17 L   1.00000 0.00000 ( 1)  0.047
  18 S   1.00000 0.00000 ( 1)  0.047
  19 P   1.00000 0.00000 ( 1)  0.047
  20 P   0.00000 1.00000 ( 2)  1.000
  21 K   1.00000 0.00000 ( 1)  0.047
  22 Y   0.00000 1.00000 ( 2)  1.000
  23 L   1.00000 0.00000 ( 1)  0.047
  24 W   1.00000 0.00000 ( 1)  0.047
  25 A   1.00000 0.00000 ( 1)  0.047
  26 N   1.00000 0.00000 ( 1)  0.047
  27 T   0.97031 0.02969 ( 1)  0.075
  28 T   1.00000 0.00000 ( 1)  0.047
  29 L   0.00000 1.00000 ( 2)  1.000
  30 H   1.00000 0.00000 ( 1)  0.047
  31 S   1.00000 0.00000 ( 1)  0.047
  32 L   1.00000 0.00000 ( 1)  0.047
  33 L   1.00000 0.00000 ( 1)  0.047
  34 V   1.00000 0.00000 ( 1)  0.047
  35 A   1.00000 0.00000 ( 1)  0.047
  36 T   0.00000 1.00000 ( 2)  1.000
  37 V   0.00000 1.00000 ( 2)  1.000
  38 S   1.00000 0.00000 ( 1)  0.047
  39 L   1.00000 0.00000 ( 1)  0.047
  40 Q   1.00000 0.00000 ( 1)  0.047
  41 W   1.00000 0.00000 ( 1)  0.047
  42 L   1.00000 0.00000 ( 1)  0.047
  43 L   0.00000 1.00000 ( 2)  1.000
  44 P   1.00000 0.00000 ( 1)  0.047
  45 T   1.00000 0.00000 ( 1)  0.047
  46 Y   1.00000 0.00000 ( 1)  0.047
  47 Y   1.00000 0.00000 ( 1)  0.047
  48 P   1.00000 0.00000 ( 1)  0.047
  49 N   0.00000 1.00000 ( 2)  1.000
  50 K   1.00000 0.00000 ( 1)  0.047
  51 A   0.00000 1.00000 ( 2)  1.000
  52 L   0.99906 0.00094 ( 1)  0.048
  53 T   1.00000 0.00000 ( 1)  0.047
  54 Q   0.00000 1.00000 ( 2)  1.000
  55 W   1.00000 0.00000 ( 1)  0.047
  56 T   1.00000 0.00000 ( 1)  0.047
  57 G   0.00020 0.99980 ( 2)  1.000
  58 I   1.00000 0.00000 ( 1)  0.047
  59 D   1.00000 0.00000 ( 1)  0.047
  60 S   1.00000 0.00000 ( 1)  0.047
  61 I   1.00000 0.00000 ( 1)  0.047
  62 S   1.00000 0.00000 ( 1)  0.047
  63 S   1.00000 0.00000 ( 1)  0.047
  64 P   1.00000 0.00000 ( 1)  0.047
  65 L   1.00000 0.00000 ( 1)  0.047
  66 L   1.00000 0.00000 ( 1)  0.047
  67 T   1.00000 0.00000 ( 1)  0.047
  68 L   1.00000 0.00000 ( 1)  0.047
  69 S   1.00000 0.00000 ( 1)  0.047
  70 C   1.00000 0.00000 ( 1)  0.047
  71 W   1.00000 0.00000 ( 1)  0.047
  72 L   1.00000 0.00000 ( 1)  0.047
  73 L   1.00000 0.00000 ( 1)  0.047
  74 P   1.00000 0.00000 ( 1)  0.047
  75 L   1.00000 0.00000 ( 1)  0.047
  76 V   1.00000 0.00000 ( 1)  0.047
  77 I   1.00000 0.00000 ( 1)  0.047
  78 M   1.00000 0.00000 ( 1)  0.047
  79 A   1.00000 0.00000 ( 1)  0.047
  80 S   1.00000 0.00000 ( 1)  0.047
  81 Q   1.00000 0.00000 ( 1)  0.047
  82 N   1.00000 0.00000 ( 1)  0.047
  83 H   1.00000 0.00000 ( 1)  0.047
  84 L   1.00000 0.00000 ( 1)  0.047
  85 Q   1.00000 0.00000 ( 1)  0.047
  86 Q   1.00000 0.00000 ( 1)  0.047
  87 E   1.00000 0.00000 ( 1)  0.047
  88 P   1.00000 0.00000 ( 1)  0.047
  89 L   0.00000 1.00000 ( 2)  1.000
  90 T   0.00000 1.00000 ( 2)  1.000
  91 R   1.00000 0.00000 ( 1)  0.047
  92 K   1.00000 0.00000 ( 1)  0.047
  93 R   1.00000 0.00000 ( 1)  0.047
  94 I   0.00000 1.00000 ( 2)  1.000
  95 F   1.00000 0.00000 ( 1)  0.047
  96 I   0.00685 0.99315 ( 2)  0.993
  97 T   0.00000 1.00000 ( 2)  1.000
  98 T   1.00000 0.00000 ( 1)  0.047
  99 V   0.00000 1.00000 ( 2)  1.000
 100 I   1.00000 0.00000 ( 1)  0.047
 101 L   0.00000 1.00000 ( 2)  1.000
 102 I   1.00000 0.00000 ( 1)  0.047
 103 Q   1.00000 0.00000 ( 1)  0.047
 104 P   1.00000 0.00000 ( 1)  0.047
 105 F   1.00000 0.00000 ( 1)  0.047
 106 I   1.00000 0.00000 ( 1)  0.047
 107 I   1.00000 0.00000 ( 1)  0.047
 108 L   1.00000 0.00000 ( 1)  0.047
 109 A   1.00000 0.00000 ( 1)  0.047
 110 F   1.00000 0.00000 ( 1)  0.047
 111 S   1.00000 0.00000 ( 1)  0.047
 112 A   1.00000 0.00000 ( 1)  0.047
 113 S   1.00000 0.00000 ( 1)  0.047
 114 E   1.00000 0.00000 ( 1)  0.047
 115 L   1.00000 0.00000 ( 1)  0.047
 116 A   1.00000 0.00000 ( 1)  0.047
 117 L   1.00000 0.00000 ( 1)  0.047
 118 F   1.00000 0.00000 ( 1)  0.047
 119 Y   1.00000 0.00000 ( 1)  0.047
 120 I   1.00000 0.00000 ( 1)  0.047
 121 S   1.00000 0.00000 ( 1)  0.047
 122 F   1.00000 0.00000 ( 1)  0.047
 123 E   1.00000 0.00000 ( 1)  0.047
 124 A   1.00000 0.00000 ( 1)  0.047
 125 T   1.00000 0.00000 ( 1)  0.047
 126 L   1.00000 0.00000 ( 1)  0.047
 127 I   1.00000 0.00000 ( 1)  0.047
 128 P   1.00000 0.00000 ( 1)  0.047
 129 T   1.00000 0.00000 ( 1)  0.047
 130 M   1.00000 0.00000 ( 1)  0.047
 131 I   1.00000 0.00000 ( 1)  0.047
 132 L   1.00000 0.00000 ( 1)  0.047
 133 I   1.00000 0.00000 ( 1)  0.047
 134 T   1.00000 0.00000 ( 1)  0.047
 135 R   1.00000 0.00000 ( 1)  0.047
 136 W   1.00000 0.00000 ( 1)  0.047
 137 G   1.00000 0.00000 ( 1)  0.047
 138 S   1.00000 0.00000 ( 1)  0.047
 139 Q   1.00000 0.00000 ( 1)  0.047
 140 P   1.00000 0.00000 ( 1)  0.047
 141 E   1.00000 0.00000 ( 1)  0.047
 142 R   1.00000 0.00000 ( 1)  0.047
 143 L   1.00000 0.00000 ( 1)  0.047
 144 S   1.00000 0.00000 ( 1)  0.047
 145 A   1.00000 0.00000 ( 1)  0.047
 146 G   1.00000 0.00000 ( 1)  0.047
 147 I   1.00000 0.00000 ( 1)  0.047
 148 Y   1.00000 0.00000 ( 1)  0.047
 149 L   1.00000 0.00000 ( 1)  0.047
 150 L   1.00000 0.00000 ( 1)  0.047
 151 F   1.00000 0.00000 ( 1)  0.047
 152 Y   1.00000 0.00000 ( 1)  0.047
 153 T   1.00000 0.00000 ( 1)  0.047
 154 L   1.00000 0.00000 ( 1)  0.047
 155 I   1.00000 0.00000 ( 1)  0.047
 156 S   1.00000 0.00000 ( 1)  0.047
 157 S   1.00000 0.00000 ( 1)  0.047
 158 L   1.00000 0.00000 ( 1)  0.047
 159 P   1.00000 0.00000 ( 1)  0.047
 160 L   1.00000 0.00000 ( 1)  0.047
 161 L   1.00000 0.00000 ( 1)  0.047
 162 I   1.00000 0.00000 ( 1)  0.047
 163 T   0.00000 1.00000 ( 2)  1.000
 164 I   1.00000 0.00000 ( 1)  0.047
 165 M   1.00000 0.00000 ( 1)  0.047
 166 Y   0.03391 0.96609 ( 2)  0.968
 167 L   1.00000 0.00000 ( 1)  0.047
 168 H   1.00000 0.00000 ( 1)  0.047
 169 A   1.00000 0.00000 ( 1)  0.047
 170 Q   1.00000 0.00000 ( 1)  0.047
 171 T   0.00000 1.00000 ( 2)  1.000
 172 G   1.00000 0.00000 ( 1)  0.047
 173 T   1.00000 0.00000 ( 1)  0.047
 174 L   1.00000 0.00000 ( 1)  0.047
 175 H   1.00000 0.00000 ( 1)  0.047
 176 L   0.00136 0.99864 ( 2)  0.999
 177 T   1.00000 0.00000 ( 1)  0.047
 178 I   1.00000 0.00000 ( 1)  0.047
 179 I   1.00000 0.00000 ( 1)  0.047
 180 K   1.00000 0.00000 ( 1)  0.047
 181 L   1.00000 0.00000 ( 1)  0.047
 182 S   0.00000 1.00000 ( 2)  1.000
 183 P   1.00000 0.00000 ( 1)  0.047
 184 P   1.00000 0.00000 ( 1)  0.047
 185 M   0.00000 1.00000 ( 2)  1.000
 186 S   0.00000 1.00000 ( 2)  1.000
 187 T   0.00000 1.00000 ( 2)  1.000
 188 S   1.00000 0.00000 ( 1)  0.047
 189 W   1.00000 0.00000 ( 1)  0.047
 190 T   1.00000 0.00000 ( 1)  0.047
 191 N   0.00000 1.00000 ( 2)  1.000
 192 L   0.00000 1.00000 ( 2)  1.000
 193 L   0.00000 1.00000 ( 2)  1.000
 194 S   1.00000 0.00000 ( 1)  0.047
 195 S   0.00000 1.00000 ( 2)  1.000
 196 L   0.00000 1.00000 ( 2)  1.000
 197 A   1.00000 0.00000 ( 1)  0.047
 198 L   1.00000 0.00000 ( 1)  0.047
 199 L   1.00000 0.00000 ( 1)  0.047
 200 I   0.00000 1.00000 ( 2)  1.000
 201 A   1.00000 0.00000 ( 1)  0.047
 202 F   1.00000 0.00000 ( 1)  0.047
 203 M   1.00000 0.00000 ( 1)  0.047
 204 V   1.00000 0.00000 ( 1)  0.047
 205 K   1.00000 0.00000 ( 1)  0.047
 206 A   1.00000 0.00000 ( 1)  0.047
 207 P   1.00000 0.00000 ( 1)  0.047
 208 L   1.00000 0.00000 ( 1)  0.047
 209 Y   1.00000 0.00000 ( 1)  0.047
 210 G   1.00000 0.00000 ( 1)  0.047
 211 L   1.00000 0.00000 ( 1)  0.047
 212 H   1.00000 0.00000 ( 1)  0.047
 213 L   1.00000 0.00000 ( 1)  0.047
 214 W   1.00000 0.00000 ( 1)  0.047
 215 L   1.00000 0.00000 ( 1)  0.047
 216 P   1.00000 0.00000 ( 1)  0.047
 217 K   1.00000 0.00000 ( 1)  0.047
 218 A   1.00000 0.00000 ( 1)  0.047
 219 H   1.00000 0.00000 ( 1)  0.047
 220 V   1.00000 0.00000 ( 1)  0.047
 221 E   1.00000 0.00000 ( 1)  0.047
 222 A   1.00000 0.00000 ( 1)  0.047
 223 P   1.00000 0.00000 ( 1)  0.047
 224 I   1.00000 0.00000 ( 1)  0.047
 225 A   1.00000 0.00000 ( 1)  0.047
 226 G   1.00000 0.00000 ( 1)  0.047
 227 S   1.00000 0.00000 ( 1)  0.047
 228 M   1.00000 0.00000 ( 1)  0.047
 229 L   1.00000 0.00000 ( 1)  0.047
 230 L   1.00000 0.00000 ( 1)  0.047
 231 A   1.00000 0.00000 ( 1)  0.047
 232 A   1.00000 0.00000 ( 1)  0.047
 233 L   1.00000 0.00000 ( 1)  0.047
 234 L   1.00000 0.00000 ( 1)  0.047
 235 L   1.00000 0.00000 ( 1)  0.047
 236 K   1.00000 0.00000 ( 1)  0.047
 237 L   1.00000 0.00000 ( 1)  0.047
 238 G   1.00000 0.00000 ( 1)  0.047
 239 G   1.00000 0.00000 ( 1)  0.047
 240 Y   1.00000 0.00000 ( 1)  0.047
 241 G   1.00000 0.00000 ( 1)  0.047
 242 I   1.00000 0.00000 ( 1)  0.047
 243 M   1.00000 0.00000 ( 1)  0.047
 244 R   1.00000 0.00000 ( 1)  0.047
 245 T   0.00000 1.00000 ( 2)  1.000
 246 T   1.00000 0.00000 ( 1)  0.047
 247 A   0.00000 1.00000 ( 2)  1.000
 248 L   1.00000 0.00000 ( 1)  0.047
 249 M   1.00000 0.00000 ( 1)  0.047
 250 T   0.00000 1.00000 ( 2)  1.000
 251 P   1.00000 0.00000 ( 1)  0.047
 252 L   0.00000 1.00000 ( 2)  1.000
 253 L   0.00000 1.00000 ( 2)  1.000
 254 N   1.00000 0.00000 ( 1)  0.047
 255 H   0.00000 1.00000 ( 2)  1.000
 256 L   1.00000 0.00000 ( 1)  0.047
 257 H   1.00000 0.00000 ( 1)  0.047
 258 Y   1.00000 0.00000 ( 1)  0.047
 259 P   1.00000 0.00000 ( 1)  0.047
 260 F   1.00000 0.00000 ( 1)  0.047
 261 L   1.00000 0.00000 ( 1)  0.047
 262 A   1.00000 0.00000 ( 1)  0.047
 263 L   1.00000 0.00000 ( 1)  0.047
 264 A   1.00000 0.00000 ( 1)  0.047
 265 L   1.00000 0.00000 ( 1)  0.047
 266 W   1.00000 0.00000 ( 1)  0.047
 267 G   1.00000 0.00000 ( 1)  0.047
 268 A   1.00000 0.00000 ( 1)  0.047
 269 L   1.00000 0.00000 ( 1)  0.047
 270 M   1.00000 0.00000 ( 1)  0.047
 271 T   1.00000 0.00000 ( 1)  0.047
 272 S   1.00000 0.00000 ( 1)  0.047
 273 S   1.00000 0.00000 ( 1)  0.047
 274 I   1.00000 0.00000 ( 1)  0.047
 275 C   1.00000 0.00000 ( 1)  0.047
 276 L   1.00000 0.00000 ( 1)  0.047
 277 R   1.00000 0.00000 ( 1)  0.047
 278 Q   1.00000 0.00000 ( 1)  0.047
 279 I   1.00000 0.00000 ( 1)  0.047
 280 D   1.00000 0.00000 ( 1)  0.047
 281 L   1.00000 0.00000 ( 1)  0.047
 282 K   1.00000 0.00000 ( 1)  0.047
 283 S   1.00000 0.00000 ( 1)  0.047
 284 M   1.00000 0.00000 ( 1)  0.047
 285 I   1.00000 0.00000 ( 1)  0.047
 286 A   1.00000 0.00000 ( 1)  0.047
 287 Y   1.00000 0.00000 ( 1)  0.047
 288 S   1.00000 0.00000 ( 1)  0.047
 289 S   1.00000 0.00000 ( 1)  0.047
 290 V   1.00000 0.00000 ( 1)  0.047
 291 S   1.00000 0.00000 ( 1)  0.047
 292 H   1.00000 0.00000 ( 1)  0.047
 293 M   1.00000 0.00000 ( 1)  0.047
 294 G   1.00000 0.00000 ( 1)  0.047
 295 L   1.00000 0.00000 ( 1)  0.047
 296 V   1.00000 0.00000 ( 1)  0.047
 297 I   1.00000 0.00000 ( 1)  0.047
 298 A   1.00000 0.00000 ( 1)  0.047
 299 A   1.00000 0.00000 ( 1)  0.047
 300 T   1.00000 0.00000 ( 1)  0.047
 301 M   1.00000 0.00000 ( 1)  0.047
 302 I   1.00000 0.00000 ( 1)  0.047
 303 Q   1.00000 0.00000 ( 1)  0.047
 304 T   1.00000 0.00000 ( 1)  0.047
 305 N   1.00000 0.00000 ( 1)  0.047
 306 W   1.00000 0.00000 ( 1)  0.047
 307 A   1.00000 0.00000 ( 1)  0.047
 308 F   1.00000 0.00000 ( 1)  0.047
 309 T   1.00000 0.00000 ( 1)  0.047
 310 G   1.00000 0.00000 ( 1)  0.047
 311 A   1.00000 0.00000 ( 1)  0.047
 312 M   1.00000 0.00000 ( 1)  0.047
 313 I   1.00000 0.00000 ( 1)  0.047
 314 L   1.00000 0.00000 ( 1)  0.047
 315 M   1.00000 0.00000 ( 1)  0.047
 316 I   1.00000 0.00000 ( 1)  0.047
 317 S   1.00000 0.00000 ( 1)  0.047
 318 H   1.00000 0.00000 ( 1)  0.047
 319 G   1.00000 0.00000 ( 1)  0.047
 320 L   1.00000 0.00000 ( 1)  0.047
 321 T   1.00000 0.00000 ( 1)  0.047
 322 S   1.00000 0.00000 ( 1)  0.047
 323 S   1.00000 0.00000 ( 1)  0.047
 324 M   1.00000 0.00000 ( 1)  0.047
 325 L   1.00000 0.00000 ( 1)  0.047
 326 F   1.00000 0.00000 ( 1)  0.047
 327 C   1.00000 0.00000 ( 1)  0.047
 328 L   1.00000 0.00000 ( 1)  0.047
 329 A   1.00000 0.00000 ( 1)  0.047
 330 N   1.00000 0.00000 ( 1)  0.047
 331 T   1.00000 0.00000 ( 1)  0.047
 332 N   1.00000 0.00000 ( 1)  0.047
 333 Y   1.00000 0.00000 ( 1)  0.047
 334 E   1.00000 0.00000 ( 1)  0.047
 335 R   1.00000 0.00000 ( 1)  0.047
 336 T   1.00000 0.00000 ( 1)  0.047
 337 H   1.00000 0.00000 ( 1)  0.047
 338 S   1.00000 0.00000 ( 1)  0.047
 339 R   1.00000 0.00000 ( 1)  0.047
 340 I   1.00000 0.00000 ( 1)  0.047
 341 L   1.00000 0.00000 ( 1)  0.047
 342 L   1.00000 0.00000 ( 1)  0.047
 343 L   1.00000 0.00000 ( 1)  0.047
 344 A   1.00000 0.00000 ( 1)  0.047
 345 R   1.00000 0.00000 ( 1)  0.047
 346 G   1.00000 0.00000 ( 1)  0.047
 347 L   1.00000 0.00000 ( 1)  0.047
 348 Q   1.00000 0.00000 ( 1)  0.047
 349 S   1.00000 0.00000 ( 1)  0.047
 350 L   1.00000 0.00000 ( 1)  0.047
 351 L   1.00000 0.00000 ( 1)  0.047
 352 P   1.00000 0.00000 ( 1)  0.047
 353 L   1.00000 0.00000 ( 1)  0.047
 354 M   1.00000 0.00000 ( 1)  0.047
 355 A   1.00000 0.00000 ( 1)  0.047
 356 T   0.99998 0.00002 ( 1)  0.047
 357 W   1.00000 0.00000 ( 1)  0.047
 358 W   1.00000 0.00000 ( 1)  0.047
 359 L   1.00000 0.00000 ( 1)  0.047
 360 L   1.00000 0.00000 ( 1)  0.047
 361 A   1.00000 0.00000 ( 1)  0.047
 362 N   1.00000 0.00000 ( 1)  0.047
 363 L   1.00000 0.00000 ( 1)  0.047
 364 T   1.00000 0.00000 ( 1)  0.047
 365 N   1.00000 0.00000 ( 1)  0.047
 366 M   1.00000 0.00000 ( 1)  0.047
 367 A   1.00000 0.00000 ( 1)  0.047
 368 L   1.00000 0.00000 ( 1)  0.047
 369 P   1.00000 0.00000 ( 1)  0.047
 370 P   1.00000 0.00000 ( 1)  0.047
 371 T   1.00000 0.00000 ( 1)  0.047
 372 T   1.00000 0.00000 ( 1)  0.047
 373 N   1.00000 0.00000 ( 1)  0.047
 374 L   1.00000 0.00000 ( 1)  0.047
 375 M   1.00000 0.00000 ( 1)  0.047
 376 A   1.00000 0.00000 ( 1)  0.047
 377 E   1.00000 0.00000 ( 1)  0.047
 378 L   1.00000 0.00000 ( 1)  0.047
 379 T   1.00000 0.00000 ( 1)  0.047
 380 I   1.00000 0.00000 ( 1)  0.047
 381 M   1.00000 0.00000 ( 1)  0.047
 382 I   0.00000 1.00000 ( 2)  1.000
 383 A   0.00007 0.99993 ( 2)  1.000
 384 L   1.00000 0.00000 ( 1)  0.047
 385 F   1.00000 0.00000 ( 1)  0.047
 386 N   1.00000 0.00000 ( 1)  0.047
 387 W   1.00000 0.00000 ( 1)  0.047
 388 S   1.00000 0.00000 ( 1)  0.047
 389 P   0.00000 1.00000 ( 2)  1.000
 390 F   0.00000 1.00000 ( 2)  1.000
 391 T   1.00000 0.00000 ( 1)  0.047
 392 L   1.00000 0.00000 ( 1)  0.047
 393 I   1.00000 0.00000 ( 1)  0.047
 394 L   1.00000 0.00000 ( 1)  0.047
 395 T   1.00000 0.00000 ( 1)  0.047
 396 G   1.00000 0.00000 ( 1)  0.047
 397 I   0.00000 1.00000 ( 2)  1.000
 398 A   1.00000 0.00000 ( 1)  0.047
 399 T   1.00000 0.00000 ( 1)  0.047
 400 L   1.00000 0.00000 ( 1)  0.047
 401 L   1.00000 0.00000 ( 1)  0.047
 402 T   1.00000 0.00000 ( 1)  0.047
 403 A   1.00000 0.00000 ( 1)  0.047
 404 S   1.00000 0.00000 ( 1)  0.047
 405 Y   1.00000 0.00000 ( 1)  0.047
 406 T   1.00000 0.00000 ( 1)  0.047
 407 L   1.00000 0.00000 ( 1)  0.047
 408 F   1.00000 0.00000 ( 1)  0.047
 409 M   1.00000 0.00000 ( 1)  0.047
 410 L   1.00000 0.00000 ( 1)  0.047
 411 L   0.00000 1.00000 ( 2)  1.000
 412 V   0.00000 1.00000 ( 2)  1.000
 413 T   1.00000 0.00000 ( 1)  0.047
 414 Q   1.00000 0.00000 ( 1)  0.047
 415 R   1.00000 0.00000 ( 1)  0.047
 416 G   1.00000 0.00000 ( 1)  0.047
 417 P   0.00000 1.00000 ( 2)  1.000
 418 L   0.00000 1.00000 ( 2)  1.000
 419 P   1.00000 0.00000 ( 1)  0.047
 420 T   1.00000 0.00000 ( 1)  0.047
 421 H   1.00000 0.00000 ( 1)  0.047
 422 I   1.00000 0.00000 ( 1)  0.047
 423 Q   1.00000 0.00000 ( 1)  0.047
 424 S   1.00000 0.00000 ( 1)  0.047
 425 L   0.02917 0.97083 ( 2)  0.972
 426 Q   1.00000 0.00000 ( 1)  0.047
 427 N   1.00000 0.00000 ( 1)  0.047
 428 S   1.00000 0.00000 ( 1)  0.047
 429 N   1.00000 0.00000 ( 1)  0.047
 430 T   1.00000 0.00000 ( 1)  0.047
 431 R   1.00000 0.00000 ( 1)  0.047
 432 E   1.00000 0.00000 ( 1)  0.047
 433 H   1.00000 0.00000 ( 1)  0.047
 434 L   1.00000 0.00000 ( 1)  0.047
 435 L   1.00000 0.00000 ( 1)  0.047
 436 M   1.00000 0.00000 ( 1)  0.047
 437 T   0.00000 1.00000 ( 2)  1.000
 438 L   1.00000 0.00000 ( 1)  0.047
 439 H   1.00000 0.00000 ( 1)  0.047
 440 I   1.00000 0.00000 ( 1)  0.047
 441 L   0.00000 1.00000 ( 2)  1.000
 442 P   1.00000 0.00000 ( 1)  0.047
 443 L   1.00000 0.00000 ( 1)  0.047
 444 L   0.00000 1.00000 ( 2)  1.000
 445 L   1.00000 0.00000 ( 1)  0.047
 446 L   1.00000 0.00000 ( 1)  0.047
 447 I   1.00000 0.00000 ( 1)  0.047
 448 L   0.00002 0.99998 ( 2)  1.000
 449 K   1.00000 0.00000 ( 1)  0.047
 450 P   1.00000 0.00000 ( 1)  0.047
 451 E   1.00000 0.00000 ( 1)  0.047
 452 L   1.00000 0.00000 ( 1)  0.047
 453 I   1.00000 0.00000 ( 1)  0.047
 454 S   1.00000 0.00000 ( 1)  0.047
 455 -   1.00000 0.00000 ( 1)  0.047
 456 -   0.00000 1.00000 ( 2)  1.000
 457 -   1.00000 0.00000 ( 1)  0.047
 458 -   0.00000 1.00000 ( 2)  1.000
