# Extracted from nd4l.rst: NEB section

Naive Empirical Bayes (NEB) probabilities for 2 classes & postmean_w
(amino acids refer to 1st sequence: Acchl)

   1 M   1.00000 0.00000 ( 1)  0.064
   2 S   1.00000 0.00000 ( 1)  0.064
   3 L   0.00000 1.00000 ( 2)  1.000
   4 L   0.00008 0.99992 ( 2)  1.000
   5 H   1.00000 0.00000 ( 1)  0.064
   6 M   1.00000 0.00000 ( 1)  0.064
   7 S   1.00000 0.00000 ( 1)  0.064
   8 F   1.00000 0.00000 ( 1)  0.064
   9 Y   1.00000 0.00000 ( 1)  0.064
  10 S   1.00000 0.00000 ( 1)  0.064
  11 A   1.00000 0.00000 ( 1)  0.064
  12 F   1.00000 0.00000 ( 1)  0.064
  13 T   1.00000 0.00000 ( 1)  0.064
  14 L   1.00000 0.00000 ( 1)  0.064
  15 S   1.00000 0.00000 ( 1)  0.064
  16 I   0.00000 1.00000 ( 2)  1.000
  17 L   1.00000 0.00000 ( 1)  0.064
  18 G   1.00000 0.00000 ( 1)  0.064
  19 L   1.00000 0.00000 ( 1)  0.064
  20 A   1.00000 0.00000 ( 1)  0.064
  21 F   1.00000 0.00000 ( 1)  0.064
  22 H   1.00000 0.00000 ( 1)  0.064
  23 R   1.00000 0.00000 ( 1)  0.064
  24 T   1.00000 0.00000 ( 1)  0.064
  25 H   1.00000 0.00000 ( 1)  0.064
  26 L   1.00000 0.00000 ( 1)  0.064
  27 I   1.00000 0.00000 ( 1)  0.064
  28 S   1.00000 0.00000 ( 1)  0.064
  29 A   1.00000 0.00000 ( 1)  0.064
  30 L   1.00000 0.00000 ( 1)  0.064
  31 L   1.00000 0.00000 ( 1)  0.064
  32 C   1.00000 0.00000 ( 1)  0.064
  33 L   1.00000 0.00000 ( 1)  0.064
  34 E   1.00000 0.00000 ( 1)  0.064
  35 S   1.00000 0.00000 ( 1)  0.064
  36 M   1.00000 0.00000 ( 1)  0.064
  37 M   1.00000 0.00000 ( 1)  0.064
  38 L   1.00000 0.00000 ( 1)  0.064
  39 S   1.00000 0.00000 ( 1)  0.064
  40 L   1.00000 0.00000 ( 1)  0.064
  41 Y   1.00000 0.00000 ( 1)  0.064
  42 I   1.00000 0.00000 ( 1)  0.064
  43 T   1.00000 0.00000 ( 1)  0.064
  44 L   1.00000 0.00000 ( 1)  0.064
  45 S   1.00000 0.00000 ( 1)  0.064
  46 M   1.00000 0.00000 ( 1)  0.064
  47 W   1.00000 0.00000 ( 1)  0.064
  48 P   1.00000 0.00000 ( 1)  0.064
  49 V   1.00000 0.00000 ( 1)  0.064
  50 E   1.00000 0.00000 ( 1)  0.064
  51 T   1.00000 0.00000 ( 1)  0.064
  52 Q   1.00000 0.00000 ( 1)  0.064
  53 T   1.00000 0.00000 ( 1)  0.064
  54 A   1.00000 0.00000 ( 1)  0.064
  55 S   1.00000 0.00000 ( 1)  0.064
  56 S   0.00000 1.00000 ( 2)  1.000
  57 T   1.00000 0.00000 ( 1)  0.064
  58 L   1.00000 0.00000 ( 1)  0.064
  59 M   1.00000 0.00000 ( 1)  0.064
  60 P   1.00000 0.00000 ( 1)  0.064
  61 I   1.00000 0.00000 ( 1)  0.064
  62 L   1.00000 0.00000 ( 1)  0.064
  63 M   1.00000 0.00000 ( 1)  0.064
  64 L   1.00000 0.00000 ( 1)  0.064
  65 T   1.00000 0.00000 ( 1)  0.064
  66 F   1.00000 0.00000 ( 1)  0.064
  67 S   1.00000 0.00000 ( 1)  0.064
  68 A   1.00000 0.00000 ( 1)  0.064
  69 C   1.00000 0.00000 ( 1)  0.064
  70 E   1.00000 0.00000 ( 1)  0.064
  71 A   1.00000 0.00000 ( 1)  0.064
  72 G   1.00000 0.00000 ( 1)  0.064
  73 T   1.00000 0.00000 ( 1)  0.064
  74 G   1.00000 0.00000 ( 1)  0.064
  75 L   1.00000 0.00000 ( 1)  0.064
  76 A   1.00000 0.00000 ( 1)  0.064
  77 L   1.00000 0.00000 ( 1)  0.064
  78 L   1.00000 0.00000 ( 1)  0.064
  79 V   1.00000 0.00000 ( 1)  0.064
  80 A   1.00000 0.00000 ( 1)  0.064
  81 S   1.00000 0.00000 ( 1)  0.064
  82 A   1.00000 0.00000 ( 1)  0.064
  83 R   1.00000 0.00000 ( 1)  0.064
  84 S   1.00000 0.00000 ( 1)  0.064
  85 H   1.00000 0.00000 ( 1)  0.064
  86 G   1.00000 0.00000 ( 1)  0.064
  87 S   1.00000 0.00000 ( 1)  0.064
  88 D   1.00000 0.00000 ( 1)  0.064
  89 H   1.00000 0.00000 ( 1)  0.064
  90 L   1.00000 0.00000 ( 1)  0.064
  91 H   1.00000 0.00000 ( 1)  0.064
  92 T   1.00000 0.00000 ( 1)  0.064
  93 L   1.00000 0.00000 ( 1)  0.064
  94 N   1.00000 0.00000 ( 1)  0.064
  95 L   1.00000 0.00000 ( 1)  0.064
  96 L   1.00000 0.00000 ( 1)  0.064
  97 Q   1.00000 0.00000 ( 1)  0.064
  98 C   1.00000 0.00000 ( 1)  0.064
