# Extracted from nd5.rst: NEB section

Naive Empirical Bayes (NEB) probabilities for 2 classes & postmean_w
(amino acids refer to 1st sequence: Acchl)

   1 A   1.00000 0.00000 ( 1)  0.056
   2 L   0.00000 1.00000 ( 2)  1.000
   3 P   0.00000 1.00000 ( 2)  1.000
   4 L   1.00000 0.00000 ( 1)  0.056
   5 T   1.00000 0.00000 ( 1)  0.056
   6 L   1.00000 0.00000 ( 1)  0.056
   7 N   1.00000 0.00000 ( 1)  0.056
   8 T   1.00000 0.00000 ( 1)  0.056
   9 L   0.00000 1.00000 ( 2)  1.000
  10 L   1.00000 0.00000 ( 1)  0.056
  11 A   0.99997 0.00003 ( 1)  0.056
  12 L   1.00000 0.00000 ( 1)  0.056
  13 T   1.00000 0.00000 ( 1)  0.056
  14 M   1.00000 0.00000 ( 1)  0.056
  15 A   0.00000 1.00000 ( 2)  1.000
  16 T   0.00000 1.00000 ( 2)  1.000
  17 I   1.00000 0.00000 ( 1)  0.056
  18 L   0.00000 1.00000 ( 2)  1.000
  19 I   1.00000 0.00000 ( 1)  0.056
  20 P   1.00000 0.00000 ( 1)  0.056
  21 M   0.00000 1.00000 ( 2)  1.000
  22 F   0.00255 0.99745 ( 2)  0.998
  23 L   0.00000 1.00000 ( 2)  1.000
  24 P   1.00000 0.00000 ( 1)  0.056
  25 L   0.83531 0.16469 ( 1)  0.212
  26 L   0.72123 0.27877 ( 1)  0.319
  27 S   1.00000 0.00000 ( 1)  0.056
  28 N   0.00000 1.00000 ( 2)  1.000
  29 T   0.00000 1.00000 ( 2)  1.000
  30 F   0.00000 1.00000 ( 2)  1.000
  31 Q   0.00017 0.99983 ( 2)  1.000
  32 N   1.00000 0.00000 ( 1)  0.056
  33 T   1.00000 0.00000 ( 1)  0.056
  34 P   1.00000 0.00000 ( 1)  0.056
  35 T   0.00000 1.00000 ( 2)  1.000
  36 T   0.00000 1.00000 ( 2)  1.000
  37 I   1.00000 0.00000 ( 1)  0.056
  38 T   1.00000 0.00000 ( 1)  0.056
  39 R   0.00000 1.00000 ( 2)  1.000
  40 T   1.00000 0.00000 ( 1)  0.056
  41 I   1.00000 0.00000 ( 1)  0.056
  42 K   1.00000 0.00000 ( 1)  0.056
  43 T   0.99679 0.00321 ( 1)  0.059
  44 A   1.00000 0.00000 ( 1)  0.056
  45 F   1.00000 0.00000 ( 1)  0.056
  46 F   0.00000 1.00000 ( 2)  1.000
  47 I   0.00000 1.00000 ( 2)  1.000
  48 S   1.00000 0.00000 ( 1)  0.056
  49 T   1.00000 0.00000 ( 1)  0.056
  50 L   0.00000 1.00000 ( 2)  1.000
  51 P   1.00000 0.00000 ( 1)  0.056
  52 T   1.00000 0.00000 ( 1)  0.056
  53 L   0.00000 1.00000 ( 2)  1.000
  54 I   0.99990 0.00010 ( 1)  0.056
  55 F   1.00000 0.00000 ( 1)  0.056
  56 M   0.00000 1.00000 ( 2)  1.000
  57 H   0.00001 0.99999 ( 2)  1.000
  58 S   1.00000 0.00000 ( 1)  0.056
  59 N   0.00000 1.00000 ( 2)  1.000
  60 M   0.00000 1.00000 ( 2)  1.000
  61 E   1.00000 0.00000 ( 1)  0.056
  62 S   1.00000 0.00000 ( 1)  0.056
  63 I   1.00000 0.00000 ( 1)  0.056
  64 T   0.00000 1.00000 ( 2)  1.000
  65 S   0.00000 1.00000 ( 2)  1.000
  66 H   0.00000 1.00000 ( 2)  1.000
  67 W   1.00000 0.00000 ( 1)  0.056
  68 E   1.00000 0.00000 ( 1)  0.056
  69 W   1.00000 0.00000 ( 1)  0.056
  70 K   1.00000 0.00000 ( 1)  0.056
  71 F   1.00000 0.00000 ( 1)  0.056
  72 I   1.00000 0.00000 ( 1)  0.056
  73 M   1.00000 0.00000 ( 1)  0.056
  74 N   1.00000 0.00000 ( 1)  0.056
  75 F   1.00000 0.00000 ( 1)  0.056
  76 K   1.00000 0.00000 ( 1)  0.056
  77 I   1.00000 0.00000 ( 1)  0.056
  78 P   1.00000 0.00000 ( 1)  0.056
  79 M   0.00003 0.99997 ( 2)  1.000
  80 S   1.00000 0.00000 ( 1)  0.056
  81 L   0.99994 0.00006 ( 1)  0.056
  82 K   1.00000 0.00000 ( 1)  0.056
  83 M   1.00000 0.00000 ( 1)  0.056
  84 D   1.00000 0.00000 ( 1)  0.056
  85 Q   1.00000 0.00000 ( 1)  0.056
  86 Y   1.00000 0.00000 ( 1)  0.056
  87 S   1.00000 0.00000 ( 1)  0.056
  88 M   1.00000 0.00000 ( 1)  0.056
  89 T   1.00000 0.00000 ( 1)  0.056
  90 F   1.00000 0.00000 ( 1)  0.056
  91 L   1.00000 0.00000 ( 1)  0.056
  92 P   1.00000 0.00000 ( 1)  0.056
  93 I   1.00000 0.00000 ( 1)  0.056
  94 A   1.00000 0.00000 ( 1)  0.056
  95 L   1.00000 0.00000 ( 1)  0.056
  96 F   1.00000 0.00000 ( 1)  0.056
  97 V   1.00000 0.00000 ( 1)  0.056
  98 T   1.00000 0.00000 ( 1)  0.056
  99 W   1.00000 0.00000 ( 1)  0.056
 100 S   1.00000 0.00000 ( 1)  0.056
 101 I   1.00000 0.00000 ( 1)  0.056
 102 L   1.00000 0.00000 ( 1)  0.056
 103 Q   1.00000 0.00000 ( 1)  0.056
 104 F   1.00000 0.00000 ( 1)  0.056
 105 A   1.00000 0.00000 ( 1)  0.056
 106 T   1.00000 0.00000 ( 1)  0.056
 107 W   1.00000 0.00000 ( 1)  0.056
 108 Y   1.00000 0.00000 ( 1)  0.056
 109 M   1.00000 0.00000 ( 1)  0.056
 110 A   0.00000 1.00000 ( 2)  1.000
 111 S   1.00000 0.00000 ( 1)  0.056
 112 E   1.00000 0.00000 ( 1)  0.056
 113 P   1.00000 0.00000 ( 1)  0.056
 114 F   0.00000 1.00000 ( 2)  1.000
 115 I   1.00000 0.00000 ( 1)  0.056
 116 T   1.00000 0.00000 ( 1)  0.056
 117 K   1.00000 0.00000 ( 1)  0.056
 118 F   1.00000 0.00000 ( 1)  0.056
 119 F   1.00000 0.00000 ( 1)  0.056
 120 S   0.00000 1.00000 ( 2)  1.000
 121 Y   1.00000 0.00000 ( 1)  0.056
 122 L   1.00000 0.00000 ( 1)  0.056
 123 L   1.00000 0.00000 ( 1)  0.056
 124 I   0.00000 1.00000 ( 2)  1.000
 125 F   1.00000 0.00000 ( 1)  0.056
 126 L   1.00000 0.00000 ( 1)  0.056
 127 I   1.00000 0.00000 ( 1)  0.056
 128 A   1.00000 0.00000 ( 1)  0.056
 129 M   1.00000 0.00000 ( 1)  0.056
 130 L   1.00000 0.00000 ( 1)  0.056
 131 L   1.00000 0.00000 ( 1)  0.056
 132 L   1.00000 0.00000 ( 1)  0.056
 133 T   1.00000 0.00000 ( 1)  0.056
 134 L   0.00000 1.00000 ( 2)  1.000
 135 A   1.00000 0.00000 ( 1)  0.056
 136 N   1.00000 0.00000 ( 1)  0.056
 137 N   1.00000 0.00000 ( 1)  0.056
 138 L   1.00000 0.00000 ( 1)  0.056
 139 F   1.00000 0.00000 ( 1)  0.056
 140 L   1.00000 0.00000 ( 1)  0.056
 141 L   1.00000 0.00000 ( 1)  0.056
 142 F   1.00000 0.00000 ( 1)  0.056
 143 I   1.00000 0.00000 ( 1)  0.056
 144 G   1.00000 0.00000 ( 1)  0.056
 145 W   1.00000 0.00000 ( 1)  0.056
 146 E   1.00000 0.00000 ( 1)  0.056
 147 G   1.00000 0.00000 ( 1)  0.056
 148 V   1.00000 0.00000 ( 1)  0.056
 149 G   1.00000 0.00000 ( 1)  0.056
 150 I   1.00000 0.00000 ( 1)  0.056
 151 M   1.00000 0.00000 ( 1)  0.056
 152 S   1.00000 0.00000 ( 1)  0.056
 153 F   1.00000 0.00000 ( 1)  0.056
 154 L   1.00000 0.00000 ( 1)  0.056
 155 L   1.00000 0.00000 ( 1)  0.056
 156 I   1.00000 0.00000 ( 1)  0.056
 157 G   1.00000 0.00000 ( 1)  0.056
 158 W   1.00000 0.00000 ( 1)  0.056
 159 W   1.00000 0.00000 ( 1)  0.056
 160 Y   1.00000 0.00000 ( 1)  0.056
 161 G   1.00000 0.00000 ( 1)  0.056
 162 R   1.00000 0.00000 ( 1)  0.056
 163 A   1.00000 0.00000 ( 1)  0.056
 164 E   1.00000 0.00000 ( 1)  0.056
 165 A   1.00000 0.00000 ( 1)  0.056
 166 N   1.00000 0.00000 ( 1)  0.056
 167 T   1.00000 0.00000 ( 1)  0.056
 168 S   1.00000 0.00000 ( 1)  0.056
 169 A   1.00000 0.00000 ( 1)  0.056
 170 L   1.00000 0.00000 ( 1)  0.056
 171 Q   1.00000 0.00000 ( 1)  0.056
 172 A   1.00000 0.00000 ( 1)  0.056
 173 V   1.00000 0.00000 ( 1)  0.056
 174 L   1.00000 0.00000 ( 1)  0.056
 175 Y   1.00000 0.00000 ( 1)  0.056
 176 N   1.00000 0.00000 ( 1)  0.056
 177 R   1.00000 0.00000 ( 1)  0.056
 178 I   1.00000 0.00000 ( 1)  0.056
 179 G   1.00000 0.00000 ( 1)  0.056
 180 D   1.00000 0.00000 ( 1)  0.056
 181 I   1.00000 0.00000 ( 1)  0.056
 182 G   1.00000 0.00000 ( 1)  0.056
 183 L   1.00000 0.00000 ( 1)  0.056
 184 I   1.00000 0.00000 ( 1)  0.056
 185 L   1.00000 0.00000 ( 1)  0.056
 186 C   1.00000 0.00000 ( 1)  0.056
 187 M   1.00000 0.00000 ( 1)  0.056
 188 A   1.00000 0.00000 ( 1)  0.056
 189 W   1.00000 0.00000 ( 1)  0.056
 190 L   1.00000 0.00000 ( 1)  0.056
 191 A   1.00000 0.00000 ( 1)  0.056
 192 S   0.15620 0.84380 ( 2)  0.853
 193 S   0.00000 1.00000 ( 2)  1.000
 194 T   0.00000 1.00000 ( 2)  1.000
 195 N   1.00000 0.00000 ( 1)  0.056
 196 T   1.00000 0.00000 ( 1)  0.056
 197 W   1.00000 0.00000 ( 1)  0.056
 198 E   1.00000 0.00000 ( 1)  0.056
 199 I   1.00000 0.00000 ( 1)  0.056
 200 Q   1.00000 0.00000 ( 1)  0.056
 201 Q   1.00000 0.00000 ( 1)  0.056
 202 A   0.00000 1.00000 ( 2)  1.000
 203 T   0.00000 1.00000 ( 2)  1.000
 204 P   1.00000 0.00000 ( 1)  0.056
 205 T   1.00000 0.00000 ( 1)  0.056
 206 L   1.00000 0.00000 ( 1)  0.056
 207 P   1.00000 0.00000 ( 1)  0.056
 208 L   1.00000 0.00000 ( 1)  0.056
 209 L   1.00000 0.00000 ( 1)  0.056
 210 G   1.00000 0.00000 ( 1)  0.056
 211 L   1.00000 0.00000 ( 1)  0.056
 212 I   1.00000 0.00000 ( 1)  0.056
 213 L   1.00000 0.00000 ( 1)  0.056
 214 A   1.00000 0.00000 ( 1)  0.056
 215 A   1.00000 0.00000 ( 1)  0.056
 216 T   1.00000 0.00000 ( 1)  0.056
 217 G   1.00000 0.00000 ( 1)  0.056
 218 K   1.00000 0.00000 ( 1)  0.056
 219 S   1.00000 0.00000 ( 1)  0.056
 220 A   1.00000 0.00000 ( 1)  0.056
 221 Q   1.00000 0.00000 ( 1)  0.056
 222 F   1.00000 0.00000 ( 1)  0.056
 223 G   1.00000 0.00000 ( 1)  0.056
 224 L   1.00000 0.00000 ( 1)  0.056
 225 H   1.00000 0.00000 ( 1)  0.056
 226 P   1.00000 0.00000 ( 1)  0.056
 227 W   1.00000 0.00000 ( 1)  0.056
 228 L   1.00000 0.00000 ( 1)  0.056
 229 P   1.00000 0.00000 ( 1)  0.056
 230 A   1.00000 0.00000 ( 1)  0.056
 231 A   1.00000 0.00000 ( 1)  0.056
 232 M   1.00000 0.00000 ( 1)  0.056
 233 E   1.00000 0.00000 ( 1)  0.056
 234 G   1.00000 0.00000 ( 1)  0.056
 235 P   1.00000 0.00000 ( 1)  0.056
 236 T   1.00000 0.00000 ( 1)  0.056
 237 P   1.00000 0.00000 ( 1)  0.056
 238 V   1.00000 0.00000 ( 1)  0.056
 239 S   1.00000 0.00000 ( 1)  0.056
 240 A   1.00000 0.00000 ( 1)  0.056
 241 L   1.00000 0.00000 ( 1)  0.056
 242 L   1.00000 0.00000 ( 1)  0.056
 243 H   1.00000 0.00000 ( 1)  0.056
 244 S   1.00000 0.00000 ( 1)  0.056
 245 S   1.00000 0.00000 ( 1)  0.056
 246 T   1.00000 0.00000 ( 1)  0.056
 247 M   1.00000 0.00000 ( 1)  0.056
 248 V   1.00000 0.00000 ( 1)  0.056
 249 V   1.00000 0.00000 ( 1)  0.056
 250 A   1.00000 0.00000 ( 1)  0.056
 251 G   1.00000 0.00000 ( 1)  0.056
 252 I   1.00000 0.00000 ( 1)  0.056
 253 F   1.00000 0.00000 ( 1)  0.056
 254 L   1.00000 0.00000 ( 1)  0.056
 255 L   1.00000 0.00000 ( 1)  0.056
 256 I   1.00000 0.00000 ( 1)  0.056
 257 R   1.00000 0.00000 ( 1)  0.056
 258 T   1.00000 0.00000 ( 1)  0.056
 259 H   1.00000 0.00000 ( 1)  0.056
 260 P   1.00000 0.00000 ( 1)  0.056
 261 M   0.99999 0.00001 ( 1)  0.056
 262 L   0.99997 0.00003 ( 1)  0.056
 263 S   0.00000 1.00000 ( 2)  1.000
 264 N   1.00000 0.00000 ( 1)  0.056
 265 N   1.00000 0.00000 ( 1)  0.056
 266 P   1.00000 0.00000 ( 1)  0.056
 267 M   1.00000 0.00000 ( 1)  0.056
 268 I   1.00000 0.00000 ( 1)  0.056
 269 L   1.00000 0.00000 ( 1)  0.056
 270 S   1.00000 0.00000 ( 1)  0.056
 271 L   0.00000 1.00000 ( 2)  1.000
 272 C   1.00000 0.00000 ( 1)  0.056
 273 L   1.00000 0.00000 ( 1)  0.056
 274 C   1.00000 0.00000 ( 1)  0.056
 275 L   1.00000 0.00000 ( 1)  0.056
 276 G   1.00000 0.00000 ( 1)  0.056
 277 S   1.00000 0.00000 ( 1)  0.056
 278 L   0.93079 0.06921 ( 1)  0.122
 279 T   1.00000 0.00000 ( 1)  0.056
 280 T   1.00000 0.00000 ( 1)  0.056
 281 L   1.00000 0.00000 ( 1)  0.056
 282 F   1.00000 0.00000 ( 1)  0.056
 283 A   1.00000 0.00000 ( 1)  0.056
 284 A   1.00000 0.00000 ( 1)  0.056
 285 T   1.00000 0.00000 ( 1)  0.056
 286 C   1.00000 0.00000 ( 1)  0.056
 287 A   1.00000 0.00000 ( 1)  0.056
 288 L   1.00000 0.00000 ( 1)  0.056
 289 T   1.00000 0.00000 ( 1)  0.056
 290 Q   1.00000 0.00000 ( 1)  0.056
 291 N   1.00000 0.00000 ( 1)  0.056
 292 D   1.00000 0.00000 ( 1)  0.056
 293 I   1.00000 0.00000 ( 1)  0.056
 294 K   1.00000 0.00000 ( 1)  0.056
 295 K   1.00000 0.00000 ( 1)  0.056
 296 I   1.00000 0.00000 ( 1)  0.056
 297 I   1.00000 0.00000 ( 1)  0.056
 298 A   1.00000 0.00000 ( 1)  0.056
 299 F   1.00000 0.00000 ( 1)  0.056
 300 S   1.00000 0.00000 ( 1)  0.056
 301 T   1.00000 0.00000 ( 1)  0.056
 302 S   1.00000 0.00000 ( 1)  0.056
 303 S   1.00000 0.00000 ( 1)  0.056
 304 Q   1.00000 0.00000 ( 1)  0.056
 305 L   1.00000 0.00000 ( 1)  0.056
 306 G   1.00000 0.00000 ( 1)  0.056
 307 L   1.00000 0.00000 ( 1)  0.056
 308 M   1.00000 0.00000 ( 1)  0.056
 309 M   1.00000 0.00000 ( 1)  0.056
 310 V   1.00000 0.00000 ( 1)  0.056
 311 T   1.00000 0.00000 ( 1)  0.056
 312 I   1.00000 0.00000 ( 1)  0.056
 313 G   1.00000 0.00000 ( 1)  0.056
 314 L   1.00000 0.00000 ( 1)  0.056
 315 D   1.00000 0.00000 ( 1)  0.056
 316 L   1.00000 0.00000 ( 1)  0.056
 317 P   1.00000 0.00000 ( 1)  0.056
 318 Q   1.00000 0.00000 ( 1)  0.056
 319 L   1.00000 0.00000 ( 1)  0.056
 320 A   1.00000 0.00000 ( 1)  0.056
 321 F   1.00000 0.00000 ( 1)  0.056
 322 L   1.00000 0.00000 ( 1)  0.056
 323 H   1.00000 0.00000 ( 1)  0.056
 324 I   1.00000 0.00000 ( 1)  0.056
 325 S   1.00000 0.00000 ( 1)  0.056
 326 T   1.00000 0.00000 ( 1)  0.056
 327 H   1.00000 0.00000 ( 1)  0.056
 328 A   1.00000 0.00000 ( 1)  0.056
 329 F   1.00000 0.00000 ( 1)  0.056
 330 F   1.00000 0.00000 ( 1)  0.056
 331 K   1.00000 0.00000 ( 1)  0.056
 332 A   1.00000 0.00000 ( 1)  0.056
 333 M   1.00000 0.00000 ( 1)  0.056
 334 L   1.00000 0.00000 ( 1)  0.056
 335 F   1.00000 0.00000 ( 1)  0.056
 336 L   1.00000 0.00000 ( 1)  0.056
 337 C   1.00000 0.00000 ( 1)  0.056
 338 S   1.00000 0.00000 ( 1)  0.056
 339 G   1.00000 0.00000 ( 1)  0.056
 340 S   1.00000 0.00000 ( 1)  0.056
 341 I   1.00000 0.00000 ( 1)  0.056
 342 I   1.00000 0.00000 ( 1)  0.056
 343 H   1.00000 0.00000 ( 1)  0.056
 344 N   0.00000 1.00000 ( 2)  1.000
 345 L   1.00000 0.00000 ( 1)  0.056
 346 N   1.00000 0.00000 ( 1)  0.056
 347 G   1.00000 0.00000 ( 1)  0.056
 348 E   1.00000 0.00000 ( 1)  0.056
 349 Q   1.00000 0.00000 ( 1)  0.056
 350 D   1.00000 0.00000 ( 1)  0.056
 351 V   1.00000 0.00000 ( 1)  0.056
 352 R   1.00000 0.00000 ( 1)  0.056
 353 K   1.00000 0.00000 ( 1)  0.056
 354 M   1.00000 0.00000 ( 1)  0.056
 355 G   1.00000 0.00000 ( 1)  0.056
 356 G   0.00103 0.99897 ( 2)  0.999
 357 L   1.00000 0.00000 ( 1)  0.056
 358 Q   1.00000 0.00000 ( 1)  0.056
 359 K   1.00000 0.00000 ( 1)  0.056
 360 V   0.96106 0.03894 ( 1)  0.093
 361 L   1.00000 0.00000 ( 1)  0.056
 362 P   1.00000 0.00000 ( 1)  0.056
 363 T   1.00000 0.00000 ( 1)  0.056
 364 T   1.00000 0.00000 ( 1)  0.056
 365 T   1.00000 0.00000 ( 1)  0.056
 366 A   1.00000 0.00000 ( 1)  0.056
 367 C   1.00000 0.00000 ( 1)  0.056
 368 L   1.00000 0.00000 ( 1)  0.056
 369 T   1.00000 0.00000 ( 1)  0.056
 370 I   1.00000 0.00000 ( 1)  0.056
 371 G   1.00000 0.00000 ( 1)  0.056
 372 N   1.00000 0.00000 ( 1)  0.056
 373 L   1.00000 0.00000 ( 1)  0.056
 374 A   1.00000 0.00000 ( 1)  0.056
 375 L   1.00000 0.00000 ( 1)  0.056
 376 M   1.00000 0.00000 ( 1)  0.056
 377 G   1.00000 0.00000 ( 1)  0.056
 378 T   1.00000 0.00000 ( 1)  0.056
 379 P   1.00000 0.00000 ( 1)  0.056
 380 F   1.00000 0.00000 ( 1)  0.056
 381 L   1.00000 0.00000 ( 1)  0.056
 382 A   1.00000 0.00000 ( 1)  0.056
 383 G   1.00000 0.00000 ( 1)  0.056
 384 F   1.00000 0.00000 ( 1)  0.056
 385 Y   1.00000 0.00000 ( 1)  0.056
 386 S   1.00000 0.00000 ( 1)  0.056
 387 K   1.00000 0.00000 ( 1)  0.056
 388 D   1.00000 0.00000 ( 1)  0.056
 389 L   1.00000 0.00000 ( 1)  0.056
 390 I   1.00000 0.00000 ( 1)  0.056
 391 I   1.00000 0.00000 ( 1)  0.056
 392 E   1.00000 0.00000 ( 1)  0.056
 393 S   0.00046 0.99954 ( 2)  1.000
 394 L   1.00000 0.00000 ( 1)  0.056
 395 N   1.00000 0.00000 ( 1)  0.056
 396 T   1.00000 0.00000 ( 1)  0.056
 397 S   1.00000 0.00000 ( 1)  0.056
 398 Y   1.00000 0.00000 ( 1)  0.056
 399 L   1.00000 0.00000 ( 1)  0.056
 400 N   1.00000 0.00000 ( 1)  0.056
 401 T   0.90337 0.09663 ( 1)  0.147
 402 W   1.00000 0.00000 ( 1)  0.056
 403 A   1.00000 0.00000 ( 1)  0.056
 404 L   1.00000 0.00000 ( 1)  0.056
 405 L   0.00000 1.00000 ( 2)  1.000
 406 L   1.00000 0.00000 ( 1)  0.056
 407 T   1.00000 0.00000 ( 1)  0.056
 408 L   1.00000 0.00000 ( 1)  0.056
 409 L   1.00000 0.00000 ( 1)  0.056
 410 A   1.00000 0.00000 ( 1)  0.056
 411 T   1.00000 0.00000 ( 1)  0.056
 412 A   1.00000 0.00000 ( 1)  0.056
 413 F   1.00000 0.00000 ( 1)  0.056
 414 T   1.00000 0.00000 ( 1)  0.056
 415 A   1.00000 0.00000 ( 1)  0.056
 416 T   1.00000 0.00000 ( 1)  0.056
 417 Y   1.00000 0.00000 ( 1)  0.056
 418 S   1.00000 0.00000 ( 1)  0.056
 419 L   0.00000 1.00000 ( 2)  1.000
 420 R   1.00000 0.00000 ( 1)  0.056
 421 M   1.00000 0.00000 ( 1)  0.056
 422 S   1.00000 0.00000 ( 1)  0.056
 423 L   0.00000 1.00000 ( 2)  1.000
 424 L   1.00000 0.00000 ( 1)  0.056
 425 V   1.00000 0.00000 ( 1)  0.056
 426 Q   1.00000 0.00000 ( 1)  0.056
 427 T   1.00000 0.00000 ( 1)  0.056
 428 G   0.99865 0.00135 ( 1)  0.058
 429 F   0.00000 1.00000 ( 2)  1.000
 430 T   1.00000 0.00000 ( 1)  0.056
 431 R   1.00000 0.00000 ( 1)  0.056
 432 T   0.00000 1.00000 ( 2)  1.000
 433 L   1.00000 0.00000 ( 1)  0.056
 434 P   1.00000 0.00000 ( 1)  0.056
 435 L   0.00000 1.00000 ( 2)  1.000
 436 S   0.00000 1.00000 ( 2)  1.000
 437 P   1.00000 0.00000 ( 1)  0.056
 438 V   1.00000 0.00000 ( 1)  0.056
 439 N   1.00000 0.00000 ( 1)  0.056
 440 E   1.00000 0.00000 ( 1)  0.056
 441 N   1.00000 0.00000 ( 1)  0.056
 442 N   1.00000 0.00000 ( 1)  0.056
 443 P   1.00000 0.00000 ( 1)  0.056
 444 T   0.00000 1.00000 ( 2)  1.000
 445 I   1.00000 0.00000 ( 1)  0.056
 446 T   0.00000 1.00000 ( 2)  1.000
 447 K   0.00000 1.00000 ( 2)  1.000
 448 P   1.00000 0.00000 ( 1)  0.056
 449 I   1.00000 0.00000 ( 1)  0.056
 450 I   1.00000 0.00000 ( 1)  0.056
 451 R   1.00000 0.00000 ( 1)  0.056
 452 L   1.00000 0.00000 ( 1)  0.056
 453 A   1.00000 0.00000 ( 1)  0.056
 454 L   0.00166 0.99834 ( 2)  0.998
 455 G   1.00000 0.00000 ( 1)  0.056
 456 S   1.00000 0.00000 ( 1)  0.056
 457 I   1.00000 0.00000 ( 1)  0.056
 458 M   0.00000 1.00000 ( 2)  1.000
 459 A   1.00000 0.00000 ( 1)  0.056
 460 G   1.00000 0.00000 ( 1)  0.056
 461 L   1.00000 0.00000 ( 1)  0.056
 462 L   1.00000 0.00000 ( 1)  0.056
 463 I   1.00000 0.00000 ( 1)  0.056
 464 T   1.00000 0.00000 ( 1)  0.056
 465 S   1.00000 0.00000 ( 1)  0.056
 466 Y   1.00000 0.00000 ( 1)  0.056
 467 I   1.00000 0.00000 ( 1)  0.056
 468 I   0.00000 1.00000 ( 2)  1.000
 469 P   1.00000 0.00000 ( 1)  0.056
 470 T   0.00000 1.00000 ( 2)  1.000
 471 K   1.00000 0.00000 ( 1)  0.056
 472 T   1.00000 0.00000 ( 1)  0.056
 473 P   1.00000 0.00000 ( 1)  0.056
 474 P   1.00000 0.00000 ( 1)  0.056
 475 M   1.00000 0.00000 ( 1)  0.056
 476 T   1.00000 0.00000 ( 1)  0.056
 477 M   1.00000 0.00000 ( 1)  0.056
 478 P   1.00000 0.00000 ( 1)  0.056
 479 T   0.00000 1.00000 ( 2)  1.000
 480 S   0.00000 1.00000 ( 2)  1.000
 481 T   1.00000 0.00000 ( 1)  0.056
 482 K   1.00000 0.00000 ( 1)  0.056
 483 M   0.00000 1.00000 ( 2)  1.000
 484 A   1.00000 0.00000 ( 1)  0.056
 485 A   1.00000 0.00000 ( 1)  0.056
 486 I   0.00043 0.99957 ( 2)  1.000
 487 A   0.00000 1.00000 ( 2)  1.000
 488 V   1.00000 0.00000 ( 1)  0.056
 489 T   1.00000 0.00000 ( 1)  0.056
 490 T   0.00000 1.00000 ( 2)  1.000
 491 L   0.00048 0.99952 ( 2)  1.000
 492 G   1.00000 0.00000 ( 1)  0.056
 493 I   0.00000 1.00000 ( 2)  1.000
 494 I   0.00000 1.00000 ( 2)  1.000
 495 L   0.00000 1.00000 ( 2)  1.000
 496 A   1.00000 0.00000 ( 1)  0.056
 497 L   1.00000 0.00000 ( 1)  0.056
 498 E   1.00000 0.00000 ( 1)  0.056
 499 L   1.00000 0.00000 ( 1)  0.056
 500 S   1.00000 0.00000 ( 1)  0.056
 501 K   1.00000 0.00000 ( 1)  0.056
 502 M   1.00000 0.00000 ( 1)  0.056
 503 A   0.00024 0.99976 ( 2)  1.000
 504 H   1.00000 0.00000 ( 1)  0.056
 505 H   0.00105 0.99895 ( 2)  0.999
 506 L   0.00000 1.00000 ( 2)  1.000
 507 T   1.00000 0.00000 ( 1)  0.056
 508 T   0.00000 1.00000 ( 2)  1.000
 509 P   1.00000 0.00000 ( 1)  0.056
 510 K   1.00000 0.00000 ( 1)  0.056
 511 Q   1.00000 0.00000 ( 1)  0.056
 512 T   0.00000 1.00000 ( 2)  1.000
 513 P   0.00000 1.00000 ( 2)  1.000
 514 L   0.00000 1.00000 ( 2)  1.000
 515 T   0.00000 1.00000 ( 2)  1.000
 516 N   1.00000 0.00000 ( 1)  0.056
 517 F   1.00000 0.00000 ( 1)  0.056
 518 S   1.00000 0.00000 ( 1)  0.056
 519 L   0.00000 1.00000 ( 2)  1.000
 520 A   0.00000 1.00000 ( 2)  1.000
 521 L   1.00000 0.00000 ( 1)  0.056
 522 G   1.00000 0.00000 ( 1)  0.056
 523 Y   1.00000 0.00000 ( 1)  0.056
 524 F   1.00000 0.00000 ( 1)  0.056
 525 N   1.00000 0.00000 ( 1)  0.056
 526 P   1.00000 0.00000 ( 1)  0.056
 527 L   1.00000 0.00000 ( 1)  0.056
 528 T   0.00000 1.00000 ( 2)  1.000
 529 H   1.00000 0.00000 ( 1)  0.056
 530 R   1.00000 0.00000 ( 1)  0.056
 531 L   0.00000 1.00000 ( 2)  1.000
 532 N   0.00000 1.00000 ( 2)  1.000
 533 N   0.00000 1.00000 ( 2)  1.000
 534 L   0.00000 1.00000 ( 2)  1.000
 535 L   1.00000 0.00000 ( 1)  0.056
 536 T   0.00000 1.00000 ( 2)  1.000
 537 A   0.00000 1.00000 ( 2)  1.000
 538 G   1.00000 0.00000 ( 1)  0.056
 539 Q   1.00000 0.00000 ( 1)  0.056
 540 K   1.00000 0.00000 ( 1)  0.056
 541 I   1.00000 0.00000 ( 1)  0.056
 542 A   1.00000 0.00000 ( 1)  0.056
 543 S   1.00000 0.00000 ( 1)  0.056
 544 H   1.00000 0.00000 ( 1)  0.056
 545 L   1.00000 0.00000 ( 1)  0.056
 546 I   1.00000 0.00000 ( 1)  0.056
 547 D   1.00000 0.00000 ( 1)  0.056
 548 L   1.00000 0.00000 ( 1)  0.056
 549 S   1.00000 0.00000 ( 1)  0.056
 550 W   1.00000 0.00000 ( 1)  0.056
 551 Y   1.00000 0.00000 ( 1)  0.056
 552 K   1.00000 0.00000 ( 1)  0.056
 553 K   1.00000 0.00000 ( 1)  0.056
 554 A   0.00000 1.00000 ( 2)  1.000
 555 G   1.00000 0.00000 ( 1)  0.056
 556 P   1.00000 0.00000 ( 1)  0.056
 557 E   1.00000 0.00000 ( 1)  0.056
 558 G   1.00000 0.00000 ( 1)  0.056
 559 L   1.00000 0.00000 ( 1)  0.056
 560 A   1.00000 0.00000 ( 1)  0.056
 561 L   0.00000 1.00000 ( 2)  1.000
 562 L   1.00000 0.00000 ( 1)  0.056
 563 Q   1.00000 0.00000 ( 1)  0.056
 564 L   0.00000 1.00000 ( 2)  1.000
 565 K   0.00000 1.00000 ( 2)  1.000
 566 A   0.00000 1.00000 ( 2)  1.000
 567 S   0.00000 1.00000 ( 2)  1.000
 568 K   1.00000 0.00000 ( 1)  0.056
 569 T   0.00000 1.00000 ( 2)  1.000
 570 S   0.00000 1.00000 ( 2)  1.000
 571 T   1.00000 0.00000 ( 1)  0.056
 572 N   0.00000 1.00000 ( 2)  1.000
 573 L   0.00000 1.00000 ( 2)  1.000
 574 H   1.00000 0.00000 ( 1)  0.056
 575 T   1.00000 0.00000 ( 1)  0.056
 576 G   1.00000 0.00000 ( 1)  0.056
 577 L   0.98706 0.01294 ( 1)  0.068
 578 I   1.00000 0.00000 ( 1)  0.056
 579 K   1.00000 0.00000 ( 1)  0.056
 580 T   0.99998 0.00002 ( 1)  0.056
 581 Y   1.00000 0.00000 ( 1)  0.056
 582 L   1.00000 0.00000 ( 1)  0.056
 583 G   0.00000 1.00000 ( 2)  1.000
 584 S   1.00000 0.00000 ( 1)  0.056
 585 F   1.00000 0.00000 ( 1)  0.056
 586 A   1.00000 0.00000 ( 1)  0.056
 587 L   1.00000 0.00000 ( 1)  0.056
 588 T   1.00000 0.00000 ( 1)  0.056
 589 I   1.00000 0.00000 ( 1)  0.056
 590 L   0.00000 1.00000 ( 2)  1.000
 591 I   1.00000 0.00000 ( 1)  0.056
 592 I   0.00000 1.00000 ( 2)  1.000
 593 L   1.00000 0.00000 ( 1)  0.056
 594 L   0.00000 1.00000 ( 2)  1.000
 595 T   0.00000 1.00000 ( 2)  1.000
 596 Q   0.00000 1.00000 ( 2)  1.000
