# Extracted from nd6.rst: NEB section

Naive Empirical Bayes (NEB) probabilities for 2 classes & postmean_w
(amino acids refer to 1st sequence: Acchl)

   1 M   1.00000 0.00000 ( 1)  0.059
   2 T   1.00000 0.00000 ( 1)  0.059
   3 Y   1.00000 0.00000 ( 1)  0.059
   4 F   1.00000 0.00000 ( 1)  0.059
   5 V   1.00000 0.00000 ( 1)  0.059
   6 L   0.99557 0.00443 ( 1)  0.063
   7 F   1.00000 0.00000 ( 1)  0.059
   8 L   1.00000 0.00000 ( 1)  0.059
   9 S   1.00000 0.00000 ( 1)  0.059
  10 L   0.00000 1.00000 ( 2)  1.000
  11 C   1.00000 0.00000 ( 1)  0.059
  12 F   1.00000 0.00000 ( 1)  0.059
  13 V   0.99999 0.00001 ( 1)  0.059
  14 L   1.00000 0.00000 ( 1)  0.059
  15 G   1.00000 0.00000 ( 1)  0.059
  16 G   1.00000 0.00000 ( 1)  0.059
  17 L   1.00000 0.00000 ( 1)  0.059
  18 A   1.00000 0.00000 ( 1)  0.059
  19 V   1.00000 0.00000 ( 1)  0.059
  20 A   1.00000 0.00000 ( 1)  0.059
  21 S   1.00000 0.00000 ( 1)  0.059
  22 S   1.00000 0.00000 ( 1)  0.059
  23 P   1.00000 0.00000 ( 1)  0.059
  24 S   1.00000 0.00000 ( 1)  0.059
  25 P   1.00000 0.00000 ( 1)  0.059
  26 Y   1.00000 0.00000 ( 1)  0.059
  27 Y   1.00000 0.00000 ( 1)  0.059
  28 G   1.00000 0.00000 ( 1)  0.059
  29 V   1.00000 0.00000 ( 1)  0.059
  30 V   1.00000 0.00000 ( 1)  0.059
  31 G   1.00000 0.00000 ( 1)  0.059
  32 L   1.00000 0.00000 ( 1)  0.059
  33 V   1.00000 0.00000 ( 1)  0.059
  34 L   0.00000 1.00000 ( 2)  1.000
  35 G   1.00000 0.00000 ( 1)  0.059
  36 A   1.00000 0.00000 ( 1)  0.059
  37 V   1.00000 0.00000 ( 1)  0.059
  38 A   1.00000 0.00000 ( 1)  0.059
  39 G   1.00000 0.00000 ( 1)  0.059
  40 C   1.00000 0.00000 ( 1)  0.059
  41 G   1.00000 0.00000 ( 1)  0.059
  42 W   1.00000 0.00000 ( 1)  0.059
  43 L   1.00000 0.00000 ( 1)  0.059
  44 L   1.00000 0.00000 ( 1)  0.059
  45 S   1.00000 0.00000 ( 1)  0.059
  46 L   1.00000 0.00000 ( 1)  0.059
  47 G   1.00000 0.00000 ( 1)  0.059
  48 V   1.00000 0.00000 ( 1)  0.059
  49 S   1.00000 0.00000 ( 1)  0.059
  50 F   1.00000 0.00000 ( 1)  0.059
  51 V   1.00000 0.00000 ( 1)  0.059
  52 S   1.00000 0.00000 ( 1)  0.059
  53 L   1.00000 0.00000 ( 1)  0.059
  54 V   1.00000 0.00000 ( 1)  0.059
  55 L   1.00000 0.00000 ( 1)  0.059
  56 F   1.00000 0.00000 ( 1)  0.059
  57 M   1.00000 0.00000 ( 1)  0.059
  58 V   1.00000 0.00000 ( 1)  0.059
  59 Y   1.00000 0.00000 ( 1)  0.059
  60 L   1.00000 0.00000 ( 1)  0.059
  61 G   1.00000 0.00000 ( 1)  0.059
  62 G   1.00000 0.00000 ( 1)  0.059
  63 M   1.00000 0.00000 ( 1)  0.059
  64 L   1.00000 0.00000 ( 1)  0.059
  65 V   1.00000 0.00000 ( 1)  0.059
  66 V   1.00000 0.00000 ( 1)  0.059
  67 F   1.00000 0.00000 ( 1)  0.059
  68 V   1.00000 0.00000 ( 1)  0.059
  69 Y   1.00000 0.00000 ( 1)  0.059
  70 S   1.00000 0.00000 ( 1)  0.059
  71 V   1.00000 0.00000 ( 1)  0.059
  72 S   1.00000 0.00000 ( 1)  0.059
  73 L   1.00000 0.00000 ( 1)  0.059
  74 A   1.00000 0.00000 ( 1)  0.059
  75 A   1.00000 0.00000 ( 1)  0.059
  76 D   1.00000 0.00000 ( 1)  0.059
  77 P   1.00000 0.00000 ( 1)  0.059
  78 F   1.00000 0.00000 ( 1)  0.059
  79 P   1.00000 0.00000 ( 1)  0.059
  80 E   1.00000 0.00000 ( 1)  0.059
  81 G   1.00000 0.00000 ( 1)  0.059
  82 W   1.00000 0.00000 ( 1)  0.059
  83 G   0.00000 1.00000 ( 2)  1.000
  84 D   1.00000 0.00000 ( 1)  0.059
  85 W   1.00000 0.00000 ( 1)  0.059
  86 G   1.00000 0.00000 ( 1)  0.059
  87 V   1.00000 0.00000 ( 1)  0.059
  88 V   0.00000 1.00000 ( 2)  1.000
  89 S   1.00000 0.00000 ( 1)  0.059
  90 R   1.00000 0.00000 ( 1)  0.059
  91 G   1.00000 0.00000 ( 1)  0.059
  92 A   0.00000 1.00000 ( 2)  1.000
  93 G   1.00000 0.00000 ( 1)  0.059
  94 L   1.00000 0.00000 ( 1)  0.059
  95 V   0.00000 1.00000 ( 2)  1.000
  96 V   0.00343 0.99657 ( 2)  0.997
  97 V   1.00000 0.00000 ( 1)  0.059
  98 L   1.00000 0.00000 ( 1)  0.059
  99 G   0.00000 1.00000 ( 2)  1.000
 100 V   0.00000 1.00000 ( 2)  1.000
 101 G   1.00000 0.00000 ( 1)  0.059
 102 V   0.00000 1.00000 ( 2)  1.000
 103 V   0.00000 1.00000 ( 2)  1.000
 104 G   0.00000 1.00000 ( 2)  1.000
 105 G   0.00000 1.00000 ( 2)  1.000
 106 G   1.00000 0.00000 ( 1)  0.059
 107 L   0.00000 1.00000 ( 2)  1.000
 108 A   0.00000 1.00000 ( 2)  1.000
 109 F   0.00000 1.00000 ( 2)  1.000
 110 G   0.00000 1.00000 ( 2)  1.000
 111 I   0.00000 1.00000 ( 2)  1.000
 112 E   0.00000 1.00000 ( 2)  1.000
 113 A   1.00000 0.00000 ( 1)  0.059
 114 V   1.00000 0.00000 ( 1)  0.059
 115 D   1.00000 0.00000 ( 1)  0.059
 116 G   1.00000 0.00000 ( 1)  0.059
 117 G   0.00000 1.00000 ( 2)  1.000
 118 G   1.00000 0.00000 ( 1)  0.059
 119 M   0.00000 1.00000 ( 2)  1.000
 120 V   0.00000 1.00000 ( 2)  1.000
 121 L   0.00000 1.00000 ( 2)  1.000
 122 V   0.00000 1.00000 ( 2)  1.000
 123 R   1.00000 0.00000 ( 1)  0.059
 124 L   0.00000 1.00000 ( 2)  1.000
 125 D   1.00000 0.00000 ( 1)  0.059
 126 F   1.00000 0.00000 ( 1)  0.059
 127 G   1.00000 0.00000 ( 1)  0.059
 128 G   1.00000 0.00000 ( 1)  0.059
 129 V   1.00000 0.00000 ( 1)  0.059
 130 A   1.00000 0.00000 ( 1)  0.059
 131 L   1.00000 0.00000 ( 1)  0.059
 132 F   1.00000 0.00000 ( 1)  0.059
 133 Y   1.00000 0.00000 ( 1)  0.059
 134 S   1.00000 0.00000 ( 1)  0.059
 135 C   0.00000 1.00000 ( 2)  1.000
 136 G   1.00000 0.00000 ( 1)  0.059
 137 V   1.00000 0.00000 ( 1)  0.059
 138 G   1.00000 0.00000 ( 1)  0.059
 139 M   1.00000 0.00000 ( 1)  0.059
 140 F   1.00000 0.00000 ( 1)  0.059
 141 L   1.00000 0.00000 ( 1)  0.059
 142 V   1.00000 0.00000 ( 1)  0.059
 143 A   1.00000 0.00000 ( 1)  0.059
 144 G   1.00000 0.00000 ( 1)  0.059
 145 W   1.00000 0.00000 ( 1)  0.059
 146 G   1.00000 0.00000 ( 1)  0.059
 147 L   1.00000 0.00000 ( 1)  0.059
 148 L   1.00000 0.00000 ( 1)  0.059
 149 L   1.00000 0.00000 ( 1)  0.059
 150 T   1.00000 0.00000 ( 1)  0.059
 151 L   1.00000 0.00000 ( 1)  0.059
 152 F   1.00000 0.00000 ( 1)  0.059
 153 V   1.00000 0.00000 ( 1)  0.059
 154 V   1.00000 0.00000 ( 1)  0.059
 155 L   1.00000 0.00000 ( 1)  0.059
 156 E   1.00000 0.00000 ( 1)  0.059
 157 L   1.00000 0.00000 ( 1)  0.059
 158 V   1.00000 0.00000 ( 1)  0.059
 159 R   1.00000 0.00000 ( 1)  0.059
 160 G   1.00000 0.00000 ( 1)  0.059
 161 L   1.00000 0.00000 ( 1)  0.059
 162 V   1.00000 0.00000 ( 1)  0.059
 163 R   1.00000 0.00000 ( 1)  0.059
 164 G   1.00000 0.00000 ( 1)  0.059
 165 T   1.00000 0.00000 ( 1)  0.059
 166 I   1.00000 0.00000 ( 1)  0.059
 167 R   1.00000 0.00000 ( 1)  0.059
 168 A   1.00000 0.00000 ( 1)  0.059
 169 V   1.00000 0.00000 ( 1)  0.059
