# Extracted from OG0006390_00.rst: BEB section

Bayes Empirical Bayes (BEB) probabilities for 3 classes (class) & postmean_w
(amino acids refer to 1st sequence: Acchl)

   1 -   1.00000 0.00000 0.00000 ( 1)  0.050 +-  0.000
   2 -   0.00001 0.99868 0.00131 ( 2)  1.001 +-  0.018
   3 -   0.00000 0.84471 0.15529 ( 2)  1.078 +-  0.181
   4 -   0.00000 0.99909 0.00091 ( 2)  1.000 +-  0.015
   5 -   0.00000 0.71467 0.28533 ( 2)  1.143 +-  0.226
   6 -   0.00310 0.99502 0.00189 ( 2)  0.998 +-  0.057
   7 -   0.00000 0.97485 0.02515 ( 2)  1.013 +-  0.078
   8 -   0.00000 0.40361 0.59639 ( 3)  1.302 +-  0.255
   9 -   1.00000 0.00000 0.00000 ( 1)  0.050 +-  0.000
  10 -   1.00000 0.00000 0.00000 ( 1)  0.050 +-  0.000
  11 -   1.00000 0.00000 0.00000 ( 1)  0.050 +-  0.000
  12 -   0.99997 0.00003 0.00000 ( 1)  0.050 +-  0.005
  13 -   1.00000 0.00000 0.00000 ( 1)  0.050 +-  0.001
  14 -   1.00000 0.00000 0.00000 ( 1)  0.050 +-  0.000
  15 -   1.00000 0.00000 0.00000 ( 1)  0.050 +-  0.000
  16 -   0.99998 0.00002 0.00000 ( 1)  0.050 +-  0.004
  17 -   1.00000 0.00000 0.00000 ( 1)  0.050 +-  0.000
  18 -   1.00000 0.00000 0.00000 ( 1)  0.050 +-  0.000
  19 -   1.00000 0.00000 0.00000 ( 1)  0.050 +-  0.000
  20 -   1.00000 0.00000 0.00000 ( 1)  0.050 +-  0.000
  21 A   1.00000 0.00000 0.00000 ( 1)  0.050 +-  0.000
  22 A   1.00000 0.00000 0.00000 ( 1)  0.050 +-  0.000
  23 A   1.00000 0.00000 0.00000 ( 1)  0.050 +-  0.000
  24 K   0.99998 0.00002 0.00000 ( 1)  0.050 +-  0.004
  25 K   1.00000 0.00000 0.00000 ( 1)  0.050 +-  0.000
  26 Y   0.99999 0.00001 0.00000 ( 1)  0.050 +-  0.003
  27 N   1.00000 0.00000 0.00000 ( 1)  0.050 +-  0.000
  28 M   0.86639 0.13345 0.00016 ( 1)  0.177 +-  0.323
  29 R   1.00000 0.00000 0.00000 ( 1)  0.050 +-  0.000
  30 V   1.00000 0.00000 0.00000 ( 1)  0.050 +-  0.000
  31 E   1.00000 0.00000 0.00000 ( 1)  0.050 +-  0.000
  32 D   1.00000 0.00000 0.00000 ( 1)  0.050 +-  0.000
  33 Y   0.99995 0.00005 0.00000 ( 1)  0.050 +-  0.006
  34 Q   0.00000 0.99982 0.00018 ( 2)  1.000 +-  0.007
  35 P   0.99999 0.00001 0.00000 ( 1)  0.050 +-  0.002
  36 Y   0.99985 0.00015 0.00000 ( 1)  0.050 +-  0.012
  37 P   1.00000 0.00000 0.00000 ( 1)  0.050 +-  0.000
  38 D   0.99991 0.00009 0.00000 ( 1)  0.050 +-  0.009
  39 D   0.00137 0.99745 0.00118 ( 2)  0.999 +-  0.039
  40 G   1.00000 0.00000 0.00000 ( 1)  0.050 +-  0.000
  41 F   0.00000 0.98944 0.01056 ( 2)  1.005 +-  0.051
  42 G   1.00000 0.00000 0.00000 ( 1)  0.050 +-  0.000
  43 Y   0.99412 0.00584 0.00003 ( 1)  0.056 +-  0.073
  44 G   1.00000 0.00000 0.00000 ( 1)  0.050 +-  0.000
  45 D   1.00000 0.00000 0.00000 ( 1)  0.050 +-  0.000
  46 Y   0.99965 0.00035 0.00000 ( 1)  0.050 +-  0.018
  47 P   1.00000 0.00000 0.00000 ( 1)  0.050 +-  0.001
  48 M   0.02041 0.97883 0.00076 ( 2)  0.981 +-  0.135
  49 L   1.00000 0.00000 0.00000 ( 1)  0.050 +-  0.000
  50 P   1.00000 0.00000 0.00000 ( 1)  0.050 +-  0.002
  51 N   0.00000 0.79212 0.20788 ( 2)  1.104 +-  0.203
  52 K   0.99971 0.00029 0.00000 ( 1)  0.050 +-  0.016
  53 S   1.00000 0.00000 0.00000 ( 1)  0.050 +-  0.000
  54 H   0.00000 0.32562 0.67438 ( 3)  1.337 +-  0.235
  55 H   0.00077 0.99911 0.00011 ( 2)  0.999 +-  0.027
  56 E   1.00000 0.00000 0.00000 ( 1)  0.050 +-  0.000
  57 R   1.00000 0.00000 0.00000 ( 1)  0.050 +-  0.000
  58 D   1.00000 0.00000 0.00000 ( 1)  0.050 +-  0.000
  59 P   0.99989 0.00011 0.00000 ( 1)  0.050 +-  0.010
  60 W   0.99999 0.00001 0.00000 ( 1)  0.050 +-  0.003
  61 Y   0.99999 0.00001 0.00000 ( 1)  0.050 +-  0.003
  62 K   0.00000 0.99994 0.00006 ( 2)  1.000 +-  0.004
  63 W   0.99998 0.00002 0.00000 ( 1)  0.050 +-  0.005
  64 D   1.00000 0.00000 0.00000 ( 1)  0.050 +-  0.001
  65 Q   0.99980 0.00020 0.00000 ( 1)  0.050 +-  0.013
  66 P   0.00000 0.96204 0.03796 ( 2)  1.019 +-  0.096
  67 D   0.87396 0.12598 0.00006 ( 1)  0.170 +-  0.315
  68 M   0.00000 0.05259 0.94741 ( 3)  1.501 +-  0.200
  69 R   1.00000 0.00000 0.00000 ( 1)  0.050 +-  0.000
  70 H   0.00000 0.99999 0.00001 ( 2)  1.000 +-  0.002
  71 N   1.00000 0.00000 0.00000 ( 1)  0.050 +-  0.000
  72 W   0.99596 0.00404 0.00001 ( 1)  0.054 +-  0.060
  73 G   0.99999 0.00001 0.00000 ( 1)  0.050 +-  0.002
  74 E   0.00000 0.99937 0.00063 ( 2)  1.000 +-  0.013
  75 P   0.99973 0.00027 0.00000 ( 1)  0.050 +-  0.016
  76 M   0.03641 0.96193 0.00166 ( 2)  0.966 +-  0.179
  77 H   1.00000 0.00000 0.00000 ( 1)  0.050 +-  0.000
  78 W   0.99684 0.00316 0.00000 ( 1)  0.053 +-  0.053
  79 D   0.00000 0.89861 0.10139 ( 2)  1.051 +-  0.151
  80 F   0.99967 0.00033 0.00000 ( 1)  0.050 +-  0.017
  81 D   0.99971 0.00029 0.00000 ( 1)  0.050 +-  0.016
  82 M   0.99539 0.00461 0.00000 ( 1)  0.054 +-  0.064
  83 Y   0.00024 0.98227 0.01750 ( 2)  1.009 +-  0.067
  84 I   0.00000 0.99762 0.00238 ( 2)  1.001 +-  0.024
  85 R   1.00000 0.00000 0.00000 ( 1)  0.050 +-  0.000
  86 T   0.00235 0.99765 0.00000 ( 2)  0.998 +-  0.046
  87 R   1.00000 0.00000 0.00000 ( 1)  0.050 +-  0.000
  88 V   0.00000 0.99843 0.00157 ( 2)  1.001 +-  0.020
  89 D   1.00000 0.00000 0.00000 ( 1)  0.050 +-  0.000
  90 T   1.00000 0.00000 0.00000 ( 1)  0.050 +-  0.000
  91 S   1.00000 0.00000 0.00000 ( 1)  0.050 +-  0.000
  92 P   0.99811 0.00189 0.00000 ( 1)  0.052 +-  0.041
  93 T   1.00000 0.00000 0.00000 ( 1)  0.050 +-  0.000
  94 V   0.00000 0.99895 0.00105 ( 2)  1.001 +-  0.016
  95 V   0.00000 0.98623 0.01377 ( 2)  1.007 +-  0.058
  96 P   0.99962 0.00038 0.00000 ( 1)  0.050 +-  0.019
  97 W   0.99998 0.00002 0.00000 ( 1)  0.050 +-  0.004
  98 H   1.00000 0.00000 0.00000 ( 1)  0.050 +-  0.000
  99 T   0.00000 0.99995 0.00005 ( 2)  1.000 +-  0.004
 100 M   1.00000 0.00000 0.00000 ( 1)  0.050 +-  0.001
 101 R   0.00000 0.99999 0.00001 ( 2)  1.000 +-  0.002
 102 K   0.00000 0.99817 0.00183 ( 2)  1.001 +-  0.021
 103 H   1.00000 0.00000 0.00000 ( 1)  0.050 +-  0.000
 104 F   0.99842 0.00158 0.00000 ( 1)  0.051 +-  0.038
 105 L   0.00000 0.91887 0.08113 ( 2)  1.041 +-  0.137
 106 I   0.00000 0.89149 0.10851 ( 2)  1.054 +-  0.156
 107 F   1.00000 0.00000 0.00000 ( 1)  0.050 +-  0.001
 108 L   0.98865 0.01135 0.00000 ( 1)  0.061 +-  0.101
 109 T   0.00000 0.99996 0.00004 ( 2)  1.000 +-  0.003
 110 T   0.00000 0.99995 0.00005 ( 2)  1.000 +-  0.004
 111 M   1.00000 0.00000 0.00000 ( 1)  0.050 +-  0.001
 112 L   1.00000 0.00000 0.00000 ( 1)  0.050 +-  0.001
 113 A   0.00000 0.85111 0.14889 ( 2)  1.074 +-  0.178
 114 M   0.00000 0.98273 0.01727 ( 2)  1.009 +-  0.065
 115 F   1.00000 0.00000 0.00000 ( 1)  0.050 +-  0.001
 116 G   0.00000 0.48027 0.51973 ( 3)  1.261 +-  0.252
 117 L   0.00000 0.98903 0.01097 ( 2)  1.005 +-  0.052
 118 G   0.99996 0.00004 0.00000 ( 1)  0.050 +-  0.006
 119 V   0.00000 0.02376 0.97624 ( 3)  1.514 +-  0.178
 120 I   0.00000 0.59901 0.40099 ( 2)  1.201 +-  0.245
 121 Y   0.00003 0.98111 0.01887 ( 2)  1.009 +-  0.068
 122 P   0.99996 0.00004 0.00000 ( 1)  0.050 +-  0.006
 123 S   0.00013 0.99986 0.00001 ( 2)  1.000 +-  0.011
 124 Y   0.99999 0.00001 0.00000 ( 1)  0.050 +-  0.003
 125 R   0.00000 0.99979 0.00021 ( 2)  1.000 +-  0.007
 126 P   1.00000 0.00000 0.00000 ( 1)  0.050 +-  0.000
 127 V   1.00000 0.00000 0.00000 ( 1)  0.050 +-  0.000
 128 G   0.99970 0.00030 0.00000 ( 1)  0.050 +-  0.016
 129 P   1.00000 0.00000 0.00000 ( 1)  0.050 +-  0.000
 130 K   1.00000 0.00000 0.00000 ( 1)  0.050 +-  0.000
 131 Q   1.00000 0.00000 0.00000 ( 1)  0.050 +-  0.000
 132 Y   0.99946 0.00054 0.00000 ( 1)  0.051 +-  0.022
 133 P   1.00000 0.00000 0.00000 ( 1)  0.050 +-  0.001
 134 F   1.00000 0.00000 0.00000 ( 1)  0.050 +-  0.000
 135 N   0.99999 0.00001 0.00000 ( 1)  0.050 +-  0.003
 136 D   0.00345 0.99481 0.00173 ( 2)  0.998 +-  0.060
 137 L   1.00000 0.00000 0.00000 ( 1)  0.050 +-  0.000
 138 Y   0.99953 0.00047 0.00000 ( 1)  0.050 +-  0.021
 139 L   1.00000 0.00000 0.00000 ( 1)  0.050 +-  0.000
 140 E   1.00000 0.00000 0.00000 ( 1)  0.050 +-  0.000
 141 R   0.00000 0.99663 0.00337 ( 2)  1.002 +-  0.029
 142 G   0.99996 0.00004 0.00000 ( 1)  0.050 +-  0.006
 143 G   0.99997 0.00003 0.00000 ( 1)  0.050 +-  0.005
 144 D   0.99986 0.00014 0.00000 ( 1)  0.050 +-  0.011
 145 P   0.99999 0.00001 0.00000 ( 1)  0.050 +-  0.004
 146 N   0.00000 0.99632 0.00368 ( 2)  1.002 +-  0.030
 147 K   1.00000 0.00000 0.00000 ( 1)  0.050 +-  0.001
 148 E   0.00000 0.85292 0.14708 ( 2)  1.074 +-  0.177
 149 P   0.99864 0.00135 0.00000 ( 1)  0.051 +-  0.035
 150 P   0.97724 0.02267 0.00009 ( 1)  0.072 +-  0.142
 151 V   0.00000 0.83952 0.16048 ( 2)  1.080 +-  0.184
 152 V   1.00000 0.00000 0.00000 ( 1)  0.050 +-  0.000
 153 T   0.00000 0.99999 0.00001 ( 2)  1.000 +-  0.001
 154 H   1.00000 0.00000 0.00000 ( 1)  0.050 +-  0.000
 155 Y   0.83206 0.16614 0.00181 ( 1)  0.210 +-  0.358
 156 E   1.00000 0.00000 0.00000 ( 1)  0.050 +-  0.000
 157 I   0.99121 0.00879 0.00000 ( 1)  0.058 +-  0.089

Positively selected sites

	Prob(w>1)  mean w

     8 -      0.596         1.302 +- 0.255
    54 H      0.674         1.337 +- 0.235
    68 M      0.947         1.501 +- 0.200
   116 G      0.520         1.261 +- 0.252
   119 V      0.976*        1.514 +- 0.178
