# Extracted from OG0007950_00.rst: BEB section

Bayes Empirical Bayes (BEB) probabilities for 3 classes (class) & postmean_w
(amino acids refer to 1st sequence: Acgen)

   1 P   1.00000 0.00000 0.00000 ( 1)  0.050 +-  0.000
   2 V   0.00000 0.99979 0.00021 ( 2)  1.001 +-  0.035
   3 S   0.00000 1.00000 0.00000 ( 2)  1.000 +-  0.000
   4 K   0.00000 0.00000 1.00000 ( 3)  3.583 +-  0.277
   5 L   0.13517 0.86483 0.00000 ( 2)  0.872 +-  0.325
   6 V   0.00000 0.00000 1.00000 ( 3)  3.583 +-  0.277
   7 K   0.00000 0.00000 1.00000 ( 3)  3.583 +-  0.277
   8 P   1.00000 0.00000 0.00000 ( 1)  0.050 +-  0.000
   9 P   1.00000 0.00000 0.00000 ( 1)  0.050 +-  0.000
  10 I   1.00000 0.00000 0.00000 ( 1)  0.050 +-  0.001
  11 Q   1.00000 0.00000 0.00000 ( 1)  0.050 +-  0.000
  12 V   1.00000 0.00000 0.00000 ( 1)  0.050 +-  0.000
  13 Y   1.00000 0.00000 0.00000 ( 1)  0.050 +-  0.001
  14 G   1.00000 0.00000 0.00000 ( 1)  0.050 +-  0.000
  15 L   0.99997 0.00003 0.00000 ( 1)  0.050 +-  0.005
  16 E   1.00000 0.00000 0.00000 ( 1)  0.050 +-  0.000
  17 G   1.00000 0.00000 0.00000 ( 1)  0.050 +-  0.000
  18 R   1.00000 0.00000 0.00000 ( 1)  0.050 +-  0.000
  19 Y   1.00000 0.00000 0.00000 ( 1)  0.050 +-  0.000
  20 A   1.00000 0.00000 0.00000 ( 1)  0.050 +-  0.000
  21 T   1.00000 0.00000 0.00000 ( 1)  0.050 +-  0.000
  22 A   1.00000 0.00000 0.00000 ( 1)  0.050 +-  0.000
  23 L   1.00000 0.00000 0.00000 ( 1)  0.050 +-  0.000
  24 Y   0.99999 0.00001 0.00000 ( 1)  0.050 +-  0.003
  25 S   1.00000 0.00000 0.00000 ( 1)  0.050 +-  0.000
  26 A   1.00000 0.00000 0.00000 ( 1)  0.050 +-  0.000
  27 A   1.00000 0.00000 0.00000 ( 1)  0.050 +-  0.000
  28 T   0.00000 1.00000 0.00000 ( 2)  1.000 +-  0.000
  29 K   1.00000 0.00000 0.00000 ( 1)  0.050 +-  0.000
  30 Q   0.99998 0.00002 0.00000 ( 1)  0.050 +-  0.004
  31 K   1.00000 0.00000 0.00000 ( 1)  0.050 +-  0.002
  32 K   1.00000 0.00000 0.00000 ( 1)  0.050 +-  0.000
  33 L   1.00000 0.00000 0.00000 ( 1)  0.050 +-  0.001
  34 D   0.00000 1.00000 0.00000 ( 2)  1.000 +-  0.001
  35 Q   1.00000 0.00000 0.00000 ( 1)  0.050 +-  0.000
  36 V   1.00000 0.00000 0.00000 ( 1)  0.050 +-  0.000
  37 E   1.00000 0.00000 0.00000 ( 1)  0.050 +-  0.000
  38 K   0.99999 0.00001 0.00000 ( 1)  0.050 +-  0.002
  39 E   1.00000 0.00000 0.00000 ( 1)  0.050 +-  0.000
  40 L   0.99995 0.00005 0.00000 ( 1)  0.050 +-  0.007
  41 G   0.00000 1.00000 0.00000 ( 2)  1.000 +-  0.001
  42 R   1.00000 0.00000 0.00000 ( 1)  0.050 +-  0.000
  43 V   1.00000 0.00000 0.00000 ( 1)  0.050 +-  0.000
  44 W   0.00000 1.00000 0.00000 ( 2)  1.000 +-  0.000
  45 T   0.00000 1.00000 0.00000 ( 2)  1.000 +-  0.000
  46 L   0.00679 0.99321 0.00000 ( 2)  0.994 +-  0.078
  47 L   0.00000 1.00000 0.00000 ( 2)  1.000 +-  0.000
  48 K   0.00001 0.99999 0.00000 ( 2)  1.000 +-  0.004
  49 D   1.00000 0.00000 0.00000 ( 1)  0.050 +-  0.000
  50 P   1.00000 0.00000 0.00000 ( 1)  0.050 +-  0.000
  51 K   0.07472 0.92528 0.00000 ( 2)  0.929 +-  0.250
  52 L   0.02034 0.97966 0.00000 ( 2)  0.981 +-  0.134
  53 S   0.00000 1.00000 0.00000 ( 2)  1.000 +-  0.000
  54 S   0.00000 1.00000 0.00000 ( 2)  1.000 +-  0.000
  55 V   0.00000 1.00000 0.00000 ( 2)  1.000 +-  0.000
  56 V   1.00000 0.00000 0.00000 ( 1)  0.050 +-  0.000
  57 M   1.00000 0.00000 0.00000 ( 1)  0.050 +-  0.002
  58 N   1.00000 0.00000 0.00000 ( 1)  0.050 +-  0.000
  59 P   1.00000 0.00000 0.00000 ( 1)  0.050 +-  0.000
  60 H   1.00000 0.00000 0.00000 ( 1)  0.050 +-  0.000
  61 I   1.00000 0.00000 0.00000 ( 1)  0.050 +-  0.001
  62 K   1.00000 0.00000 0.00000 ( 1)  0.050 +-  0.001
  63 A   0.00000 1.00000 0.00000 ( 2)  1.000 +-  0.001
  64 V   0.52610 0.47390 0.00000 ( 1)  0.500 +-  0.474
  65 K   0.90655 0.09345 0.00000 ( 1)  0.139 +-  0.277
  66 Q   1.00000 0.00000 0.00000 ( 1)  0.050 +-  0.000
  67 K   0.99183 0.00817 0.00000 ( 1)  0.058 +-  0.086
  68 A   0.99994 0.00006 0.00000 ( 1)  0.050 +-  0.007
  69 V   1.00000 0.00000 0.00000 ( 1)  0.050 +-  0.000
  70 N   0.00000 1.00000 0.00000 ( 2)  1.000 +-  0.000
  71 D   1.00000 0.00000 0.00000 ( 1)  0.050 +-  0.000
  72 A   0.00000 1.00000 0.00000 ( 2)  1.000 +-  0.000
  73 L   0.02192 0.97808 0.00000 ( 2)  0.979 +-  0.139
  74 A   0.00002 0.99998 0.00000 ( 2)  1.000 +-  0.004
  75 K   0.00000 1.00000 0.00000 ( 2)  1.000 +-  0.000
  76 E   1.00000 0.00000 0.00000 ( 1)  0.050 +-  0.000
  77 K   0.00000 1.00000 0.00000 ( 2)  1.000 +-  0.000
  78 M   0.99988 0.00012 0.00000 ( 1)  0.050 +-  0.010
  79 S   0.99876 0.00124 0.00000 ( 1)  0.051 +-  0.033
  80 P   1.00000 0.00000 0.00000 ( 1)  0.050 +-  0.000
  81 I   0.00000 1.00000 0.00000 ( 2)  1.000 +-  0.000
  82 T   0.00000 1.00000 0.00000 ( 2)  1.000 +-  0.000
  83 V   0.00003 0.99997 0.00000 ( 2)  1.000 +-  0.005
  84 N   1.00000 0.00000 0.00000 ( 1)  0.050 +-  0.000
  85 L   0.99971 0.00029 0.00000 ( 1)  0.050 +-  0.016
  86 M   1.00000 0.00000 0.00000 ( 1)  0.050 +-  0.000
  87 N   1.00000 0.00000 0.00000 ( 1)  0.050 +-  0.000
  88 L   0.98328 0.01672 0.00000 ( 1)  0.066 +-  0.122
  89 L   1.00000 0.00000 0.00000 ( 1)  0.050 +-  0.001
  90 A   1.00000 0.00000 0.00000 ( 1)  0.050 +-  0.000
  91 E   1.00000 0.00000 0.00000 ( 1)  0.050 +-  0.000
  92 N   1.00000 0.00000 0.00000 ( 1)  0.050 +-  0.000
  93 G   1.00000 0.00000 0.00000 ( 1)  0.050 +-  0.000
  94 R   1.00000 0.00000 0.00000 ( 1)  0.050 +-  0.000
  95 L   1.00000 0.00000 0.00000 ( 1)  0.050 +-  0.000
  96 R   1.00000 0.00000 0.00000 ( 1)  0.050 +-  0.000
  97 Y   0.00000 1.00000 0.00000 ( 2)  1.000 +-  0.000
  98 T   0.65202 0.34798 0.00000 ( 1)  0.381 +-  0.453
  99 P   1.00000 0.00000 0.00000 ( 1)  0.050 +-  0.000
 100 D   0.00000 1.00000 0.00000 ( 2)  1.000 +-  0.000
 101 I   1.00000 0.00000 0.00000 ( 1)  0.050 +-  0.000
 102 V   0.96491 0.03509 0.00000 ( 1)  0.083 +-  0.175
 103 T   0.00000 1.00000 0.00000 ( 2)  1.000 +-  0.000
 104 A   1.00000 0.00000 0.00000 ( 1)  0.050 +-  0.000
 105 F   1.00000 0.00000 0.00000 ( 1)  0.050 +-  0.000
 106 G   0.99855 0.00145 0.00000 ( 1)  0.051 +-  0.036
 107 K   0.19723 0.80277 0.00000 ( 2)  0.813 +-  0.378
 108 I   0.99959 0.00041 0.00000 ( 1)  0.050 +-  0.019
 109 M   1.00000 0.00000 0.00000 ( 1)  0.050 +-  0.000
 110 S   1.00000 0.00000 0.00000 ( 1)  0.050 +-  0.000
 111 A   1.00000 0.00000 0.00000 ( 1)  0.050 +-  0.000
 112 Y   0.00000 1.00000 0.00000 ( 2)  1.000 +-  0.000
 113 R   1.00000 0.00000 0.00000 ( 1)  0.050 +-  0.000
 114 G   1.00000 0.00000 0.00000 ( 1)  0.050 +-  0.000
 115 E   1.00000 0.00000 0.00000 ( 1)  0.050 +-  0.000
 116 V   1.00000 0.00000 0.00000 ( 1)  0.050 +-  0.000
 117 L   0.00000 1.00000 0.00000 ( 2)  1.000 +-  0.000
 118 C   1.00000 0.00000 0.00000 ( 1)  0.050 +-  0.000
 119 T   0.99998 0.00002 0.00000 ( 1)  0.050 +-  0.005
 120 V   1.00000 0.00000 0.00000 ( 1)  0.050 +-  0.000
 121 T   0.01215 0.98785 0.00000 ( 2)  0.988 +-  0.104
 122 T   0.99118 0.00882 0.00000 ( 1)  0.058 +-  0.089
 123 A   0.65123 0.34877 0.00000 ( 1)  0.381 +-  0.453
 124 Q   1.00000 0.00000 0.00000 ( 1)  0.050 +-  0.000
 125 P   1.00000 0.00000 0.00000 ( 1)  0.050 +-  0.000
 126 L   0.99998 0.00002 0.00000 ( 1)  0.050 +-  0.004
 127 D   1.00000 0.00000 0.00000 ( 1)  0.050 +-  0.000
 128 D   0.00000 1.00000 0.00000 ( 2)  1.000 +-  0.000
 129 A   1.00000 0.00000 0.00000 ( 1)  0.050 +-  0.000
 130 N   0.00000 1.00000 0.00000 ( 2)  1.000 +-  0.000
 131 L   1.00000 0.00000 0.00000 ( 1)  0.050 +-  0.000
 132 T   0.00000 1.00000 0.00000 ( 2)  1.000 +-  0.000
 133 E   1.00000 0.00000 0.00000 ( 1)  0.050 +-  0.000
 134 L   1.00000 0.00000 0.00000 ( 1)  0.050 +-  0.000
 135 K   1.00000 0.00000 0.00000 ( 1)  0.050 +-  0.001
 136 S   1.00000 0.00000 0.00000 ( 1)  0.050 +-  0.000
 137 A   0.00000 1.00000 0.00000 ( 2)  1.000 +-  0.000
 138 L   1.00000 0.00000 0.00000 ( 1)  0.050 +-  0.001
 139 S   0.00000 1.00000 0.00000 ( 2)  1.000 +-  0.000
 140 G   1.00000 0.00000 0.00000 ( 1)  0.050 +-  0.000
 141 F   1.00000 0.00000 0.00000 ( 1)  0.050 +-  0.000
 142 L   1.00000 0.00000 0.00000 ( 1)  0.050 +-  0.001
 143 A   0.00000 1.00000 0.00000 ( 2)  1.000 +-  0.001
 144 K   1.00000 0.00000 0.00000 ( 1)  0.050 +-  0.000
 145 G   1.00000 0.00000 0.00000 ( 1)  0.050 +-  0.000
 146 E   1.00000 0.00000 0.00000 ( 1)  0.050 +-  0.000
 147 V   0.98937 0.01063 0.00000 ( 1)  0.060 +-  0.097
 148 L   1.00000 0.00000 0.00000 ( 1)  0.050 +-  0.000
 149 K   1.00000 0.00000 0.00000 ( 1)  0.050 +-  0.002
 150 L   1.00000 0.00000 0.00000 ( 1)  0.050 +-  0.001
 151 E   0.61365 0.38635 0.00000 ( 1)  0.417 +-  0.463
 152 T   0.09848 0.90152 0.00000 ( 2)  0.906 +-  0.283
 153 K   1.00000 0.00000 0.00000 ( 1)  0.050 +-  0.000
 154 T   1.00000 0.00000 0.00000 ( 1)  0.050 +-  0.000
 155 D   1.00000 0.00000 0.00000 ( 1)  0.050 +-  0.000
 156 P   1.00000 0.00000 0.00000 ( 1)  0.050 +-  0.000
 157 S   1.00000 0.00000 0.00000 ( 1)  0.050 +-  0.000
 158 I   1.00000 0.00000 0.00000 ( 1)  0.050 +-  0.000
 159 L   1.00000 0.00000 0.00000 ( 1)  0.050 +-  0.000
 160 G   1.00000 0.00000 0.00000 ( 1)  0.050 +-  0.000
 161 G   1.00000 0.00000 0.00000 ( 1)  0.050 +-  0.000
 162 M   1.00000 0.00000 0.00000 ( 1)  0.050 +-  0.000
 163 I   1.00000 0.00000 0.00000 ( 1)  0.050 +-  0.000
 164 V   1.00000 0.00000 0.00000 ( 1)  0.050 +-  0.000
 165 N   1.00000 0.00000 0.00000 ( 1)  0.050 +-  0.000
 166 I   1.00000 0.00000 0.00000 ( 1)  0.050 +-  0.000
 167 G   1.00000 0.00000 0.00000 ( 1)  0.050 +-  0.000
 168 E   1.00000 0.00000 0.00000 ( 1)  0.050 +-  0.000
 169 K   1.00000 0.00000 0.00000 ( 1)  0.050 +-  0.000
 170 Y   1.00000 0.00000 0.00000 ( 1)  0.050 +-  0.000
 171 V   1.00000 0.00000 0.00000 ( 1)  0.050 +-  0.000
 172 D   1.00000 0.00000 0.00000 ( 1)  0.050 +-  0.000
 173 M   1.00000 0.00000 0.00000 ( 1)  0.050 +-  0.000
 174 S   1.00000 0.00000 0.00000 ( 1)  0.050 +-  0.000
 175 T   1.00000 0.00000 0.00000 ( 1)  0.050 +-  0.000
 176 R   1.00000 0.00000 0.00000 ( 1)  0.050 +-  0.000
 177 S   0.99995 0.00005 0.00000 ( 1)  0.050 +-  0.007
 178 K   1.00000 0.00000 0.00000 ( 1)  0.050 +-  0.000
 179 I   1.00000 0.00000 0.00000 ( 1)  0.050 +-  0.000
 180 Q   1.00000 0.00000 0.00000 ( 1)  0.050 +-  0.000
 181 K   1.00000 0.00000 0.00000 ( 1)  0.050 +-  0.000
 182 L   1.00000 0.00000 0.00000 ( 1)  0.050 +-  0.000
 183 T   1.00000 0.00000 0.00000 ( 1)  0.050 +-  0.000
 184 K   0.00000 1.00000 0.00000 ( 2)  1.000 +-  0.000
 185 I   1.00000 0.00000 0.00000 ( 1)  0.050 +-  0.000
 186 M   1.00000 0.00000 0.00000 ( 1)  0.050 +-  0.000
 187 R   0.99966 0.00034 0.00000 ( 1)  0.050 +-  0.017
 188 E   1.00000 0.00000 0.00000 ( 1)  0.050 +-  0.000
 189 T   0.00000 1.00000 0.00000 ( 2)  1.000 +-  0.000
 190 V   0.93367 0.06633 0.00000 ( 1)  0.113 +-  0.236

Positively selected sites

	Prob(w>1)  mean w

     4 K      1.000**       3.583 +- 0.277
     6 V      1.000**       3.583 +- 0.277
     7 K      1.000**       3.583 +- 0.277
