Bayes Empirical Bayes (BEB) probabilities for 3 classes (class) & postmean_w
(amino acids refer to 1st sequence: Acgen)

   1 L   0.00000 0.99303 0.00697 ( 2)  1.004 +-  0.052
   2 G   1.00000 0.00000 0.00000 ( 1)  0.150 +-  0.001
   3 P   0.99991 0.00009 0.00000 ( 1)  0.150 +-  0.008
   4 A   0.00000 0.00123 0.99877 ( 3)  2.499 +-  0.358
   5 K   0.99952 0.00048 0.00000 ( 1)  0.150 +-  0.019
   6 E   0.99996 0.00004 0.00000 ( 1)  0.150 +-  0.006
   7 L   0.99940 0.00060 0.00000 ( 1)  0.151 +-  0.021
   8 V   0.99972 0.00028 0.00000 ( 1)  0.150 +-  0.014
   9 G   0.99983 0.00017 0.00000 ( 1)  0.150 +-  0.011
  10 T   0.98368 0.01632 0.00000 ( 1)  0.164 +-  0.108
  11 D   1.00000 0.00000 0.00000 ( 1)  0.150 +-  0.001
  12 Q   0.98603 0.01396 0.00001 ( 1)  0.162 +-  0.100
  13 F   0.98353 0.01647 0.00000 ( 1)  0.164 +-  0.108
  14 G   0.99878 0.00121 0.00000 ( 1)  0.151 +-  0.030
  15 N   1.00000 0.00000 0.00000 ( 1)  0.150 +-  0.001
  16 K   0.99717 0.00282 0.00000 ( 1)  0.152 +-  0.045
  17 Y   0.99713 0.00287 0.00000 ( 1)  0.152 +-  0.045
  18 Y   0.98203 0.01795 0.00002 ( 1)  0.165 +-  0.113
  19 R   1.00000 0.00000 0.00000 ( 1)  0.150 +-  0.001
  20 V   0.99759 0.00241 0.00000 ( 1)  0.152 +-  0.042
  21 P   0.99988 0.00012 0.00000 ( 1)  0.150 +-  0.009
  22 K   0.00333 0.99095 0.00572 ( 2)  1.002 +-  0.085
  23 H   0.99994 0.00006 0.00000 ( 1)  0.150 +-  0.007
  24 E   0.98295 0.01704 0.00000 ( 1)  0.164 +-  0.110
  25 T   0.00004 0.99809 0.00187 ( 2)  1.001 +-  0.024
  26 R   0.79873 0.20124 0.00003 ( 1)  0.321 +-  0.341
  27 A   0.54722 0.45251 0.00026 ( 1)  0.535 +-  0.423
  28 Q   0.07920 0.91806 0.00273 ( 2)  0.935 +-  0.234
  29 I   0.00107 0.99794 0.00099 ( 2)  1.000 +-  0.032
  30 I   0.99785 0.00215 0.00000 ( 1)  0.152 +-  0.039
  31 Q   0.05069 0.94465 0.00465 ( 2)  0.961 +-  0.198
  32 E   0.99818 0.00182 0.00000 ( 1)  0.152 +-  0.036
  33 R   0.99981 0.00019 0.00000 ( 1)  0.150 +-  0.012
  34 R   0.99922 0.00078 0.00000 ( 1)  0.151 +-  0.024
  35 F   0.99998 0.00002 0.00000 ( 1)  0.150 +-  0.004
  36 V   0.99969 0.00031 0.00000 ( 1)  0.150 +-  0.015
  37 E   0.98716 0.01284 0.00001 ( 1)  0.161 +-  0.096
  38 A   0.89310 0.10686 0.00004 ( 1)  0.241 +-  0.263
  39 I   0.21262 0.78725 0.00014 ( 2)  0.819 +-  0.348
  40 N   0.99990 0.00010 0.00000 ( 1)  0.150 +-  0.008
  41 R   0.01220 0.98742 0.00037 ( 2)  0.990 +-  0.094
  42 Q   0.93155 0.06841 0.00004 ( 1)  0.208 +-  0.215
  43 A   0.00959 0.98813 0.00228 ( 2)  0.993 +-  0.089
  44 Y   0.09790 0.89977 0.00232 ( 2)  0.918 +-  0.256
  45 L   0.00040 0.98753 0.01207 ( 2)  1.011 +-  0.120
  46 Y   0.99908 0.00092 0.00000 ( 1)  0.151 +-  0.026
  47 E   0.28881 0.71042 0.00077 ( 2)  0.755 +-  0.386
  48 M   0.00000 0.97740 0.02260 ( 2)  1.017 +-  0.131
  49 G   1.00000 0.00000 0.00000 ( 1)  0.150 +-  0.002
  50 D   1.00000 0.00000 0.00000 ( 1)  0.150 +-  0.001
  51 F   0.99998 0.00002 0.00000 ( 1)  0.150 +-  0.004
  52 P   0.99352 0.00647 0.00001 ( 1)  0.156 +-  0.068
  53 I   0.00035 0.99945 0.00019 ( 2)  1.000 +-  0.017
  54 E   0.99965 0.00035 0.00000 ( 1)  0.150 +-  0.016
  55 W   0.99284 0.00715 0.00001 ( 1)  0.156 +-  0.072
  56 E   0.99770 0.00230 0.00000 ( 1)  0.152 +-  0.041
  57 A   0.99998 0.00002 0.00000 ( 1)  0.150 +-  0.003
  58 W   0.99284 0.00715 0.00001 ( 1)  0.156 +-  0.072
  59 I   1.00000 0.00000 0.00000 ( 1)  0.150 +-  0.001
  60 R   0.99999 0.00001 0.00000 ( 1)  0.150 +-  0.003
  61 K   0.99968 0.00032 0.00000 ( 1)  0.150 +-  0.015
  62 K   0.99985 0.00015 0.00000 ( 1)  0.150 +-  0.010
  63 R   0.99997 0.00003 0.00000 ( 1)  0.150 +-  0.005
  64 N   0.00000 0.90842 0.09158 ( 2)  1.117 +-  0.390
  65 D   0.99998 0.00002 0.00000 ( 1)  0.150 +-  0.004
  66 P   0.99433 0.00566 0.00001 ( 1)  0.155 +-  0.064
  67 P   0.99972 0.00028 0.00000 ( 1)  0.150 +-  0.014
  68 T   0.99909 0.00091 0.00000 ( 1)  0.151 +-  0.026
  69 I   0.99984 0.00016 0.00000 ( 1)  0.150 +-  0.011
  70 E   0.99996 0.00004 0.00000 ( 1)  0.150 +-  0.006
  71 E   0.99996 0.00004 0.00000 ( 1)  0.150 +-  0.006
  72 I   1.00000 0.00000 0.00000 ( 1)  0.150 +-  0.002
  73 L   1.00000 0.00000 0.00000 ( 1)  0.150 +-  0.002
  74 K   0.00027 0.99860 0.00114 ( 2)  1.000 +-  0.022
  75 N   1.00000 0.00000 0.00000 ( 1)  0.150 +-  0.001
  76 E   0.99970 0.00030 0.00000 ( 1)  0.150 +-  0.015
  77 N   0.09641 0.90332 0.00027 ( 2)  0.918 +-  0.251
  78 Y   0.27216 0.72594 0.00190 ( 2)  0.770 +-  0.381
  79 R   0.99997 0.00003 0.00000 ( 1)  0.150 +-  0.005
  80 E   0.17017 0.82842 0.00141 ( 2)  0.856 +-  0.321
  81 E   0.99967 0.00033 0.00000 ( 1)  0.150 +-  0.016
  82 L   0.99999 0.00001 0.00000 ( 1)  0.150 +-  0.003
  83 K   0.99993 0.00007 0.00000 ( 1)  0.150 +-  0.007
  84 Q   0.00185 0.98897 0.00918 ( 2)  1.007 +-  0.106
  85 K   0.99999 0.00001 0.00000 ( 1)  0.150 +-  0.002
  86 I   1.00000 0.00000 0.00000 ( 1)  0.150 +-  0.002
  87 K   0.33760 0.66209 0.00031 ( 2)  0.713 +-  0.402
  88 D   0.99347 0.00653 0.00000 ( 1)  0.156 +-  0.068
  89 V   0.99957 0.00043 0.00000 ( 1)  0.150 +-  0.018
  90 S   0.01048 0.98937 0.00015 ( 2)  0.991 +-  0.087
  91 E   0.99797 0.00203 0.00000 ( 1)  0.152 +-  0.038
  92 K   0.97992 0.02007 0.00001 ( 1)  0.167 +-  0.119
  93 D   1.00000 0.00000 0.00000 ( 1)  0.150 +-  0.001
  94 K   0.61019 0.38942 0.00039 ( 1)  0.482 +-  0.415
  95 L   0.99997 0.00003 0.00000 ( 1)  0.150 +-  0.005
  96 L   1.00000 0.00000 0.00000 ( 1)  0.150 +-  0.002
  97 Q   0.99894 0.00106 0.00000 ( 1)  0.151 +-  0.028
  98 A   0.56774 0.43214 0.00012 ( 1)  0.517 +-  0.421
  99 K   0.15904 0.83941 0.00155 ( 2)  0.866 +-  0.312
 100 E   0.77058 0.22928 0.00015 ( 1)  0.345 +-  0.358
 101 Y   0.91673 0.08316 0.00011 ( 1)  0.221 +-  0.235
 102 K   0.00103 0.99377 0.00520 ( 2)  1.003 +-  0.067
 103 E   0.86853 0.13142 0.00006 ( 1)  0.262 +-  0.287
 104 G   1.00000 0.00000 0.00000 ( 1)  0.150 +-  0.001
 105 L   0.99989 0.00011 0.00000 ( 1)  0.150 +-  0.009
 106 V   0.99999 0.00001 0.00000 ( 1)  0.150 +-  0.002
 107 A   1.00000 0.00000 0.00000 ( 1)  0.150 +-  0.001
 108 E   0.50059 0.49881 0.00060 ( 1)  0.575 +-  0.426
 109 P   0.97937 0.02061 0.00002 ( 1)  0.168 +-  0.121
 110 A   0.00000 0.99590 0.00410 ( 2)  1.002 +-  0.037
 111 H   0.89069 0.10930 0.00000 ( 1)  0.243 +-  0.265
 112 T   0.99999 0.00001 0.00000 ( 1)  0.150 +-  0.003
 113 Q   0.00000 0.99470 0.00530 ( 2)  1.003 +-  0.047
 114 V   0.99752 0.00248 0.00000 ( 1)  0.152 +-  0.042
 115 K   0.99953 0.00047 0.00000 ( 1)  0.150 +-  0.018
 116 G   0.99981 0.00019 0.00000 ( 1)  0.150 +-  0.012
 117 H   1.00000 0.00000 0.00000 ( 1)  0.150 +-  0.001
 118 A   0.99998 0.00002 0.00000 ( 1)  0.150 +-  0.003
 119 S   1.00000 0.00000 0.00000 ( 1)  0.150 +-  0.001
 120 A   0.99999 0.00001 0.00000 ( 1)  0.150 +-  0.002
 121 P   0.99947 0.00053 0.00000 ( 1)  0.150 +-  0.019
 122 Y   0.56622 0.43263 0.00114 ( 1)  0.520 +-  0.423
 123 Y   0.99336 0.00664 0.00000 ( 1)  0.156 +-  0.069
 124 G   1.00000 0.00000 0.00000 ( 1)  0.150 +-  0.001
 125 K   0.98178 0.01821 0.00001 ( 1)  0.165 +-  0.114
 126 K   0.00000 0.08362 0.91638 ( 3)  2.362 +-  0.509
 127 E   0.99970 0.00030 0.00000 ( 1)  0.150 +-  0.015
 128 P   0.99969 0.00031 0.00000 ( 1)  0.150 +-  0.015
 129 S   1.00000 0.00000 0.00000 ( 1)  0.150 +-  0.002
 130 Q   0.25810 0.74107 0.00083 ( 2)  0.781 +-  0.373
 131 D   1.00000 0.00000 0.00000 ( 1)  0.150 +-  0.001
 132 P   0.99844 0.00156 0.00000 ( 1)  0.151 +-  0.034
 133 T   0.00545 0.99446 0.00009 ( 2)  0.995 +-  0.063
 134 S   1.00000 0.00000 0.00000 ( 1)  0.150 +-  0.001
 135 T   0.99863 0.00137 0.00000 ( 1)  0.151 +-  0.031
 136 A   0.99998 0.00002 0.00000 ( 1)  0.150 +-  0.004
 137 N   0.00029 0.99863 0.00109 ( 2)  1.000 +-  0.022
 138 T   0.10007 0.89940 0.00053 ( 2)  0.915 +-  0.255
 139 F   0.99996 0.00004 0.00000 ( 1)  0.150 +-  0.005
 140 Q   0.99894 0.00106 0.00000 ( 1)  0.151 +-  0.028
 141 P   0.99950 0.00050 0.00000 ( 1)  0.150 +-  0.019
 142 G   0.99999 0.00001 0.00000 ( 1)  0.150 +-  0.003
 143 S   0.99603 0.00397 0.00000 ( 1)  0.153 +-  0.053
 144 W   0.99284 0.00715 0.00001 ( 1)  0.156 +-  0.072
 145 M   0.97129 0.02871 0.00000 ( 1)  0.174 +-  0.142
 146 P   0.99480 0.00519 0.00001 ( 1)  0.154 +-  0.061
 147 P   0.09922 0.89281 0.00797 ( 2)  0.924 +-  0.276
 148 G   0.00001 0.98654 0.01346 ( 2)  1.012 +-  0.118
 149 S   0.99936 0.00064 0.00000 ( 1)  0.151 +-  0.022
 150 G   0.00007 0.99821 0.00173 ( 2)  1.001 +-  0.023
 151 S   0.00212 0.99712 0.00076 ( 2)  0.999 +-  0.042
 152 S   0.00000 0.99606 0.00394 ( 2)  1.002 +-  0.037
 153 H   0.00000 0.57474 0.42526 ( 2)  1.595 +-  0.720
 154 N   0.00001 0.99800 0.00199 ( 2)  1.001 +-  0.024
 155 K   0.99955 0.00045 0.00000 ( 1)  0.150 +-  0.018
