# Extracted from OG0010575_00.rst: NEB section

Naive Empirical Bayes (NEB) probabilities for 2 classes & postmean_w
(amino acids refer to 1st sequence: Acchl)

   1 -   0.99936 0.00064 ( 1)  0.184
   2 -   1.00000 0.00000 ( 1)  0.183
   3 -   1.00000 0.00000 ( 1)  0.183
   4 -   0.99998 0.00002 ( 1)  0.183
   5 -   0.99996 0.00004 ( 1)  0.183
   6 -   1.00000 0.00000 ( 1)  0.183
   7 -   0.99998 0.00002 ( 1)  0.183
   8 -   0.44482 0.55518 ( 2)  0.637
   9 -   0.00000 1.00000 ( 2)  1.000
  10 -   1.00000 0.00000 ( 1)  0.183
  11 -   0.26996 0.73004 ( 2)  0.780
  12 -   0.99975 0.00025 ( 1)  0.184
  13 -   0.88248 0.11752 ( 1)  0.279
  14 -   1.00000 0.00000 ( 1)  0.183
  15 -   1.00000 0.00000 ( 1)  0.183
  16 -   1.00000 0.00000 ( 1)  0.183
  17 -   1.00000 0.00000 ( 1)  0.183
  18 -   1.00000 0.00000 ( 1)  0.183
  19 -   0.99998 0.00002 ( 1)  0.183
  20 -   1.00000 0.00000 ( 1)  0.183
  21 -   1.00000 0.00000 ( 1)  0.183
  22 -   0.99952 0.00048 ( 1)  0.184
  23 -   1.00000 0.00000 ( 1)  0.183
  24 -   0.99848 0.00152 ( 1)  0.185
  25 -   1.00000 0.00000 ( 1)  0.183
  26 -   1.00000 0.00000 ( 1)  0.183
  27 -   0.00004 0.99996 ( 2)  1.000
  28 -   1.00000 0.00000 ( 1)  0.183
  29 -   0.99684 0.00316 ( 1)  0.186
  30 -   1.00000 0.00000 ( 1)  0.183
  31 -   0.00000 1.00000 ( 2)  1.000
  32 -   0.97796 0.02204 ( 1)  0.201
  33 -   0.95983 0.04017 ( 1)  0.216
  34 -   1.00000 0.00000 ( 1)  0.183
  35 -   0.99983 0.00017 ( 1)  0.184
  36 -   0.99973 0.00027 ( 1)  0.184
  37 -   0.99997 0.00003 ( 1)  0.183
  38 -   0.78088 0.21912 ( 1)  0.362
  39 -   0.00084 0.99916 ( 2)  0.999
  40 -   0.99983 0.00017 ( 1)  0.184
  41 -   1.00000 0.00000 ( 1)  0.183
  42 -   1.00000 0.00000 ( 1)  0.183
  43 -   0.00000 1.00000 ( 2)  1.000
  44 -   0.99996 0.00004 ( 1)  0.183
  45 -   1.00000 0.00000 ( 1)  0.183
  46 -   0.99993 0.00007 ( 1)  0.183
  47 -   0.99613 0.00387 ( 1)  0.187
  48 -   1.00000 0.00000 ( 1)  0.183
  49 -   1.00000 0.00000 ( 1)  0.183
  50 -   0.99997 0.00003 ( 1)  0.183
  51 -   1.00000 0.00000 ( 1)  0.183
  52 -   0.00000 1.00000 ( 2)  1.000
  53 -   0.33002 0.66998 ( 2)  0.731
  54 I   0.00000 1.00000 ( 2)  1.000
  55 I   0.99962 0.00038 ( 1)  0.184
  56 F   0.99995 0.00005 ( 1)  0.183
  57 L   0.99993 0.00007 ( 1)  0.183
  58 S   0.00005 0.99995 ( 2)  1.000
  59 C   1.00000 0.00000 ( 1)  0.183
  60 -   1.00000 0.00000 ( 1)  0.183
  61 M   0.00011 0.99989 ( 2)  1.000
  62 D   0.00079 0.99921 ( 2)  0.999
  63 R   1.00000 0.00000 ( 1)  0.183
  64 Q   1.00000 0.00000 ( 1)  0.183
  65 L   0.99982 0.00018 ( 1)  0.184
  66 K   0.88107 0.11893 ( 1)  0.281
  67 A   0.99934 0.00066 ( 1)  0.184
  68 N   1.00000 0.00000 ( 1)  0.183
  69 E   1.00000 0.00000 ( 1)  0.183
  70 P   1.00000 0.00000 ( 1)  0.183
  71 L   0.99988 0.00012 ( 1)  0.183
  72 E   0.99972 0.00028 ( 1)  0.184
  73 K   0.99994 0.00006 ( 1)  0.183
  74 L   1.00000 0.00000 ( 1)  0.183
  75 L   0.99999 0.00001 ( 1)  0.183
  76 I   0.00090 0.99910 ( 2)  0.999
  77 N   0.06676 0.93324 ( 2)  0.945
  78 E   0.99985 0.00015 ( 1)  0.184
  79 K   0.97579 0.02421 ( 1)  0.203
  80 S   0.00000 1.00000 ( 2)  1.000
  81 E   0.85690 0.14310 ( 1)  0.300
  82 E   0.20670 0.79330 ( 2)  0.831
  83 K   0.59131 0.40869 ( 1)  0.517
  84 P   0.00020 0.99980 ( 2)  1.000
  85 E   0.00000 1.00000 ( 2)  1.000
  86 K   0.99978 0.00022 ( 1)  0.184
  87 L   0.00000 1.00000 ( 2)  1.000
