# Extracted from OG0011878_00.rst: BEB section

Bayes Empirical Bayes (BEB) probabilities for 3 classes (class) & postmean_w
(amino acids refer to 1st sequence: Acgen)

   1 M   1.00000 0.00000 0.00000 ( 1)  0.050 +-  0.000
   2 S   0.00000 0.99967 0.00033 ( 2)  1.000 +-  0.009
   3 G   0.99931 0.00069 0.00000 ( 1)  0.051 +-  0.025
   4 Y   0.00000 0.98920 0.01080 ( 2)  1.005 +-  0.052
   5 S   0.00000 0.99683 0.00317 ( 2)  1.002 +-  0.028
   6 E   0.00000 0.87645 0.12355 ( 2)  1.063 +-  0.174
   7 D   1.00000 0.00000 0.00000 ( 1)  0.050 +-  0.000
   8 E   1.00000 0.00000 0.00000 ( 1)  0.050 +-  0.000
   9 K   0.00000 0.99979 0.00021 ( 2)  1.000 +-  0.007
  10 L   0.99999 0.00001 0.00000 ( 1)  0.050 +-  0.003
  11 R   1.00000 0.00000 0.00000 ( 1)  0.050 +-  0.000
  12 L   0.00000 0.99798 0.00202 ( 2)  1.001 +-  0.023
  13 Q   1.00000 0.00000 0.00000 ( 1)  0.050 +-  0.000
  14 Q   1.00000 0.00000 0.00000 ( 1)  0.050 +-  0.000
  15 L   1.00000 0.00000 0.00000 ( 1)  0.050 +-  0.000
  16 R   1.00000 0.00000 0.00000 ( 1)  0.050 +-  0.000
  17 A   0.00000 0.99981 0.00019 ( 2)  1.000 +-  0.007
  18 L   0.99999 0.00001 0.00000 ( 1)  0.050 +-  0.002
  19 R   1.00000 0.00000 0.00000 ( 1)  0.050 +-  0.000
  20 R   1.00000 0.00000 0.00000 ( 1)  0.050 +-  0.000
  21 R   1.00000 0.00000 0.00000 ( 1)  0.050 +-  0.000
  22 W   1.00000 0.00000 0.00000 ( 1)  0.050 +-  0.000
  23 L   0.99999 0.00001 0.00000 ( 1)  0.050 +-  0.002
  24 R   1.00000 0.00000 0.00000 ( 1)  0.050 +-  0.000
  25 D   1.00000 0.00000 0.00000 ( 1)  0.050 +-  0.000
  26 Q   1.00000 0.00000 0.00000 ( 1)  0.050 +-  0.000
  27 E   1.00000 0.00000 0.00000 ( 1)  0.050 +-  0.000
  28 L   1.00000 0.00000 0.00000 ( 1)  0.050 +-  0.001
  29 S   1.00000 0.00000 0.00000 ( 1)  0.050 +-  0.000
  30 E   0.99992 0.00008 0.00000 ( 1)  0.050 +-  0.008
  31 R   1.00000 0.00000 0.00000 ( 1)  0.050 +-  0.000
  32 E   1.00000 0.00000 0.00000 ( 1)  0.050 +-  0.000
  33 P   1.00000 0.00000 0.00000 ( 1)  0.050 +-  0.000
  34 V   1.00000 0.00000 0.00000 ( 1)  0.050 +-  0.000
  35 L   0.99992 0.00008 0.00000 ( 1)  0.050 +-  0.008
  36 P   1.00000 0.00000 0.00000 ( 1)  0.050 +-  0.000
  37 P   0.00000 0.99901 0.00099 ( 2)  1.000 +-  0.016
  38 R   0.00001 0.99978 0.00021 ( 2)  1.000 +-  0.008
  39 R   0.00000 0.12384 0.87616 ( 3)  2.120 +-  0.573
  40 L   0.16985 0.83014 0.00002 ( 2)  0.839 +-  0.357
  41 G   1.00000 0.00000 0.00000 ( 1)  0.050 +-  0.000
  42 P   0.99999 0.00001 0.00000 ( 1)  0.050 +-  0.003
  43 V   0.03302 0.96693 0.00005 ( 2)  0.969 +-  0.170
  44 A   0.99999 0.00001 0.00000 ( 1)  0.050 +-  0.003
  45 A   0.99987 0.00013 0.00000 ( 1)  0.050 +-  0.011
  46 F   1.00000 0.00000 0.00000 ( 1)  0.050 +-  0.001
  47 W   1.00000 0.00000 0.00000 ( 1)  0.050 +-  0.000
  48 E   0.99254 0.00746 0.00000 ( 1)  0.057 +-  0.082
  49 R   0.00000 0.99996 0.00004 ( 2)  1.000 +-  0.003
  50 F   1.00000 0.00000 0.00000 ( 1)  0.050 +-  0.001
  51 L   0.99737 0.00263 0.00000 ( 1)  0.052 +-  0.049
  52 Q   0.00000 0.99947 0.00053 ( 2)  1.000 +-  0.011
  53 P   0.99971 0.00029 0.00000 ( 1)  0.050 +-  0.016
  54 G   1.00000 0.00000 0.00000 ( 1)  0.050 +-  0.000
  55 G   0.00000 0.99998 0.00002 ( 2)  1.000 +-  0.002
  56 F   0.00000 0.98882 0.01118 ( 2)  1.006 +-  0.053
  57 W   1.00000 0.00000 0.00000 ( 1)  0.050 +-  0.000
  58 R   1.00000 0.00000 0.00000 ( 1)  0.050 +-  0.000
  59 H   0.00000 0.99515 0.00485 ( 2)  1.002 +-  0.035
  60 Q   0.99996 0.00004 0.00000 ( 1)  0.050 +-  0.006
  61 V   1.00000 0.00000 0.00000 ( 1)  0.050 +-  0.001
  62 F   0.00000 0.99979 0.00021 ( 2)  1.000 +-  0.007
  63 K   0.00000 0.99926 0.00074 ( 2)  1.000 +-  0.014
  64 A   0.00000 0.72185 0.27815 ( 2)  1.239 +-  0.461
  65 Y   0.00000 0.99990 0.00010 ( 2)  1.000 +-  0.005
  66 E   0.00000 0.99815 0.00185 ( 2)  1.001 +-  0.021
  67 T   0.00000 0.80322 0.19678 ( 2)  1.108 +-  0.237
  68 G   0.00000 0.99384 0.00616 ( 2)  1.003 +-  0.039
  69 G   0.00000 0.99501 0.00499 ( 2)  1.002 +-  0.035
  70 F   0.27869 0.72097 0.00035 ( 2)  0.735 +-  0.426
  71 I   0.00000 0.04175 0.95825 ( 3)  2.241 +-  0.473
  72 L   0.00000 0.00002 0.99998 ( 3)  2.301 +-  0.399
  73 T   0.00000 0.00561 0.99439 ( 3)  2.294 +-  0.410
  74 R   0.99997 0.00003 0.00000 ( 1)  0.050 +-  0.005
  75 V   0.00046 0.99948 0.00006 ( 2)  1.000 +-  0.021
  76 L   0.99927 0.00073 0.00000 ( 1)  0.051 +-  0.026
  77 V   0.00000 0.99945 0.00055 ( 2)  1.000 +-  0.012
  78 P   1.00000 0.00000 0.00000 ( 1)  0.050 +-  0.000
  79 A   0.97457 0.02543 0.00000 ( 1)  0.074 +-  0.150
  80 W   0.74550 0.25446 0.00004 ( 1)  0.292 +-  0.414
  81 I   0.00000 0.99949 0.00051 ( 2)  1.000 +-  0.011
  82 I   0.00000 0.91365 0.08635 ( 2)  1.043 +-  0.141
  83 L   0.00000 0.99976 0.00024 ( 2)  1.000 +-  0.008
  84 Y   0.99997 0.00003 0.00000 ( 1)  0.050 +-  0.005
  85 Y   0.00000 0.90011 0.09989 ( 2)  1.054 +-  0.173
  86 L   0.00000 0.00558 0.99442 ( 3)  2.295 +-  0.409
  87 K   1.00000 0.00000 0.00000 ( 1)  0.050 +-  0.000
  88 Y   0.99997 0.00003 0.00000 ( 1)  0.050 +-  0.005
  89 H   1.00000 0.00000 0.00000 ( 1)  0.050 +-  0.000
  90 V   0.00000 0.90562 0.09438 ( 2)  1.048 +-  0.148
  91 M   0.00000 0.99915 0.00085 ( 2)  1.000 +-  0.015
  92 P   0.89538 0.10462 0.00000 ( 1)  0.149 +-  0.291
  93 H   0.00000 0.99898 0.00102 ( 2)  1.001 +-  0.016
  94 G   0.99657 0.00343 0.00000 ( 1)  0.053 +-  0.056
  95 V   0.00000 0.67002 0.32998 ( 2)  1.330 +-  0.551
  96 V   0.00000 0.97175 0.02825 ( 2)  1.014 +-  0.085
  97 M   0.00000 0.00021 0.99979 ( 3)  2.301 +-  0.400
  98 S   0.00000 0.99994 0.00006 ( 2)  1.000 +-  0.004
  99 N   1.00000 0.00000 0.00000 ( 1)  0.050 +-  0.000
 100 P   0.00186 0.99006 0.00808 ( 2)  1.002 +-  0.062
 101 R   0.00000 0.99923 0.00077 ( 2)  1.000 +-  0.014
 102 I   0.00005 0.99985 0.00011 ( 2)  1.000 +-  0.008
 103 F   0.00000 0.99284 0.00716 ( 2)  1.004 +-  0.042
 104 P   0.97066 0.02929 0.00005 ( 1)  0.078 +-  0.160
 105 G   1.00000 0.00000 0.00000 ( 1)  0.050 +-  0.000
 106 D   1.00000 0.00000 0.00000 ( 1)  0.050 +-  0.000
 107 R   1.00000 0.00000 0.00000 ( 1)  0.050 +-  0.000
 108 I   0.99999 0.00001 0.00000 ( 1)  0.050 +-  0.003
 109 L   1.00000 0.00000 0.00000 ( 1)  0.050 +-  0.002
 110 E   1.00000 0.00000 0.00000 ( 1)  0.050 +-  0.000
 111 T   1.00000 0.00000 0.00000 ( 1)  0.050 +-  0.000
 112 G   1.00000 0.00000 0.00000 ( 1)  0.050 +-  0.000
 113 E   1.00000 0.00000 0.00000 ( 1)  0.050 +-  0.000
 114 V   0.00000 0.99225 0.00775 ( 2)  1.004 +-  0.044
 115 M   0.00000 0.99975 0.00025 ( 2)  1.000 +-  0.008
 116 P   0.99978 0.00022 0.00000 ( 1)  0.050 +-  0.014
 117 P   1.00000 0.00000 0.00000 ( 1)  0.050 +-  0.000
 118 L   0.02218 0.97575 0.00207 ( 2)  0.980 +-  0.142
 119 K   0.00000 0.99981 0.00019 ( 2)  1.000 +-  0.007
 120 E   0.50498 0.49500 0.00002 ( 1)  0.520 +-  0.475
 121 E   0.00000 0.99909 0.00091 ( 2)  1.000 +-  0.015
 122 P   0.00000 0.98390 0.01610 ( 2)  1.008 +-  0.063
 123 H   0.00000 0.89471 0.10529 ( 2)  1.054 +-  0.159
 124 E   0.00000 0.10268 0.89732 ( 3)  2.153 +-  0.551
 125 H   1.00000 0.00000 0.00000 ( 1)  0.050 +-  0.000
 126 H   1.00000 0.00000 0.00000 ( 1)  0.050 +-  0.000

Positively selected sites

	Prob(w>1)  mean w

    39 R      0.876         2.120 +- 0.573
    71 I      0.958*        2.241 +- 0.473
    72 L      1.000**       2.301 +- 0.399
    73 T      0.994**       2.294 +- 0.410
    86 L      0.994**       2.295 +- 0.409
    97 M      1.000**       2.301 +- 0.400
   124 E      0.897         2.153 +- 0.551
