# Extracted from OG0011116_00.rst: NEB section

Naive Empirical Bayes (NEB) probabilities for 2 classes & postmean_w
(amino acids refer to 1st sequence: Acchl)

   1 -   0.55674 0.44326 ( 1)  0.490
   2 S   1.00000 0.00000 ( 1)  0.083
   3 L   0.99942 0.00058 ( 1)  0.084
   4 S   1.00000 0.00000 ( 1)  0.083
   5 T   0.97563 0.02437 ( 1)  0.106
   6 S   0.98727 0.01273 ( 1)  0.095
   7 T   0.96687 0.03313 ( 1)  0.114
   8 W   0.61010 0.38990 ( 1)  0.441
   9 R   0.99993 0.00007 ( 1)  0.083
  10 L   0.92777 0.07223 ( 1)  0.150
  11 A   0.95123 0.04877 ( 1)  0.128
  12 Q   0.00000 1.00000 ( 2)  1.000
  13 D   0.00000 1.00000 ( 2)  1.000
  14 Q   0.99994 0.00006 ( 1)  0.083
  15 T   0.00667 0.99333 ( 2)  0.994
  16 R   0.00115 0.99885 ( 2)  0.999
  17 D   1.00000 0.00000 ( 1)  0.083
  18 T   0.99999 0.00001 ( 1)  0.083
  19 Q   0.99855 0.00145 ( 1)  0.085
  20 L   0.99999 0.00001 ( 1)  0.083
  21 I   0.99996 0.00004 ( 1)  0.083
  22 T   0.12708 0.87292 ( 2)  0.884
  23 V   0.99985 0.00015 ( 1)  0.083
  24 D   0.99999 0.00001 ( 1)  0.083
  25 E   0.99999 0.00001 ( 1)  0.083
  26 K   0.97487 0.02513 ( 1)  0.106
  27 L   0.99332 0.00668 ( 1)  0.089
  28 D   0.99999 0.00001 ( 1)  0.083
  29 I   0.99995 0.00005 ( 1)  0.083
  30 S   0.00000 1.00000 ( 2)  1.000
  31 S   0.00000 1.00000 ( 2)  1.000
  32 L   0.99752 0.00248 ( 1)  0.086
  33 T   0.99665 0.00335 ( 1)  0.086
  34 G   1.00000 0.00000 ( 1)  0.083
  35 V   1.00000 0.00000 ( 1)  0.083
  36 P   0.99993 0.00007 ( 1)  0.083
  37 D   0.00015 0.99985 ( 2)  1.000
  38 E   1.00000 0.00000 ( 1)  0.083
  39 H   1.00000 0.00000 ( 1)  0.083
  40 T   0.98751 0.01249 ( 1)  0.095
  41 K   0.99993 0.00007 ( 1)  0.083
  42 T   1.00000 0.00000 ( 1)  0.083
  43 R   1.00000 0.00000 ( 1)  0.083
  44 K   0.93146 0.06854 ( 1)  0.146
  45 V   1.00000 0.00000 ( 1)  0.083
  46 H   0.99998 0.00002 ( 1)  0.083
  47 I   1.00000 0.00000 ( 1)  0.083
  48 F   1.00000 0.00000 ( 1)  0.083
  49 V   0.99999 0.00001 ( 1)  0.083
  50 P   0.99885 0.00115 ( 1)  0.084
  51 A   0.57578 0.42422 ( 1)  0.472
  52 R   0.99947 0.00053 ( 1)  0.084
  53 N   1.00000 0.00000 ( 1)  0.083
  54 A   0.99999 0.00001 ( 1)  0.083
  55 M   1.00000 0.00000 ( 1)  0.083
  56 Q   0.99999 0.00001 ( 1)  0.083
  57 S   0.00053 0.99947 ( 2)  1.000
  58 G   1.00000 0.00000 ( 1)  0.083
  59 A   0.00000 1.00000 ( 2)  1.000
  60 N   0.99997 0.00003 ( 1)  0.083
  61 N   1.00000 0.00000 ( 1)  0.083
  62 T   0.99998 0.00002 ( 1)  0.083
  63 K   0.99875 0.00125 ( 1)  0.084
  64 K   0.99996 0.00004 ( 1)  0.083
  65 W   0.99585 0.00415 ( 1)  0.087
  66 K   1.00000 0.00000 ( 1)  0.083
  67 M   0.99979 0.00021 ( 1)  0.084
  68 E   1.00000 0.00000 ( 1)  0.083
  69 F   1.00000 0.00000 ( 1)  0.083
  70 D   1.00000 0.00000 ( 1)  0.083
  71 N   0.99956 0.00044 ( 1)  0.084
  72 R   1.00000 0.00000 ( 1)  0.083
  73 E   0.99995 0.00005 ( 1)  0.083
  74 R   0.99997 0.00003 ( 1)  0.083
  75 W   0.95945 0.04055 ( 1)  0.121
  76 E   1.00000 0.00000 ( 1)  0.083
  77 N   0.99997 0.00003 ( 1)  0.083
  78 P   0.99999 0.00001 ( 1)  0.083
  79 L   0.99992 0.00008 ( 1)  0.083
  80 M   1.00000 0.00000 ( 1)  0.083
  81 G   1.00000 0.00000 ( 1)  0.083
  82 W   0.99585 0.00415 ( 1)  0.087
  83 A   0.99998 0.00002 ( 1)  0.083
  84 S   1.00000 0.00000 ( 1)  0.083
  85 T   0.99991 0.00009 ( 1)  0.083
  86 A   1.00000 0.00000 ( 1)  0.083
  87 D   1.00000 0.00000 ( 1)  0.083
  88 P   1.00000 0.00000 ( 1)  0.083
  89 L   0.99981 0.00019 ( 1)  0.084
  90 S   0.99967 0.00033 ( 1)  0.084
  91 N   0.99996 0.00004 ( 1)  0.083
  92 M   0.00006 0.99994 ( 2)  1.000
  93 V   0.99964 0.00036 ( 1)  0.084
  94 L   1.00000 0.00000 ( 1)  0.083
  95 T   0.59204 0.40796 ( 1)  0.457
  96 F   1.00000 0.00000 ( 1)  0.083
  97 S   0.00012 0.99988 ( 2)  1.000
  98 T   0.60233 0.39767 ( 1)  0.448
  99 K   0.99993 0.00007 ( 1)  0.083
 100 E   0.99727 0.00273 ( 1)  0.086
 101 D   0.99979 0.00021 ( 1)  0.084
 102 A   0.99999 0.00001 ( 1)  0.083
 103 I   0.99996 0.00004 ( 1)  0.083
 104 A   0.99922 0.00078 ( 1)  0.084
 105 F   1.00000 0.00000 ( 1)  0.083
 106 A   1.00000 0.00000 ( 1)  0.083
 107 E   1.00000 0.00000 ( 1)  0.083
 108 K   0.99992 0.00008 ( 1)  0.083
 109 N   1.00000 0.00000 ( 1)  0.083
 110 G   0.99700 0.00300 ( 1)  0.086
 111 W   0.00000 1.00000 ( 2)  1.000
 112 S   0.04590 0.95410 ( 2)  0.958
 113 Y   1.00000 0.00000 ( 1)  0.083
 114 D   0.98895 0.01105 ( 1)  0.093
 115 V   0.00005 0.99995 ( 2)  1.000
 116 E   0.99961 0.00039 ( 1)  0.084
 117 E   0.97531 0.02469 ( 1)  0.106
 118 K   0.00065 0.99935 ( 2)  0.999
 119 K   0.00001 0.99999 ( 2)  1.000
 120 I   0.00000 1.00000 ( 2)  1.000
 121 P   0.20445 0.79555 ( 2)  0.813
 122 K   0.97863 0.02137 ( 1)  0.103
 123 P   0.99943 0.00057 ( 1)  0.084
 124 K   0.99840 0.00160 ( 1)  0.085
 125 S   0.00000 1.00000 ( 2)  1.000
 126 K   0.99997 0.00003 ( 1)  0.083
 127 S   0.99931 0.00069 ( 1)  0.084
 128 Y   0.99999 0.00001 ( 1)  0.083
 129 G   1.00000 0.00000 ( 1)  0.083
 130 A   0.92882 0.07118 ( 1)  0.149
 131 N   0.99988 0.00012 ( 1)  0.083
 132 F   1.00000 0.00000 ( 1)  0.083
 133 S   0.99754 0.00246 ( 1)  0.086
 134 W   0.52838 0.47162 ( 1)  0.516
 135 N   0.99888 0.00112 ( 1)  0.084
 136 K   0.99820 0.00180 ( 1)  0.085
 137 R   1.00000 0.00000 ( 1)  0.083
 138 T   0.97721 0.02279 ( 1)  0.104
 139 R   1.00000 0.00000 ( 1)  0.083
 140 V   1.00000 0.00000 ( 1)  0.083
 141 S   0.99992 0.00008 ( 1)  0.083
 142 T   0.99899 0.00101 ( 1)  0.084
 143 K   0.38015 0.61985 ( 2)  0.652
