# Extracted from OG0012038_00.rst: BEB section

Bayes Empirical Bayes (BEB) probabilities for 3 classes (class) & postmean_w
(amino acids refer to 1st sequence: Acgen)

   1 R   0.99987 0.00013 0.00000 ( 1)  0.135 +-  0.037
   2 Q   0.00036 0.99955 0.00009 ( 2)  1.000 +-  0.017
   3 A   0.00129 0.99868 0.00003 ( 2)  0.999 +-  0.031
   4 Y   1.00000 0.00000 0.00000 ( 1)  0.135 +-  0.036
   5 S   0.00000 0.99998 0.00002 ( 2)  1.000 +-  0.002
   6 A   0.00000 0.87522 0.12478 ( 2)  1.064 +-  0.174
   7 L   0.96409 0.03588 0.00002 ( 1)  0.168 +-  0.164
   8 F   0.99888 0.00112 0.00000 ( 1)  0.136 +-  0.046
   9 R   1.00000 0.00000 0.00000 ( 1)  0.135 +-  0.036
  10 R   1.00000 0.00000 0.00000 ( 1)  0.135 +-  0.036
  11 T   0.44104 0.55896 0.00000 ( 2)  0.625 +-  0.422
  12 S   1.00000 0.00000 0.00000 ( 1)  0.135 +-  0.036
  13 T   1.00000 0.00000 0.00000 ( 1)  0.135 +-  0.036
  14 F   1.00000 0.00000 0.00000 ( 1)  0.135 +-  0.036
  15 A   1.00000 0.00000 0.00000 ( 1)  0.135 +-  0.036
  16 L   1.00000 0.00000 0.00000 ( 1)  0.135 +-  0.036
  17 T   0.99993 0.00007 0.00000 ( 1)  0.135 +-  0.037
  18 I   0.89283 0.10717 0.00000 ( 1)  0.237 +-  0.265
  19 V   1.00000 0.00000 0.00000 ( 1)  0.135 +-  0.036
  20 L   0.99998 0.00002 0.00000 ( 1)  0.135 +-  0.036
  21 G   1.00000 0.00000 0.00000 ( 1)  0.135 +-  0.036
  22 A   1.00000 0.00000 0.00000 ( 1)  0.135 +-  0.036
  23 V   1.00000 0.00000 0.00000 ( 1)  0.135 +-  0.036
  24 L   0.00004 0.99961 0.00035 ( 2)  1.000 +-  0.011
  25 F   1.00000 0.00000 0.00000 ( 1)  0.135 +-  0.036
  26 E   1.00000 0.00000 0.00000 ( 1)  0.135 +-  0.036
  27 R   1.00000 0.00000 0.00000 ( 1)  0.135 +-  0.036
  28 A   0.98704 0.01296 0.00000 ( 1)  0.147 +-  0.104
  29 F   1.00000 0.00000 0.00000 ( 1)  0.135 +-  0.036
  30 D   1.00000 0.00000 0.00000 ( 1)  0.135 +-  0.036
  31 Q   1.00000 0.00000 0.00000 ( 1)  0.135 +-  0.036
  32 G   1.00000 0.00000 0.00000 ( 1)  0.135 +-  0.036
  33 A   1.00000 0.00000 0.00000 ( 1)  0.135 +-  0.036
  34 D   1.00000 0.00000 0.00000 ( 1)  0.135 +-  0.036
  35 A   1.00000 0.00000 0.00000 ( 1)  0.135 +-  0.036
  36 I   1.00000 0.00000 0.00000 ( 1)  0.135 +-  0.036
  37 F   1.00000 0.00000 0.00000 ( 1)  0.135 +-  0.036
  38 E   1.00000 0.00000 0.00000 ( 1)  0.135 +-  0.036
  39 H   0.00000 0.99978 0.00022 ( 2)  1.000 +-  0.007
  40 L   1.00000 0.00000 0.00000 ( 1)  0.135 +-  0.036
  41 N   1.00000 0.00000 0.00000 ( 1)  0.135 +-  0.036
  42 E   0.84812 0.15188 0.00000 ( 1)  0.279 +-  0.305
  43 G   1.00000 0.00000 0.00000 ( 1)  0.135 +-  0.036
  44 K   0.99995 0.00005 0.00000 ( 1)  0.135 +-  0.036
  45 L   0.99988 0.00012 0.00000 ( 1)  0.135 +-  0.037
  46 W   1.00000 0.00000 0.00000 ( 1)  0.135 +-  0.036
  47 K   0.99667 0.00332 0.00000 ( 1)  0.138 +-  0.061
  48 H   1.00000 0.00000 0.00000 ( 1)  0.135 +-  0.036
  49 I   1.00000 0.00000 0.00000 ( 1)  0.135 +-  0.036
  50 K   1.00000 0.00000 0.00000 ( 1)  0.135 +-  0.036
  51 H   1.00000 0.00000 0.00000 ( 1)  0.135 +-  0.036
  52 K   1.00000 0.00000 0.00000 ( 1)  0.135 +-  0.036
  53 Y   0.99360 0.00637 0.00003 ( 1)  0.140 +-  0.078
  54 E   1.00000 0.00000 0.00000 ( 1)  0.135 +-  0.036
  55 T   0.00000 0.99251 0.00749 ( 2)  1.004 +-  0.043

Positively selected sites

	Prob(w>1)  mean w
