# Extracted from OG0005623_00.rst: NEB section

Naive Empirical Bayes (NEB) probabilities for 2 classes & postmean_w
(amino acids refer to 1st sequence: Acchl)

   1 G   1.00000 0.00000 ( 1)  0.016
   2 R   1.00000 0.00000 ( 1)  0.016
   3 C   1.00000 0.00000 ( 1)  0.016
   4 Y   1.00000 0.00000 ( 1)  0.016
   5 S   1.00000 0.00000 ( 1)  0.016
   6 H   1.00000 0.00000 ( 1)  0.016
   7 G   1.00000 0.00000 ( 1)  0.016
   8 S   1.00000 0.00000 ( 1)  0.016
   9 Q   1.00000 0.00000 ( 1)  0.016
  10 E   1.00000 0.00000 ( 1)  0.016
  11 S   1.00000 0.00000 ( 1)  0.016
  12 D   1.00000 0.00000 ( 1)  0.016
  13 E   1.00000 0.00000 ( 1)  0.016
  14 E   1.00000 0.00000 ( 1)  0.016
  15 F   1.00000 0.00000 ( 1)  0.016
  16 D   1.00000 0.00000 ( 1)  0.016
  17 A   1.00000 0.00000 ( 1)  0.016
  18 R   1.00000 0.00000 ( 1)  0.016
  19 W   1.00000 0.00000 ( 1)  0.016
  20 V   1.00000 0.00000 ( 1)  0.016
  21 T   1.00000 0.00000 ( 1)  0.016
  22 Y   1.00000 0.00000 ( 1)  0.016
  23 F   1.00000 0.00000 ( 1)  0.016
  24 N   1.00000 0.00000 ( 1)  0.016
  25 K   1.00000 0.00000 ( 1)  0.016
  26 P   1.00000 0.00000 ( 1)  0.016
  27 D   1.00000 0.00000 ( 1)  0.016
  28 I   1.00000 0.00000 ( 1)  0.016
  29 D   1.00000 0.00000 ( 1)  0.016
  30 A   1.00000 0.00000 ( 1)  0.016
  31 W   1.00000 0.00000 ( 1)  0.016
  32 E   1.00000 0.00000 ( 1)  0.016
  33 L   1.00000 0.00000 ( 1)  0.016
  34 R   1.00000 0.00000 ( 1)  0.016
  35 K   1.00000 0.00000 ( 1)  0.016
  36 G   1.00000 0.00000 ( 1)  0.016
  37 V   0.97069 0.02931 ( 1)  0.044
  38 N   1.00000 0.00000 ( 1)  0.016
  39 T   1.00000 0.00000 ( 1)  0.016
  40 L   1.00000 0.00000 ( 1)  0.016
  41 V   1.00000 0.00000 ( 1)  0.016
  42 G   1.00000 0.00000 ( 1)  0.016
  43 Y   1.00000 0.00000 ( 1)  0.016
  44 D   1.00000 0.00000 ( 1)  0.016
  45 L   1.00000 0.00000 ( 1)  0.016
  46 V   1.00000 0.00000 ( 1)  0.016
  47 P   1.00000 0.00000 ( 1)  0.016
  48 E   1.00000 0.00000 ( 1)  0.016
  49 P   1.00000 0.00000 ( 1)  0.016
  50 K   1.00000 0.00000 ( 1)  0.016
  51 I   1.00000 0.00000 ( 1)  0.016
  52 L   1.00000 0.00000 ( 1)  0.016
  53 D   1.00000 0.00000 ( 1)  0.016
  54 A   1.00000 0.00000 ( 1)  0.016
  55 A   1.00000 0.00000 ( 1)  0.016
  56 L   1.00000 0.00000 ( 1)  0.016
  57 R   1.00000 0.00000 ( 1)  0.016
  58 A   1.00000 0.00000 ( 1)  0.016
  59 C   1.00000 0.00000 ( 1)  0.016
  60 R   1.00000 0.00000 ( 1)  0.016
  61 R   1.00000 0.00000 ( 1)  0.016
  62 L   1.00000 0.00000 ( 1)  0.016
  63 N   1.00000 0.00000 ( 1)  0.016
  64 D   1.00000 0.00000 ( 1)  0.016
  65 F   1.00000 0.00000 ( 1)  0.016
  66 A   1.00000 0.00000 ( 1)  0.016
  67 S   1.00000 0.00000 ( 1)  0.016
  68 A   1.00000 0.00000 ( 1)  0.016
  69 V   1.00000 0.00000 ( 1)  0.016
  70 R   1.00000 0.00000 ( 1)  0.016
  71 I   1.00000 0.00000 ( 1)  0.016
  72 L   1.00000 0.00000 ( 1)  0.016
  73 E   1.00000 0.00000 ( 1)  0.016
  74 V   1.00000 0.00000 ( 1)  0.016
  75 V   1.00000 0.00000 ( 1)  0.016
  76 K   1.00000 0.00000 ( 1)  0.016
  77 D   1.00000 0.00000 ( 1)  0.016
  78 K   1.00000 0.00000 ( 1)  0.016
  79 A   1.00000 0.00000 ( 1)  0.016
  80 G   1.00000 0.00000 ( 1)  0.016
  81 P   1.00000 0.00000 ( 1)  0.016
  82 H   1.00000 0.00000 ( 1)  0.016
  83 K   1.00000 0.00000 ( 1)  0.016
  84 E   0.00000 1.00000 ( 2)  1.000
  85 I   1.00000 0.00000 ( 1)  0.016
  86 Y   0.99999 0.00001 ( 1)  0.016
  87 P   1.00000 0.00000 ( 1)  0.016
  88 Y   1.00000 0.00000 ( 1)  0.016
  89 V   1.00000 0.00000 ( 1)  0.016
  90 I   1.00000 0.00000 ( 1)  0.016
  91 Q   1.00000 0.00000 ( 1)  0.016
  92 E   1.00000 0.00000 ( 1)  0.016
  93 L   1.00000 0.00000 ( 1)  0.016
  94 R   1.00000 0.00000 ( 1)  0.016
  95 P   1.00000 0.00000 ( 1)  0.016
  96 T   1.00000 0.00000 ( 1)  0.016
  97 L   1.00000 0.00000 ( 1)  0.016
  98 S   1.00000 0.00000 ( 1)  0.016
  99 E   1.00000 0.00000 ( 1)  0.016
 100 L   1.00000 0.00000 ( 1)  0.016
 101 G   1.00000 0.00000 ( 1)  0.016
 102 I   1.00000 0.00000 ( 1)  0.016
 103 S   1.00000 0.00000 ( 1)  0.016
 104 T   1.00000 0.00000 ( 1)  0.016
 105 P   1.00000 0.00000 ( 1)  0.016
 106 E   1.00000 0.00000 ( 1)  0.016
 107 E   1.00000 0.00000 ( 1)  0.016
 108 L   1.00000 0.00000 ( 1)  0.016
 109 G   1.00000 0.00000 ( 1)  0.016
 110 L   1.00000 0.00000 ( 1)  0.016
 111 D   1.00000 0.00000 ( 1)  0.016
 112 K   1.00000 0.00000 ( 1)  0.016
 113 A   1.00000 0.00000 ( 1)  0.016
