# Extracted from OG0010444_00.rst: BEB section

Bayes Empirical Bayes (BEB) probabilities for 3 classes (class) & postmean_w
(amino acids refer to 1st sequence: Acgen)

   1 P   0.99980 0.00020 0.00000 ( 1)  0.050 +-  0.013
   2 L   0.93817 0.06183 0.00000 ( 1)  0.109 +-  0.229
   3 L   0.00000 0.99528 0.00472 ( 2)  1.007 +-  0.103
   4 Q   0.98259 0.01741 0.00000 ( 1)  0.067 +-  0.124
   5 A   0.00001 0.99999 0.00000 ( 2)  1.000 +-  0.002
   6 C   0.00004 0.99996 0.00000 ( 2)  1.000 +-  0.006
   7 G   1.00000 0.00000 0.00000 ( 1)  0.050 +-  0.000
   8 L   0.00000 0.99896 0.00104 ( 2)  1.002 +-  0.048
   9 G   0.97065 0.02935 0.00000 ( 1)  0.078 +-  0.160
  10 A   0.00000 1.00000 0.00000 ( 2)  1.000 +-  0.001
  11 A   0.99990 0.00010 0.00000 ( 1)  0.050 +-  0.009
  12 L   0.04667 0.95329 0.00003 ( 2)  0.956 +-  0.201
  13 R   1.00000 0.00000 0.00000 ( 1)  0.050 +-  0.000
  14 S   1.00000 0.00000 0.00000 ( 1)  0.050 +-  0.000
  15 R   1.00000 0.00000 0.00000 ( 1)  0.050 +-  0.000
  16 A   0.99989 0.00011 0.00000 ( 1)  0.050 +-  0.010
  17 A   1.00000 0.00000 0.00000 ( 1)  0.050 +-  0.000
  18 L   1.00000 0.00000 0.00000 ( 1)  0.050 +-  0.000
  19 R   1.00000 0.00000 0.00000 ( 1)  0.050 +-  0.000
  20 P   1.00000 0.00000 0.00000 ( 1)  0.050 +-  0.000
  21 L   0.99993 0.00007 0.00000 ( 1)  0.050 +-  0.008
  22 G   0.99998 0.00002 0.00000 ( 1)  0.050 +-  0.005
  23 L   0.52350 0.47650 0.00001 ( 1)  0.503 +-  0.474
  24 L   0.99789 0.00211 0.00000 ( 1)  0.052 +-  0.044
  25 A   0.00000 1.00000 0.00000 ( 2)  1.000 +-  0.001
  26 P   1.00000 0.00000 0.00000 ( 1)  0.050 +-  0.000
  27 P   1.00000 0.00000 0.00000 ( 1)  0.050 +-  0.000
  28 S   0.00693 0.99307 0.00000 ( 2)  0.993 +-  0.079
  29 R   1.00000 0.00000 0.00000 ( 1)  0.050 +-  0.000
  30 G   0.00002 0.99998 0.00000 ( 2)  1.000 +-  0.004
  31 V   0.00000 0.00000 1.00000 ( 3)  2.729 +-  0.455
  32 T   0.00000 0.99980 0.00020 ( 2)  1.000 +-  0.021
  33 A   0.00003 0.99997 0.00000 ( 2)  1.000 +-  0.005
  34 A   0.00000 1.00000 0.00000 ( 2)  1.000 +-  0.001
  35 L   0.99758 0.00242 0.00000 ( 1)  0.052 +-  0.047
  36 E   0.00007 0.99993 0.00000 ( 2)  1.000 +-  0.008
  37 E   0.00000 0.99999 0.00001 ( 2)  1.000 +-  0.003
  38 N   0.99994 0.00006 0.00000 ( 1)  0.050 +-  0.008
  39 P   1.00000 0.00000 0.00000 ( 1)  0.050 +-  0.000
  40 F   0.25974 0.74026 0.00000 ( 2)  0.753 +-  0.417
  41 Y   0.91662 0.08338 0.00000 ( 1)  0.129 +-  0.263
  42 E   0.99667 0.00333 0.00000 ( 1)  0.053 +-  0.055
  43 K   0.00000 0.99999 0.00001 ( 2)  1.000 +-  0.003
  44 Y   0.99462 0.00538 0.00000 ( 1)  0.055 +-  0.070
  45 R   1.00000 0.00000 0.00000 ( 1)  0.050 +-  0.000
  46 H   0.96406 0.03594 0.00000 ( 1)  0.084 +-  0.177
  47 K   0.57651 0.42349 0.00000 ( 1)  0.452 +-  0.469
  48 I   1.00000 0.00000 0.00000 ( 1)  0.050 +-  0.000
  49 R   0.01490 0.98509 0.00000 ( 2)  0.986 +-  0.115
  50 E   0.99764 0.00236 0.00000 ( 1)  0.052 +-  0.046
  51 L   0.63432 0.36568 0.00000 ( 1)  0.397 +-  0.458
  52 R   0.06288 0.93712 0.00000 ( 2)  0.940 +-  0.231
  53 R   1.00000 0.00000 0.00000 ( 1)  0.050 +-  0.001
  54 S   1.00000 0.00000 0.00000 ( 1)  0.050 +-  0.001
  55 S   0.00000 1.00000 0.00000 ( 2)  1.000 +-  0.000
  56 P   1.00000 0.00000 0.00000 ( 1)  0.050 +-  0.000
  57 D   0.00000 1.00000 0.00000 ( 2)  1.000 +-  0.000
  58 V   1.00000 0.00000 0.00000 ( 1)  0.050 +-  0.000
  59 F   1.00000 0.00000 0.00000 ( 1)  0.050 +-  0.000
  60 E   0.99998 0.00002 0.00000 ( 1)  0.050 +-  0.004
  61 S   1.00000 0.00000 0.00000 ( 1)  0.050 +-  0.001
  62 R   1.00000 0.00000 0.00000 ( 1)  0.050 +-  0.000
  63 M   1.00000 0.00000 0.00000 ( 1)  0.050 +-  0.000
  64 E   1.00000 0.00000 0.00000 ( 1)  0.050 +-  0.000
  65 K   0.99999 0.00001 0.00000 ( 1)  0.050 +-  0.003
  66 R   1.00000 0.00000 0.00000 ( 1)  0.050 +-  0.000
  67 N   0.00000 1.00000 0.00000 ( 2)  1.000 +-  0.000
  68 E   0.99963 0.00037 0.00000 ( 1)  0.050 +-  0.018
  69 A   0.01373 0.98627 0.00000 ( 2)  0.987 +-  0.111
  70 K   1.00000 0.00000 0.00000 ( 1)  0.050 +-  0.000
  71 K   0.92549 0.07451 0.00000 ( 1)  0.121 +-  0.249
  72 Q   0.99997 0.00003 0.00000 ( 1)  0.050 +-  0.005
  73 P   1.00000 0.00000 0.00000 ( 1)  0.050 +-  0.000
  74 V   0.25288 0.74712 0.00000 ( 2)  0.760 +-  0.413
  75 G   1.00000 0.00000 0.00000 ( 1)  0.050 +-  0.000
  76 Y   0.00000 1.00000 0.00000 ( 2)  1.000 +-  0.000
  77 S   1.00000 0.00000 0.00000 ( 1)  0.050 +-  0.000
  78 S   0.00000 0.99999 0.00001 ( 2)  1.000 +-  0.003
  79 Q   1.00000 0.00000 0.00000 ( 1)  0.050 +-  0.000
  80 G   0.99858 0.00142 0.00000 ( 1)  0.051 +-  0.036
  81 E   1.00000 0.00000 0.00000 ( 1)  0.050 +-  0.001
  82 F   1.00000 0.00000 0.00000 ( 1)  0.050 +-  0.000
  83 I   0.99968 0.00032 0.00000 ( 1)  0.050 +-  0.017
  84 R   0.00118 0.99882 0.00000 ( 2)  0.999 +-  0.033
  85 C   1.00000 0.00000 0.00000 ( 1)  0.050 +-  0.000
  86 M   1.00000 0.00000 0.00000 ( 1)  0.050 +-  0.000
  87 E   1.00000 0.00000 0.00000 ( 1)  0.050 +-  0.001
  88 E   1.00000 0.00000 0.00000 ( 1)  0.050 +-  0.001
  89 K   1.00000 0.00000 0.00000 ( 1)  0.050 +-  0.001
  90 -   1.00000 0.00000 0.00000 ( 1)  0.050 +-  0.001
  91 -   1.00000 0.00000 0.00000 ( 1)  0.050 +-  0.000
  92 -   0.00000 0.99317 0.00683 ( 2)  1.010 +-  0.123
  93 E   0.00000 0.05374 0.94626 ( 3)  2.586 +-  0.530
  94 G   0.00001 0.99999 0.00000 ( 2)  1.000 +-  0.003
  95 L   0.00000 0.99993 0.00007 ( 2)  1.000 +-  0.012
  96 G   0.00001 0.99999 0.00000 ( 2)  1.000 +-  0.003
  97 T   0.00089 0.99911 0.00000 ( 2)  0.999 +-  0.028
  98 K   0.98815 0.01185 0.00000 ( 1)  0.061 +-  0.103
  99 T   0.00000 1.00000 0.00000 ( 2)  1.000 +-  0.001
 100 S   0.00001 0.99999 0.00000 ( 2)  1.000 +-  0.003
 101 K   0.77767 0.22233 0.00000 ( 1)  0.261 +-  0.395
 102 G   0.99994 0.00006 0.00000 ( 1)  0.050 +-  0.007
 103 G   0.99533 0.00467 0.00000 ( 1)  0.054 +-  0.065
 104 F   1.00000 0.00000 0.00000 ( 1)  0.050 +-  0.000
 105 T   1.00000 0.00000 0.00000 ( 1)  0.050 +-  0.000
 106 K   0.14959 0.85041 0.00000 ( 2)  0.858 +-  0.339
 107 D   0.00000 1.00000 0.00000 ( 2)  1.000 +-  0.001
 108 K   0.86172 0.13828 0.00000 ( 1)  0.181 +-  0.328
 109 T   1.00000 0.00000 0.00000 ( 1)  0.050 +-  0.000
 110 L   1.00000 0.00000 0.00000 ( 1)  0.050 +-  0.000
 111 D   0.99889 0.00111 0.00000 ( 1)  0.051 +-  0.032
 112 S   1.00000 0.00000 0.00000 ( 1)  0.050 +-  0.000
 113 I   0.55015 0.44985 0.00000 ( 1)  0.477 +-  0.473
 114 L   1.00000 0.00000 0.00000 ( 1)  0.050 +-  0.000
 115 N   1.00000 0.00000 0.00000 ( 1)  0.050 +-  0.000
 116 V   0.00059 0.99941 0.00000 ( 2)  0.999 +-  0.023
 117 E   0.99967 0.00033 0.00000 ( 1)  0.050 +-  0.017
 118 M   1.00000 0.00000 0.00000 ( 1)  0.050 +-  0.000
 119 V   1.00000 0.00000 0.00000 ( 1)  0.050 +-  0.000
 120 K   1.00000 0.00000 0.00000 ( 1)  0.050 +-  0.001
 121 E   0.29515 0.70485 0.00000 ( 2)  0.720 +-  0.433
 122 K   1.00000 0.00000 0.00000 ( 1)  0.050 +-  0.000
 123 S   0.99768 0.00232 0.00000 ( 1)  0.052 +-  0.046
 124 A   1.00000 0.00000 0.00000 ( 1)  0.050 +-  0.000
 125 E   0.99998 0.00002 0.00000 ( 1)  0.050 +-  0.004
 126 E   1.00000 0.00000 0.00000 ( 1)  0.050 +-  0.000
 127 I   1.00000 0.00000 0.00000 ( 1)  0.050 +-  0.000
 128 K   0.99999 0.00001 0.00000 ( 1)  0.050 +-  0.002
 129 Q   0.99964 0.00036 0.00000 ( 1)  0.050 +-  0.018
 130 I   1.00000 0.00000 0.00000 ( 1)  0.050 +-  0.000
 131 W   1.00000 0.00000 0.00000 ( 1)  0.050 +-  0.000
 132 N   0.13866 0.86134 0.00000 ( 2)  0.868 +-  0.328
 133 Q   0.02085 0.97915 0.00000 ( 2)  0.980 +-  0.136
 134 Y   1.00000 0.00000 0.00000 ( 1)  0.050 +-  0.001
 135 F   1.00000 0.00000 0.00000 ( 1)  0.050 +-  0.001
 136 S   1.00000 0.00000 0.00000 ( 1)  0.050 +-  0.000
 137 A   0.99972 0.00028 0.00000 ( 1)  0.050 +-  0.016
 138 K   1.00000 0.00000 0.00000 ( 1)  0.050 +-  0.000
 139 D   1.00000 0.00000 0.00000 ( 1)  0.050 +-  0.000
 140 T   1.00000 0.00000 0.00000 ( 1)  0.050 +-  0.000
 141 V   1.00000 0.00000 0.00000 ( 1)  0.050 +-  0.000
 142 Y   0.99994 0.00006 0.00000 ( 1)  0.050 +-  0.007
 143 A   1.00000 0.00000 0.00000 ( 1)  0.050 +-  0.000
 144 V   1.00000 0.00000 0.00000 ( 1)  0.050 +-  0.000
 145 I   1.00000 0.00000 0.00000 ( 1)  0.050 +-  0.000
 146 P   1.00000 0.00000 0.00000 ( 1)  0.050 +-  0.000
 147 A   1.00000 0.00000 0.00000 ( 1)  0.050 +-  0.001
 148 E   0.00377 0.99623 0.00000 ( 2)  0.996 +-  0.058
 149 K   1.00000 0.00000 0.00000 ( 1)  0.050 +-  0.001
 150 F   1.00000 0.00000 0.00000 ( 1)  0.050 +-  0.000
 151 D   1.00000 0.00000 0.00000 ( 1)  0.050 +-  0.000
 152 L   0.00000 1.00000 0.00000 ( 2)  1.000 +-  0.000
 153 I   0.00000 1.00000 0.00000 ( 2)  1.000 +-  0.000
 154 W   0.00018 0.99982 0.00000 ( 2)  1.000 +-  0.013
 155 K   0.01405 0.98595 0.00000 ( 2)  0.987 +-  0.112
 156 R   1.00000 0.00000 0.00000 ( 1)  0.050 +-  0.000
 157 A   1.00000 0.00000 0.00000 ( 1)  0.050 +-  0.000
 158 Q   0.99998 0.00002 0.00000 ( 1)  0.050 +-  0.005
 159 K   0.00000 0.99998 0.00002 ( 2)  1.000 +-  0.005
 160 C   1.00000 0.00000 0.00000 ( 1)  0.050 +-  0.000
 161 P   1.00000 0.00000 0.00000 ( 1)  0.050 +-  0.000
 162 S   1.00000 0.00000 0.00000 ( 1)  0.050 +-  0.000
 163 F   1.00000 0.00000 0.00000 ( 1)  0.050 +-  0.000
 164 L   1.00000 0.00000 0.00000 ( 1)  0.050 +-  0.000
 165 Y   1.00000 0.00000 0.00000 ( 1)  0.050 +-  0.002
 166 A   1.00000 0.00000 0.00000 ( 1)  0.050 +-  0.000
 167 L   1.00000 0.00000 0.00000 ( 1)  0.050 +-  0.001
 168 P   1.00000 0.00000 0.00000 ( 1)  0.050 +-  0.000
 169 R   1.00000 0.00000 0.00000 ( 1)  0.050 +-  0.000
 170 K   1.00000 0.00000 0.00000 ( 1)  0.050 +-  0.000
 171 E   1.00000 0.00000 0.00000 ( 1)  0.050 +-  0.000
 172 G   1.00000 0.00000 0.00000 ( 1)  0.050 +-  0.000
 173 Y   1.00000 0.00000 0.00000 ( 1)  0.050 +-  0.001
 174 E   1.00000 0.00000 0.00000 ( 1)  0.050 +-  0.000
 175 F   1.00000 0.00000 0.00000 ( 1)  0.050 +-  0.000
 176 F   1.00000 0.00000 0.00000 ( 1)  0.050 +-  0.001
 177 V   1.00000 0.00000 0.00000 ( 1)  0.050 +-  0.000
 178 G   1.00000 0.00000 0.00000 ( 1)  0.050 +-  0.000
 179 Q   0.99999 0.00001 0.00000 ( 1)  0.050 +-  0.004
 180 W   1.00000 0.00000 0.00000 ( 1)  0.050 +-  0.000
 181 S   1.00000 0.00000 0.00000 ( 1)  0.050 +-  0.000
 182 G   1.00000 0.00000 0.00000 ( 1)  0.050 +-  0.000
 183 T   0.81245 0.18755 0.00000 ( 1)  0.228 +-  0.371
 184 E   0.99998 0.00002 0.00000 ( 1)  0.050 +-  0.005
 185 L   1.00000 0.00000 0.00000 ( 1)  0.050 +-  0.000
 186 H   1.00000 0.00000 0.00000 ( 1)  0.050 +-  0.000
 187 F   1.00000 0.00000 0.00000 ( 1)  0.050 +-  0.000
 188 T   1.00000 0.00000 0.00000 ( 1)  0.050 +-  0.000
 189 S   1.00000 0.00000 0.00000 ( 1)  0.050 +-  0.000
 190 L   1.00000 0.00000 0.00000 ( 1)  0.050 +-  0.000
 191 I   1.00000 0.00000 0.00000 ( 1)  0.050 +-  0.000
 192 N   1.00000 0.00000 0.00000 ( 1)  0.050 +-  0.000
 193 I   0.00000 1.00000 0.00000 ( 2)  1.000 +-  0.000
 194 Q   1.00000 0.00000 0.00000 ( 1)  0.050 +-  0.001
 195 T   1.00000 0.00000 0.00000 ( 1)  0.050 +-  0.000
 196 Q   1.00000 0.00000 0.00000 ( 1)  0.050 +-  0.000
 197 G   1.00000 0.00000 0.00000 ( 1)  0.050 +-  0.000
 198 E   1.00000 0.00000 0.00000 ( 1)  0.050 +-  0.000
 199 T   0.00000 1.00000 0.00000 ( 2)  1.000 +-  0.001
 200 A   1.00000 0.00000 0.00000 ( 1)  0.050 +-  0.000
 201 P   1.00000 0.00000 0.00000 ( 1)  0.050 +-  0.000
 202 S   1.00000 0.00000 0.00000 ( 1)  0.050 +-  0.000
 203 Q   0.93529 0.06471 0.00000 ( 1)  0.111 +-  0.234
 204 L   1.00000 0.00000 0.00000 ( 1)  0.050 +-  0.001
 205 V   0.92827 0.07173 0.00000 ( 1)  0.118 +-  0.245
 206 L   1.00000 0.00000 0.00000 ( 1)  0.050 +-  0.001
 207 Y   1.00000 0.00000 0.00000 ( 1)  0.050 +-  0.000
 208 H   1.00000 0.00000 0.00000 ( 1)  0.050 +-  0.000
 209 Y   0.99895 0.00105 0.00000 ( 1)  0.051 +-  0.031
 210 P   1.00000 0.00000 0.00000 ( 1)  0.050 +-  0.001
 211 E   0.99974 0.00026 0.00000 ( 1)  0.050 +-  0.015
 212 L   0.99999 0.00001 0.00000 ( 1)  0.050 +-  0.002
 213 Q   0.99997 0.00003 0.00000 ( 1)  0.050 +-  0.005
 214 K   0.00000 1.00000 0.00000 ( 2)  1.000 +-  0.001
 215 E   0.96386 0.03614 0.00000 ( 1)  0.084 +-  0.177
 216 K   1.00000 0.00000 0.00000 ( 1)  0.050 +-  0.000
 217 G   1.00000 0.00000 0.00000 ( 1)  0.050 +-  0.000
 218 I   1.00000 0.00000 0.00000 ( 1)  0.050 +-  0.000
 219 V   1.00000 0.00000 0.00000 ( 1)  0.050 +-  0.000
 220 L   1.00000 0.00000 0.00000 ( 1)  0.050 +-  0.000
 221 M   1.00000 0.00000 0.00000 ( 1)  0.050 +-  0.000
 222 T   1.00000 0.00000 0.00000 ( 1)  0.050 +-  0.000
 223 A   1.00000 0.00000 0.00000 ( 1)  0.050 +-  0.001
 224 E   1.00000 0.00000 0.00000 ( 1)  0.050 +-  0.000
 225 M   0.99987 0.00013 0.00000 ( 1)  0.050 +-  0.011
 226 D   1.00000 0.00000 0.00000 ( 1)  0.050 +-  0.000
 227 S   0.99966 0.00034 0.00000 ( 1)  0.050 +-  0.018
 228 K   1.00000 0.00000 0.00000 ( 1)  0.050 +-  0.000
 229 F   1.00000 0.00000 0.00000 ( 1)  0.050 +-  0.000
 230 L   1.00000 0.00000 0.00000 ( 1)  0.050 +-  0.001
 231 V   0.16604 0.83396 0.00000 ( 2)  0.842 +-  0.354
 232 V   0.99998 0.00002 0.00000 ( 1)  0.050 +-  0.004
 233 H   0.00000 1.00000 0.00000 ( 2)  1.000 +-  0.000
 234 E   1.00000 0.00000 0.00000 ( 1)  0.050 +-  0.002
 235 A   1.00000 0.00000 0.00000 ( 1)  0.050 +-  0.000
 236 Q   0.99955 0.00045 0.00000 ( 1)  0.050 +-  0.020
 237 C   1.00000 0.00000 0.00000 ( 1)  0.050 +-  0.000
 238 L   1.00000 0.00000 0.00000 ( 1)  0.050 +-  0.001
 239 A   1.00000 0.00000 0.00000 ( 1)  0.050 +-  0.000
 240 N   0.00000 1.00000 0.00000 ( 2)  1.000 +-  0.000
 241 Q   1.00000 0.00000 0.00000 ( 1)  0.050 +-  0.001
 242 V   0.99995 0.00005 0.00000 ( 1)  0.050 +-  0.007
 243 Q   0.99318 0.00682 0.00000 ( 1)  0.056 +-  0.078
 244 L   1.00000 0.00000 0.00000 ( 1)  0.050 +-  0.000
 245 F   1.00000 0.00000 0.00000 ( 1)  0.050 +-  0.000
 246 Y   1.00000 0.00000 0.00000 ( 1)  0.050 +-  0.001
 247 A   0.99999 0.00001 0.00000 ( 1)  0.050 +-  0.002
 248 T   1.00000 0.00000 0.00000 ( 1)  0.050 +-  0.000
 249 D   0.00000 1.00000 0.00000 ( 2)  1.000 +-  0.000
 250 R   0.99990 0.00010 0.00000 ( 1)  0.050 +-  0.010
 251 S   0.97102 0.02898 0.00000 ( 1)  0.078 +-  0.159
 252 E   0.00000 0.99999 0.00001 ( 2)  1.000 +-  0.004
 253 T   1.00000 0.00000 0.00000 ( 1)  0.050 +-  0.000
 254 Y   1.00000 0.00000 0.00000 ( 1)  0.050 +-  0.001
 255 E   0.00000 0.99990 0.00010 ( 2)  1.000 +-  0.014
 256 L   1.00000 0.00000 0.00000 ( 1)  0.050 +-  0.000
 257 V   1.00000 0.00000 0.00000 ( 1)  0.050 +-  0.000
 258 E   1.00000 0.00000 0.00000 ( 1)  0.050 +-  0.000
 259 T   0.99834 0.00166 0.00000 ( 1)  0.052 +-  0.039
 260 F   1.00000 0.00000 0.00000 ( 1)  0.050 +-  0.000
 261 N   1.00000 0.00000 0.00000 ( 1)  0.050 +-  0.000
 262 H   1.00000 0.00000 0.00000 ( 1)  0.050 +-  0.000
 263 R   1.00000 0.00000 0.00000 ( 1)  0.050 +-  0.000
 264 S   0.49177 0.50823 0.00000 ( 2)  0.533 +-  0.475
 265 S   0.00000 1.00000 0.00000 ( 2)  1.000 +-  0.000
 266 E   0.99297 0.00703 0.00000 ( 1)  0.057 +-  0.079
 267 F   1.00000 0.00000 0.00000 ( 1)  0.050 +-  0.000
 268 K   1.00000 0.00000 0.00000 ( 1)  0.050 +-  0.000
 269 Y   1.00000 0.00000 0.00000 ( 1)  0.050 +-  0.000
 270 M   1.00000 0.00000 0.00000 ( 1)  0.050 +-  0.000
 271 S   0.00001 0.99999 0.00000 ( 2)  1.000 +-  0.003
 272 V   1.00000 0.00000 0.00000 ( 1)  0.050 +-  0.000
 273 I   1.00000 0.00000 0.00000 ( 1)  0.050 +-  0.000
 274 A   1.00000 0.00000 0.00000 ( 1)  0.050 +-  0.001
 275 E   1.00000 0.00000 0.00000 ( 1)  0.050 +-  0.000
 276 L   1.00000 0.00000 0.00000 ( 1)  0.050 +-  0.000
 277 E   1.00000 0.00000 0.00000 ( 1)  0.050 +-  0.000
 278 Q   1.00000 0.00000 0.00000 ( 1)  0.050 +-  0.000
 279 S   1.00000 0.00000 0.00000 ( 1)  0.050 +-  0.000
 280 G   1.00000 0.00000 0.00000 ( 1)  0.050 +-  0.000
 281 L   1.00000 0.00000 0.00000 ( 1)  0.050 +-  0.000
 282 G   1.00000 0.00000 0.00000 ( 1)  0.050 +-  0.000
 283 R   0.00000 1.00000 0.00000 ( 2)  1.000 +-  0.000
 284 E   0.00000 1.00000 0.00000 ( 2)  1.000 +-  0.002
 285 L   0.00001 0.99998 0.00002 ( 2)  1.000 +-  0.006
 286 R   0.02014 0.97986 0.00000 ( 2)  0.981 +-  0.133
 287 P   0.01255 0.98745 0.00000 ( 2)  0.988 +-  0.106
 288 G   0.00000 1.00000 0.00000 ( 2)  1.000 +-  0.000
 289 Q   0.01562 0.98438 0.00000 ( 2)  0.985 +-  0.118
 290 V   0.00000 1.00000 0.00000 ( 2)  1.000 +-  0.000
 291 S   1.00000 0.00000 0.00000 ( 1)  0.050 +-  0.001
 292 D   1.00000 0.00000 0.00000 ( 1)  0.050 +-  0.000
 293 K   0.00892 0.99108 0.00000 ( 2)  0.992 +-  0.089
 294 S   0.00000 1.00000 0.00000 ( 2)  1.000 +-  0.001

Positively selected sites

	Prob(w>1)  mean w

    31 V      1.000**       2.729 +- 0.455
    93 E      0.946         2.586 +- 0.530
