# Extracted from OG0011691_00.rst: NEB section

Naive Empirical Bayes (NEB) probabilities for 2 classes & postmean_w
(amino acids refer to 1st sequence: Acgen)

   1 P   0.00025 0.99975 ( 2)  1.000
   2 R   0.00000 1.00000 ( 2)  1.000
   3 A   0.00000 1.00000 ( 2)  1.000
   4 A   0.00000 1.00000 ( 2)  1.000
   5 W   0.00000 1.00000 ( 2)  1.000
   6 P   0.00000 1.00000 ( 2)  1.000
   7 P   0.00000 1.00000 ( 2)  1.000
   8 C   0.99997 0.00003 ( 1)  0.033
   9 R   1.00000 0.00000 ( 1)  0.033
  10 R   0.00000 1.00000 ( 2)  1.000
  11 F   0.00000 1.00000 ( 2)  1.000
  12 S   0.99980 0.00020 ( 1)  0.034
  13 E   0.00000 1.00000 ( 2)  1.000
  14 L   0.00397 0.99603 ( 2)  0.996
  15 P   1.00000 0.00000 ( 1)  0.033
  16 P   1.00000 0.00000 ( 1)  0.033
  17 L   0.99999 0.00001 ( 1)  0.033
  18 T   1.00000 0.00000 ( 1)  0.033
  19 L   1.00000 0.00000 ( 1)  0.033
  20 A   0.00000 1.00000 ( 2)  1.000
  21 D   0.90944 0.09056 ( 1)  0.121
  22 I   0.99678 0.00322 ( 1)  0.036
  23 K   0.00001 0.99999 ( 2)  1.000
  24 D   0.00000 1.00000 ( 2)  1.000
  25 R   1.00000 0.00000 ( 1)  0.033
  26 V   1.00000 0.00000 ( 1)  0.033
  27 L   1.00000 0.00000 ( 1)  0.033
  28 Y   1.00000 0.00000 ( 1)  0.033
  29 V   1.00000 0.00000 ( 1)  0.033
  30 L   1.00000 0.00000 ( 1)  0.033
  31 K   0.98675 0.01325 ( 1)  0.046
  32 L   1.00000 0.00000 ( 1)  0.033
  33 Y   1.00000 0.00000 ( 1)  0.033
  34 D   0.99989 0.00011 ( 1)  0.033
  35 K   0.06565 0.93435 ( 2)  0.937
  36 I   0.99988 0.00012 ( 1)  0.033
  37 D   0.99978 0.00022 ( 1)  0.034
  38 P   1.00000 0.00000 ( 1)  0.033
  39 E   0.00000 1.00000 ( 2)  1.000
  40 K   0.99496 0.00504 ( 1)  0.038
  41 L   0.00000 1.00000 ( 2)  1.000
  42 T   0.00011 0.99989 ( 2)  1.000
  43 A   0.01224 0.98776 ( 2)  0.988
  44 E   0.99998 0.00002 ( 1)  0.033
  45 S   1.00000 0.00000 ( 1)  0.033
  46 H   1.00000 0.00000 ( 1)  0.033
  47 F   1.00000 0.00000 ( 1)  0.033
  48 M   1.00000 0.00000 ( 1)  0.033
  49 K   1.00000 0.00000 ( 1)  0.033
  50 D   1.00000 0.00000 ( 1)  0.033
  51 L   1.00000 0.00000 ( 1)  0.033
  52 G   1.00000 0.00000 ( 1)  0.033
  53 L   1.00000 0.00000 ( 1)  0.033
  54 D   1.00000 0.00000 ( 1)  0.033
  55 S   1.00000 0.00000 ( 1)  0.033
  56 L   1.00000 0.00000 ( 1)  0.033
  57 D   1.00000 0.00000 ( 1)  0.033
  58 Q   1.00000 0.00000 ( 1)  0.033
  59 V   1.00000 0.00000 ( 1)  0.033
  60 E   1.00000 0.00000 ( 1)  0.033
  61 I   1.00000 0.00000 ( 1)  0.033
  62 I   1.00000 0.00000 ( 1)  0.033
  63 M   1.00000 0.00000 ( 1)  0.033
  64 A   1.00000 0.00000 ( 1)  0.033
  65 M   1.00000 0.00000 ( 1)  0.033
  66 E   1.00000 0.00000 ( 1)  0.033
  67 D   1.00000 0.00000 ( 1)  0.033
  68 E   1.00000 0.00000 ( 1)  0.033
  69 F   1.00000 0.00000 ( 1)  0.033
  70 G   1.00000 0.00000 ( 1)  0.033
  71 F   1.00000 0.00000 ( 1)  0.033
  72 E   1.00000 0.00000 ( 1)  0.033
  73 I   1.00000 0.00000 ( 1)  0.033
  74 P   1.00000 0.00000 ( 1)  0.033
  75 D   1.00000 0.00000 ( 1)  0.033
  76 G   1.00000 0.00000 ( 1)  0.033
  77 D   0.99998 0.00002 ( 1)  0.033
  78 A   1.00000 0.00000 ( 1)  0.033
  79 E   1.00000 0.00000 ( 1)  0.033
  80 K   1.00000 0.00000 ( 1)  0.033
  81 L   1.00000 0.00000 ( 1)  0.033
  82 M   1.00000 0.00000 ( 1)  0.033
  83 C   1.00000 0.00000 ( 1)  0.033
  84 P   1.00000 0.00000 ( 1)  0.033
  85 Q   1.00000 0.00000 ( 1)  0.033
  86 E   1.00000 0.00000 ( 1)  0.033
  87 I   1.00000 0.00000 ( 1)  0.033
  88 V   1.00000 0.00000 ( 1)  0.033
  89 D   0.99998 0.00002 ( 1)  0.033
  90 Y   1.00000 0.00000 ( 1)  0.033
  91 I   0.99999 0.00001 ( 1)  0.033
  92 A   1.00000 0.00000 ( 1)  0.033
  93 D   1.00000 0.00000 ( 1)  0.033
  94 K   1.00000 0.00000 ( 1)  0.033
  95 K   1.00000 0.00000 ( 1)  0.033
  96 D   0.99979 0.00021 ( 1)  0.034
  97 V   0.72501 0.27499 ( 1)  0.299
  98 Y   1.00000 0.00000 ( 1)  0.033
  99 E   1.00000 0.00000 ( 1)  0.033
