# Extracted from OG0004692_00.rst: NEB section

Naive Empirical Bayes (NEB) probabilities for 2 classes & postmean_w
(amino acids refer to 1st sequence: Acchl)

   1 M   1.00000 0.00000 ( 1)  0.086
   2 I   1.00000 0.00000 ( 1)  0.086
   3 L   0.99999 0.00001 ( 1)  0.086
   4 R   0.00000 1.00000 ( 2)  1.000
   5 Q   0.99998 0.00002 ( 1)  0.086
   6 I   1.00000 0.00000 ( 1)  0.086
   7 L   0.99472 0.00528 ( 1)  0.091
   8 R   1.00000 0.00000 ( 1)  0.086
   9 L   0.99997 0.00003 ( 1)  0.086
  10 S   1.00000 0.00000 ( 1)  0.086
  11 S   0.00284 0.99716 ( 2)  0.997
  12 L   0.00000 1.00000 ( 2)  1.000
  13 F   0.98994 0.01006 ( 1)  0.095
  14 R   0.00000 1.00000 ( 2)  1.000
  15 S   0.00003 0.99997 ( 2)  1.000
  16 A   0.37674 0.62326 ( 2)  0.656
  17 V   0.99970 0.00030 ( 1)  0.086
  18 S   0.00004 0.99996 ( 2)  1.000
  19 I   0.00000 1.00000 ( 2)  1.000
  20 H   0.99999 0.00001 ( 1)  0.086
  21 L   0.00000 1.00000 ( 2)  1.000
  22 R   0.99993 0.00007 ( 1)  0.086
  23 R   1.00000 0.00000 ( 1)  0.086
  24 N   1.00000 0.00000 ( 1)  0.086
  25 I   1.00000 0.00000 ( 1)  0.086
  26 G   1.00000 0.00000 ( 1)  0.086
  27 L   0.13825 0.86175 ( 2)  0.874
  28 S   1.00000 0.00000 ( 1)  0.086
  29 A   1.00000 0.00000 ( 1)  0.086
  30 I   0.00000 1.00000 ( 2)  1.000
  31 V   0.01567 0.98433 ( 2)  0.986
  32 F   1.00000 0.00000 ( 1)  0.086
  33 N   1.00000 0.00000 ( 1)  0.086
  34 K   1.00000 0.00000 ( 1)  0.086
  35 T   0.00000 1.00000 ( 2)  1.000
  36 K   1.00000 0.00000 ( 1)  0.086
  37 E   1.00000 0.00000 ( 1)  0.086
  38 L   1.00000 0.00000 ( 1)  0.086
  39 D   1.00000 0.00000 ( 1)  0.086
  40 P   1.00000 0.00000 ( 1)  0.086
  41 V   1.00000 0.00000 ( 1)  0.086
  42 Q   1.00000 0.00000 ( 1)  0.086
  43 K   1.00000 0.00000 ( 1)  0.086
  44 L   1.00000 0.00000 ( 1)  0.086
  45 F   1.00000 0.00000 ( 1)  0.086
  46 L   0.00000 1.00000 ( 2)  1.000
  47 D   1.00000 0.00000 ( 1)  0.086
  48 K   1.00000 0.00000 ( 1)  0.086
  49 I   1.00000 0.00000 ( 1)  0.086
  50 R   1.00000 0.00000 ( 1)  0.086
  51 E   1.00000 0.00000 ( 1)  0.086
  52 Y   1.00000 0.00000 ( 1)  0.086
  53 N   1.00000 0.00000 ( 1)  0.086
  54 T   1.00000 0.00000 ( 1)  0.086
  55 K   1.00000 0.00000 ( 1)  0.086
  56 S   1.00000 0.00000 ( 1)  0.086
  57 K   1.00000 0.00000 ( 1)  0.086
  58 Q   1.00000 0.00000 ( 1)  0.086
  59 A   1.00000 0.00000 ( 1)  0.086
  60 G   1.00000 0.00000 ( 1)  0.086
  61 G   1.00000 0.00000 ( 1)  0.086
  62 P   1.00000 0.00000 ( 1)  0.086
  63 V   1.00000 0.00000 ( 1)  0.086
  64 D   1.00000 0.00000 ( 1)  0.086
  65 A   0.00032 0.99968 ( 2)  1.000
  66 G   1.00000 0.00000 ( 1)  0.086
  67 P   1.00000 0.00000 ( 1)  0.086
  68 E   0.18636 0.81364 ( 2)  0.830
  69 F   1.00000 0.00000 ( 1)  0.086
  70 Q   1.00000 0.00000 ( 1)  0.086
  71 K   1.00000 0.00000 ( 1)  0.086
  72 D   0.00089 0.99911 ( 2)  0.999
  73 M   0.00000 1.00000 ( 2)  1.000
  74 N   0.99689 0.00311 ( 1)  0.089
  75 E   1.00000 0.00000 ( 1)  0.086
  76 S   1.00000 0.00000 ( 1)  0.086
  77 L   1.00000 0.00000 ( 1)  0.086
  78 V   1.00000 0.00000 ( 1)  0.086
  79 R   1.00000 0.00000 ( 1)  0.086
  80 L   1.00000 0.00000 ( 1)  0.086
  81 Q   1.00000 0.00000 ( 1)  0.086
  82 R   1.00000 0.00000 ( 1)  0.086
  83 A   1.00000 0.00000 ( 1)  0.086
  84 Y   1.00000 0.00000 ( 1)  0.086
  85 G   1.00000 0.00000 ( 1)  0.086
  86 E   1.00000 0.00000 ( 1)  0.086
  87 G   1.00000 0.00000 ( 1)  0.086
  88 D   1.00000 0.00000 ( 1)  0.086
  89 L   1.00000 0.00000 ( 1)  0.086
  90 T   1.00000 0.00000 ( 1)  0.086
  91 K   1.00000 0.00000 ( 1)  0.086
  92 F   1.00000 0.00000 ( 1)  0.086
  93 P   1.00000 0.00000 ( 1)  0.086
  94 E   1.00000 0.00000 ( 1)  0.086
  95 F   1.00000 0.00000 ( 1)  0.086
  96 K   1.00000 0.00000 ( 1)  0.086
  97 F   1.00000 0.00000 ( 1)  0.086
  98 E   0.99999 0.00001 ( 1)  0.086
  99 E   1.00000 0.00000 ( 1)  0.086
 100 K   0.00010 0.99990 ( 2)  1.000
 101 F   0.99999 0.00001 ( 1)  0.086
 102 E   1.00000 0.00000 ( 1)  0.086
 103 E   0.99999 0.00001 ( 1)  0.086
 104 I   0.99965 0.00035 ( 1)  0.087
