# Extracted from OG0004228_00.rst: BEB section

Bayes Empirical Bayes (BEB) probabilities for 3 classes (class) & postmean_w
(amino acids refer to 1st sequence: Acchl)

   1 E   0.00000 0.00000 1.00000 ( 3)  5.159 +-  0.694
   2 F   0.00000 1.00000 0.00000 ( 2)  1.000 +-  0.000
   3 K   0.00000 1.00000 0.00000 ( 2)  1.000 +-  0.000
   4 I   0.00000 1.00000 0.00000 ( 2)  1.000 +-  0.000
   5 L   0.99995 0.00005 0.00000 ( 1)  0.050 +-  0.007
   6 N   1.00000 0.00000 0.00000 ( 1)  0.050 +-  0.000
   7 H   0.96340 0.03660 0.00000 ( 1)  0.085 +-  0.178
   8 D   1.00000 0.00000 0.00000 ( 1)  0.050 +-  0.000
   9 M   1.00000 0.00000 0.00000 ( 1)  0.050 +-  0.000
  10 T   1.00000 0.00000 0.00000 ( 1)  0.050 +-  0.000
  11 L   0.99994 0.00006 0.00000 ( 1)  0.050 +-  0.007
  12 A   0.00000 1.00000 0.00000 ( 2)  1.000 +-  0.000
  13 E   1.00000 0.00000 0.00000 ( 1)  0.050 +-  0.000
  14 F   1.00000 0.00000 0.00000 ( 1)  0.050 +-  0.000
  15 K   1.00000 0.00000 0.00000 ( 1)  0.050 +-  0.000
  16 F   1.00000 0.00000 0.00000 ( 1)  0.050 +-  0.000
  17 I   1.00000 0.00000 0.00000 ( 1)  0.050 +-  0.000
  18 W   1.00000 0.00000 0.00000 ( 1)  0.050 +-  0.000
  19 Y   1.00000 0.00000 0.00000 ( 1)  0.050 +-  0.000
  20 M   1.00000 0.00000 0.00000 ( 1)  0.050 +-  0.000
  21 E   1.00000 0.00000 0.00000 ( 1)  0.050 +-  0.000
  22 Y   1.00000 0.00000 0.00000 ( 1)  0.050 +-  0.000
  23 S   1.00000 0.00000 0.00000 ( 1)  0.050 +-  0.000
  24 H   1.00000 0.00000 0.00000 ( 1)  0.050 +-  0.000
  25 R   1.00000 0.00000 0.00000 ( 1)  0.050 +-  0.000
  26 M   1.00000 0.00000 0.00000 ( 1)  0.050 +-  0.000
  27 W   1.00000 0.00000 0.00000 ( 1)  0.050 +-  0.000
  28 G   1.00000 0.00000 0.00000 ( 1)  0.050 +-  0.000
  29 R   1.00000 0.00000 0.00000 ( 1)  0.050 +-  0.000
  30 M   0.00000 1.00000 0.00000 ( 2)  1.000 +-  0.000
  31 V   1.00000 0.00000 0.00000 ( 1)  0.050 +-  0.000
  32 G   1.00000 0.00000 0.00000 ( 1)  0.050 +-  0.000
  33 L   1.00000 0.00000 0.00000 ( 1)  0.050 +-  0.000
  34 A   0.99998 0.00002 0.00000 ( 1)  0.050 +-  0.004
  35 Y   1.00000 0.00000 0.00000 ( 1)  0.050 +-  0.000
  36 I   1.00000 0.00000 0.00000 ( 1)  0.050 +-  0.001
  37 L   0.97372 0.02628 0.00000 ( 1)  0.075 +-  0.152
  38 P   1.00000 0.00000 0.00000 ( 1)  0.050 +-  0.000
  39 A   1.00000 0.00000 0.00000 ( 1)  0.050 +-  0.000
  40 A   0.00000 1.00000 0.00000 ( 2)  1.000 +-  0.000
  41 Y   1.00000 0.00000 0.00000 ( 1)  0.050 +-  0.000
  42 F   1.00000 0.00000 0.00000 ( 1)  0.050 +-  0.000
  43 W   1.00000 0.00000 0.00000 ( 1)  0.050 +-  0.000
  44 Q   0.00000 1.00000 0.00000 ( 2)  1.000 +-  0.000
  45 R   1.00000 0.00000 0.00000 ( 1)  0.050 +-  0.000
  46 G   1.00000 0.00000 0.00000 ( 1)  0.050 +-  0.000
  47 W   0.00241 0.99759 0.00000 ( 2)  0.998 +-  0.047
  48 L   1.00000 0.00000 0.00000 ( 1)  0.050 +-  0.000
  49 S   1.00000 0.00000 0.00000 ( 1)  0.050 +-  0.000
  50 R   0.99373 0.00627 0.00000 ( 1)  0.056 +-  0.075
  51 P   1.00000 0.00000 0.00000 ( 1)  0.050 +-  0.000
  52 M   0.99999 0.00001 0.00000 ( 1)  0.050 +-  0.003
  53 K   1.00000 0.00000 0.00000 ( 1)  0.050 +-  0.000
  54 G   1.00000 0.00000 0.00000 ( 1)  0.050 +-  0.000
  55 R   0.00000 1.00000 0.00000 ( 2)  1.000 +-  0.000
  56 V   1.00000 0.00000 0.00000 ( 1)  0.050 +-  0.000
  57 L   0.99999 0.00001 0.00000 ( 1)  0.050 +-  0.003
  58 A   1.00000 0.00000 0.00000 ( 1)  0.050 +-  0.000
  59 L   1.00000 0.00000 0.00000 ( 1)  0.050 +-  0.000
  60 C   1.00000 0.00000 0.00000 ( 1)  0.050 +-  0.000
  61 G   1.00000 0.00000 0.00000 ( 1)  0.050 +-  0.000
  62 L   1.00000 0.00000 0.00000 ( 1)  0.050 +-  0.001
  63 V   1.00000 0.00000 0.00000 ( 1)  0.050 +-  0.000
  64 C   1.00000 0.00000 0.00000 ( 1)  0.050 +-  0.000
  65 F   1.00000 0.00000 0.00000 ( 1)  0.050 +-  0.000
  66 Q   1.00000 0.00000 0.00000 ( 1)  0.050 +-  0.000
  67 G   1.00000 0.00000 0.00000 ( 1)  0.050 +-  0.000
  68 L   0.99998 0.00002 0.00000 ( 1)  0.050 +-  0.004
  69 L   0.99995 0.00005 0.00000 ( 1)  0.050 +-  0.006
  70 G   1.00000 0.00000 0.00000 ( 1)  0.050 +-  0.000
  71 W   1.00000 0.00000 0.00000 ( 1)  0.050 +-  0.000
  72 Y   1.00000 0.00000 0.00000 ( 1)  0.050 +-  0.000
  73 M   1.00000 0.00000 0.00000 ( 1)  0.050 +-  0.000
  74 V   1.00000 0.00000 0.00000 ( 1)  0.050 +-  0.000
  75 K   1.00000 0.00000 0.00000 ( 1)  0.050 +-  0.000
  76 S   1.00000 0.00000 0.00000 ( 1)  0.050 +-  0.000
  77 G   1.00000 0.00000 0.00000 ( 1)  0.050 +-  0.000
  78 L   0.99995 0.00005 0.00000 ( 1)  0.050 +-  0.007
  79 E   1.00000 0.00000 0.00000 ( 1)  0.050 +-  0.000
  80 E   1.00000 0.00000 0.00000 ( 1)  0.050 +-  0.000
  81 K   1.00000 0.00000 0.00000 ( 1)  0.050 +-  0.000
  82 P   1.00000 0.00000 0.00000 ( 1)  0.050 +-  0.000
  83 D   1.00000 0.00000 0.00000 ( 1)  0.050 +-  0.000
  84 S   1.00000 0.00000 0.00000 ( 1)  0.050 +-  0.000
  85 Y   0.99993 0.00007 0.00000 ( 1)  0.050 +-  0.008
  86 D   1.00000 0.00000 0.00000 ( 1)  0.050 +-  0.000
  87 I   1.00000 0.00000 0.00000 ( 1)  0.050 +-  0.000
  88 P   1.00000 0.00000 0.00000 ( 1)  0.050 +-  0.000
  89 R   1.00000 0.00000 0.00000 ( 1)  0.050 +-  0.000
  90 V   1.00000 0.00000 0.00000 ( 1)  0.050 +-  0.000
  91 S   1.00000 0.00000 0.00000 ( 1)  0.050 +-  0.000
  92 Q   1.00000 0.00000 0.00000 ( 1)  0.050 +-  0.000
  93 Y   1.00000 0.00000 0.00000 ( 1)  0.050 +-  0.000
  94 R   1.00000 0.00000 0.00000 ( 1)  0.050 +-  0.000
  95 L   1.00000 0.00000 0.00000 ( 1)  0.050 +-  0.000
  96 A   1.00000 0.00000 0.00000 ( 1)  0.050 +-  0.000
  97 A   1.00000 0.00000 0.00000 ( 1)  0.050 +-  0.000
  98 H   1.00000 0.00000 0.00000 ( 1)  0.050 +-  0.000
  99 L   1.00000 0.00000 0.00000 ( 1)  0.050 +-  0.000
 100 G   1.00000 0.00000 0.00000 ( 1)  0.050 +-  0.000
 101 S   1.00000 0.00000 0.00000 ( 1)  0.050 +-  0.000
 102 A   1.00000 0.00000 0.00000 ( 1)  0.050 +-  0.000
 103 L   0.99999 0.00001 0.00000 ( 1)  0.050 +-  0.003
 104 V   1.00000 0.00000 0.00000 ( 1)  0.050 +-  0.000
 105 L   0.99999 0.00001 0.00000 ( 1)  0.050 +-  0.002
 106 Y   1.00000 0.00000 0.00000 ( 1)  0.050 +-  0.000
 107 S   1.00000 0.00000 0.00000 ( 1)  0.050 +-  0.000
 108 A   1.00000 0.00000 0.00000 ( 1)  0.050 +-  0.000
 109 S   1.00000 0.00000 0.00000 ( 1)  0.050 +-  0.000
 110 L   1.00000 0.00000 0.00000 ( 1)  0.050 +-  0.002
 111 W   1.00000 0.00000 0.00000 ( 1)  0.050 +-  0.000
 112 T   1.00000 0.00000 0.00000 ( 1)  0.050 +-  0.001
 113 G   1.00000 0.00000 0.00000 ( 1)  0.050 +-  0.000
 114 L   0.99998 0.00002 0.00000 ( 1)  0.050 +-  0.004
 115 S   1.00000 0.00000 0.00000 ( 1)  0.050 +-  0.000
 116 L   0.99874 0.00126 0.00000 ( 1)  0.051 +-  0.034
 117 L   0.99994 0.00006 0.00000 ( 1)  0.050 +-  0.007
 118 L   1.00000 0.00000 0.00000 ( 1)  0.050 +-  0.000
 119 P   1.00000 0.00000 0.00000 ( 1)  0.050 +-  0.000
 120 R   0.00000 1.00000 0.00000 ( 2)  1.000 +-  0.000
 121 H   1.00000 0.00000 0.00000 ( 1)  0.050 +-  0.000
 122 K   0.96335 0.03665 0.00000 ( 1)  0.085 +-  0.179
 123 L   0.98871 0.01129 0.00000 ( 1)  0.061 +-  0.100
 124 T   1.00000 0.00000 0.00000 ( 1)  0.050 +-  0.000
 125 H   0.00000 1.00000 0.00000 ( 2)  1.000 +-  0.000
 126 Q   1.00000 0.00000 0.00000 ( 1)  0.050 +-  0.000
 127 L   0.99964 0.00036 0.00000 ( 1)  0.050 +-  0.018
 128 L   0.00779 0.99221 0.00000 ( 2)  0.993 +-  0.084
 129 R   1.00000 0.00000 0.00000 ( 1)  0.050 +-  0.001
 130 L   1.00000 0.00000 0.00000 ( 1)  0.050 +-  0.000
 131 R   1.00000 0.00000 0.00000 ( 1)  0.050 +-  0.000
 132 Q   0.16034 0.83966 0.00000 ( 2)  0.848 +-  0.349
 133 Y   0.99997 0.00003 0.00000 ( 1)  0.050 +-  0.005
 134 A   1.00000 0.00000 0.00000 ( 1)  0.050 +-  0.001
 135 H   1.00000 0.00000 0.00000 ( 1)  0.050 +-  0.000
 136 G   1.00000 0.00000 0.00000 ( 1)  0.050 +-  0.000
 137 T   1.00000 0.00000 0.00000 ( 1)  0.050 +-  0.000
 138 T   1.00000 0.00000 0.00000 ( 1)  0.050 +-  0.000
 139 A   1.00000 0.00000 0.00000 ( 1)  0.050 +-  0.000
 140 L   1.00000 0.00000 0.00000 ( 1)  0.050 +-  0.000
 141 I   1.00000 0.00000 0.00000 ( 1)  0.050 +-  0.000
 142 F   1.00000 0.00000 0.00000 ( 1)  0.050 +-  0.000
 143 L   0.99895 0.00105 0.00000 ( 1)  0.051 +-  0.031
 144 T   1.00000 0.00000 0.00000 ( 1)  0.050 +-  0.000
 145 A   1.00000 0.00000 0.00000 ( 1)  0.050 +-  0.000
 146 L   1.00000 0.00000 0.00000 ( 1)  0.050 +-  0.000
 147 S   1.00000 0.00000 0.00000 ( 1)  0.050 +-  0.000
 148 G   1.00000 0.00000 0.00000 ( 1)  0.050 +-  0.000
 149 A   1.00000 0.00000 0.00000 ( 1)  0.050 +-  0.000
 150 F   1.00000 0.00000 0.00000 ( 1)  0.050 +-  0.000
 151 V   1.00000 0.00000 0.00000 ( 1)  0.050 +-  0.000
 152 A   1.00000 0.00000 0.00000 ( 1)  0.050 +-  0.000
 153 G   1.00000 0.00000 0.00000 ( 1)  0.050 +-  0.000
 154 L   0.99915 0.00085 0.00000 ( 1)  0.051 +-  0.028
 155 D   1.00000 0.00000 0.00000 ( 1)  0.050 +-  0.000
 156 A   1.00000 0.00000 0.00000 ( 1)  0.050 +-  0.000
 157 G   1.00000 0.00000 0.00000 ( 1)  0.050 +-  0.000
 158 L   1.00000 0.00000 0.00000 ( 1)  0.050 +-  0.000
 159 V   1.00000 0.00000 0.00000 ( 1)  0.050 +-  0.000
 160 Y   0.99999 0.00001 0.00000 ( 1)  0.050 +-  0.004
 161 N   1.00000 0.00000 0.00000 ( 1)  0.050 +-  0.000
 162 S   1.00000 0.00000 0.00000 ( 1)  0.050 +-  0.000
 163 F   1.00000 0.00000 0.00000 ( 1)  0.050 +-  0.000
 164 P   1.00000 0.00000 0.00000 ( 1)  0.050 +-  0.000
 165 K   1.00000 0.00000 0.00000 ( 1)  0.050 +-  0.000
 166 M   1.00000 0.00000 0.00000 ( 1)  0.050 +-  0.000
 167 G   1.00000 0.00000 0.00000 ( 1)  0.050 +-  0.000
 168 E   1.00000 0.00000 0.00000 ( 1)  0.050 +-  0.000
 169 H   0.00001 0.99999 0.00000 ( 2)  1.000 +-  0.003
 170 W   1.00000 0.00000 0.00000 ( 1)  0.050 +-  0.000
 171 I   1.00000 0.00000 0.00000 ( 1)  0.050 +-  0.000
 172 P   1.00000 0.00000 0.00000 ( 1)  0.050 +-  0.000
 173 D   1.00000 0.00000 0.00000 ( 1)  0.050 +-  0.000
 174 D   1.00000 0.00000 0.00000 ( 1)  0.050 +-  0.000
 175 L   1.00000 0.00000 0.00000 ( 1)  0.050 +-  0.000
 176 L   1.00000 0.00000 0.00000 ( 1)  0.050 +-  0.001
 177 A   1.00000 0.00000 0.00000 ( 1)  0.050 +-  0.000
 178 F   1.00000 0.00000 0.00000 ( 1)  0.050 +-  0.000
 179 S   1.00000 0.00000 0.00000 ( 1)  0.050 +-  0.000
 180 P   1.00000 0.00000 0.00000 ( 1)  0.050 +-  0.000
 181 I   0.00000 1.00000 0.00000 ( 2)  1.000 +-  0.000
 182 L   0.99907 0.00093 0.00000 ( 1)  0.051 +-  0.029
 183 R   1.00000 0.00000 0.00000 ( 1)  0.050 +-  0.001
 184 N   1.00000 0.00000 0.00000 ( 1)  0.050 +-  0.000
 185 I   0.00000 1.00000 0.00000 ( 2)  1.000 +-  0.000
 186 F   1.00000 0.00000 0.00000 ( 1)  0.050 +-  0.000
 187 E   1.00000 0.00000 0.00000 ( 1)  0.050 +-  0.000
 188 N   1.00000 0.00000 0.00000 ( 1)  0.050 +-  0.000
 189 P   1.00000 0.00000 0.00000 ( 1)  0.050 +-  0.000
 190 T   1.00000 0.00000 0.00000 ( 1)  0.050 +-  0.000
 191 T   1.00000 0.00000 0.00000 ( 1)  0.050 +-  0.000
 192 V   1.00000 0.00000 0.00000 ( 1)  0.050 +-  0.000
 193 Q   1.00000 0.00000 0.00000 ( 1)  0.050 +-  0.000
 194 F   1.00000 0.00000 0.00000 ( 1)  0.050 +-  0.000
 195 D   1.00000 0.00000 0.00000 ( 1)  0.050 +-  0.000
 196 H   1.00000 0.00000 0.00000 ( 1)  0.050 +-  0.000
 197 R   1.00000 0.00000 0.00000 ( 1)  0.050 +-  0.000
 198 I   1.00000 0.00000 0.00000 ( 1)  0.050 +-  0.000
 199 L   1.00000 0.00000 0.00000 ( 1)  0.050 +-  0.000
 200 G   1.00000 0.00000 0.00000 ( 1)  0.050 +-  0.000
 201 I   0.69299 0.30701 0.00000 ( 1)  0.342 +-  0.438
 202 A   0.00000 1.00000 0.00000 ( 2)  1.000 +-  0.000
 203 S   1.00000 0.00000 0.00000 ( 1)  0.050 +-  0.000
 204 V   0.00000 1.00000 0.00000 ( 2)  1.000 +-  0.000
 205 T   0.39954 0.60046 0.00000 ( 2)  0.620 +-  0.465
 206 A   1.00000 0.00000 0.00000 ( 1)  0.050 +-  0.000
 207 I   0.99623 0.00377 0.00000 ( 1)  0.054 +-  0.058
 208 T   0.99958 0.00042 0.00000 ( 1)  0.050 +-  0.020
 209 A   1.00000 0.00000 0.00000 ( 1)  0.050 +-  0.000
 210 L   0.99995 0.00005 0.00000 ( 1)  0.050 +-  0.007
 211 Y   1.00000 0.00000 0.00000 ( 1)  0.050 +-  0.000
 212 L   0.00000 1.00000 0.00000 ( 2)  1.000 +-  0.000
 213 F   1.00000 0.00000 0.00000 ( 1)  0.050 +-  0.000
 214 S   1.00000 0.00000 0.00000 ( 1)  0.050 +-  0.000
 215 R   1.00000 0.00000 0.00000 ( 1)  0.050 +-  0.000
 216 K   0.80452 0.19548 0.00000 ( 1)  0.236 +-  0.377
 217 I   1.00000 0.00000 0.00000 ( 1)  0.050 +-  0.000
 218 P   1.00000 0.00000 0.00000 ( 1)  0.050 +-  0.000
 219 L   1.00000 0.00000 0.00000 ( 1)  0.050 +-  0.000
 220 P   1.00000 0.00000 0.00000 ( 1)  0.050 +-  0.000
 221 R   0.00000 1.00000 0.00000 ( 2)  1.000 +-  0.000
 222 R   1.00000 0.00000 0.00000 ( 1)  0.050 +-  0.000
 223 A   1.00000 0.00000 0.00000 ( 1)  0.050 +-  0.000
 224 K   1.00000 0.00000 0.00000 ( 1)  0.050 +-  0.000
 225 L   0.02675 0.97325 0.00000 ( 2)  0.975 +-  0.153
 226 A   1.00000 0.00000 0.00000 ( 1)  0.050 +-  0.000
 227 V   0.99976 0.00024 0.00000 ( 1)  0.050 +-  0.015
 228 T   1.00000 0.00000 0.00000 ( 1)  0.050 +-  0.000
 229 S   1.00000 0.00000 0.00000 ( 1)  0.050 +-  0.000
 230 L   1.00000 0.00000 0.00000 ( 1)  0.050 +-  0.000
 231 L   1.00000 0.00000 0.00000 ( 1)  0.050 +-  0.000
 232 A   0.93813 0.06187 0.00000 ( 1)  0.109 +-  0.229
 233 V   0.99938 0.00062 0.00000 ( 1)  0.051 +-  0.024
 234 A   1.00000 0.00000 0.00000 ( 1)  0.050 +-  0.000
 235 C   0.94460 0.05540 0.00000 ( 1)  0.103 +-  0.217
 236 V   0.00000 1.00000 0.00000 ( 2)  1.000 +-  0.003
 237 Q   1.00000 0.00000 0.00000 ( 1)  0.050 +-  0.000

Positively selected sites

	Prob(w>1)  mean w

     1 E      1.000**       5.159 +- 0.694
