# Extracted from OG0007390_00.rst: BEB section

Bayes Empirical Bayes (BEB) probabilities for 3 classes (class) & postmean_w
(amino acids refer to 1st sequence: Acchl)

   1 -   1.00000 0.00000 0.00000 ( 1)  0.150 +-  0.000
   2 -   0.99878 0.00122 0.00000 ( 1)  0.151 +-  0.030
   3 -   1.00000 0.00000 0.00000 ( 1)  0.150 +-  0.000
   4 -   0.99766 0.00234 0.00000 ( 1)  0.152 +-  0.041
   5 -   0.00000 0.95083 0.04917 ( 2)  1.074 +-  0.324
   6 -   0.00000 0.15889 0.84111 ( 3)  2.262 +-  0.548
   7 -   0.99186 0.00814 0.00000 ( 1)  0.157 +-  0.076
   8 -   0.00009 0.99962 0.00029 ( 2)  1.000 +-  0.027
   9 -   0.00046 0.99951 0.00003 ( 2)  1.000 +-  0.020
  10 -   0.99989 0.00011 0.00000 ( 1)  0.150 +-  0.009
  11 -   0.00000 0.99998 0.00002 ( 2)  1.000 +-  0.007
  12 -   0.87305 0.12695 0.00000 ( 1)  0.258 +-  0.283
  13 -   0.99964 0.00036 0.00000 ( 1)  0.150 +-  0.016
  14 -   0.00000 0.35253 0.64747 ( 3)  1.971 +-  0.717
  15 -   0.99975 0.00025 0.00000 ( 1)  0.150 +-  0.013
  16 -   0.00000 1.00000 0.00000 ( 2)  1.000 +-  0.000
  17 -   0.97766 0.02234 0.00000 ( 1)  0.169 +-  0.126
  18 -   0.81349 0.18651 0.00000 ( 1)  0.309 +-  0.331
  19 -   0.00000 0.02220 0.97780 ( 3)  2.467 +-  0.221
  20 -   0.00002 0.99994 0.00004 ( 2)  1.000 +-  0.010
  21 -   0.06514 0.93486 0.00000 ( 2)  0.945 +-  0.210
  22 -   0.99950 0.00050 0.00000 ( 1)  0.150 +-  0.019
  23 -   0.00000 1.00000 0.00000 ( 2)  1.000 +-  0.000
  24 -   0.00000 0.99870 0.00130 ( 2)  1.002 +-  0.054
  25 -   0.00000 0.99858 0.00142 ( 2)  1.002 +-  0.056
  26 -   0.00000 0.99931 0.00069 ( 2)  1.001 +-  0.040
  27 -   0.00000 0.06981 0.93019 ( 3)  2.395 +-  0.382
  28 -   0.00000 0.99996 0.00004 ( 2)  1.000 +-  0.010
  29 -   0.00000 0.99968 0.00032 ( 2)  1.000 +-  0.027
  30 -   0.00000 0.00003 0.99997 ( 3)  2.500 +-  0.009
  31 -   0.00000 1.00000 0.00000 ( 2)  1.000 +-  0.002
  32 -   0.00000 0.00000 1.00000 ( 3)  2.500 +-  0.003
  33 I   0.99231 0.00769 0.00000 ( 1)  0.157 +-  0.074
  34 K   0.00000 1.00000 0.00000 ( 2)  1.000 +-  0.001
  35 E   0.00002 0.99998 0.00000 ( 2)  1.000 +-  0.004
  36 A   0.00004 0.99996 0.00000 ( 2)  1.000 +-  0.006
  37 I   0.99986 0.00014 0.00000 ( 1)  0.150 +-  0.010
  38 V   0.00000 0.04021 0.95979 ( 3)  2.440 +-  0.295
  39 R   0.88391 0.11609 0.00000 ( 1)  0.249 +-  0.272
  40 K   1.00000 0.00000 0.00000 ( 1)  0.150 +-  0.001
  41 D   1.00000 0.00000 0.00000 ( 1)  0.150 +-  0.000
  42 D   0.40261 0.59739 0.00000 ( 2)  0.658 +-  0.417
  43 K   0.99963 0.00037 0.00000 ( 1)  0.150 +-  0.016
  44 L   0.17954 0.82046 0.00000 ( 2)  0.847 +-  0.326
  45 L   1.00000 0.00000 0.00000 ( 1)  0.150 +-  0.000
  46 T   0.00000 0.99998 0.00002 ( 2)  1.000 +-  0.007
  47 L   0.00053 0.99947 0.00000 ( 2)  1.000 +-  0.020
  48 L   1.00000 0.00000 0.00000 ( 1)  0.150 +-  0.000
  49 R   0.99997 0.00003 0.00000 ( 1)  0.150 +-  0.005
  50 D   0.79383 0.20617 0.00000 ( 1)  0.325 +-  0.344
  51 V   1.00000 0.00000 0.00000 ( 1)  0.150 +-  0.000
  52 Y   1.00000 0.00000 0.00000 ( 1)  0.150 +-  0.000
  53 V   1.00000 0.00000 0.00000 ( 1)  0.150 +-  0.000
  54 E   0.99191 0.00809 0.00000 ( 1)  0.157 +-  0.076
  55 S   1.00000 0.00000 0.00000 ( 1)  0.150 +-  0.000
  56 R   0.99990 0.00010 0.00000 ( 1)  0.150 +-  0.008
  57 D   0.99997 0.00003 0.00000 ( 1)  0.150 +-  0.005
  58 P   1.00000 0.00000 0.00000 ( 1)  0.150 +-  0.001
  59 P   0.99999 0.00001 0.00000 ( 1)  0.150 +-  0.003
  60 V   0.00000 0.98125 0.01875 ( 2)  1.028 +-  0.203
  61 Q   0.00000 0.00001 0.99999 ( 3)  2.500 +-  0.005
  62 V   1.00000 0.00000 0.00000 ( 1)  0.150 +-  0.000
  63 K   0.99811 0.00189 0.00000 ( 1)  0.152 +-  0.037
  64 P   0.00009 0.99991 0.00000 ( 2)  1.000 +-  0.008
  65 G   0.99287 0.00713 0.00000 ( 1)  0.156 +-  0.072
  66 G   0.97519 0.02481 0.00000 ( 1)  0.171 +-  0.132
  67 G   0.07918 0.92082 0.00000 ( 2)  0.933 +-  0.230
  68 E   0.00000 1.00000 0.00000 ( 2)  1.000 +-  0.003
  69 N   0.00000 1.00000 0.00000 ( 2)  1.000 +-  0.000
  70 L   0.99998 0.00002 0.00000 ( 1)  0.150 +-  0.003
  71 P   1.00000 0.00000 0.00000 ( 1)  0.150 +-  0.000
  72 V   0.00000 1.00000 0.00000 ( 2)  1.000 +-  0.000
  73 K   0.99999 0.00001 0.00000 ( 1)  0.150 +-  0.002
  74 Q   0.63300 0.36700 0.00000 ( 1)  0.462 +-  0.410
  75 E   0.00000 0.99934 0.00066 ( 2)  1.001 +-  0.039
  76 E   1.00000 0.00000 0.00000 ( 1)  0.150 +-  0.000
  77 K   1.00000 0.00000 0.00000 ( 1)  0.150 +-  0.000
  78 R   1.00000 0.00000 0.00000 ( 1)  0.150 +-  0.000
  79 L   0.99999 0.00001 0.00000 ( 1)  0.150 +-  0.003
  80 T   1.00000 0.00000 0.00000 ( 1)  0.150 +-  0.000
  81 K   1.00000 0.00000 0.00000 ( 1)  0.150 +-  0.001
  82 L   1.00000 0.00000 0.00000 ( 1)  0.150 +-  0.001
  83 G   1.00000 0.00000 0.00000 ( 1)  0.150 +-  0.000
  84 H   0.99981 0.00019 0.00000 ( 1)  0.150 +-  0.012
  85 L   0.00031 0.99969 0.00000 ( 2)  1.000 +-  0.015
  86 G   0.17217 0.82783 0.00000 ( 2)  0.854 +-  0.321
  87 A   0.00000 1.00000 0.00000 ( 2)  1.000 +-  0.000
  88 L   0.79451 0.20549 0.00000 ( 1)  0.325 +-  0.343
  89 D   1.00000 0.00000 0.00000 ( 1)  0.150 +-  0.000
  90 V   0.88822 0.11178 0.00000 ( 1)  0.245 +-  0.268
  91 E   0.00000 0.99999 0.00001 ( 2)  1.000 +-  0.005
  92 K   0.05775 0.94225 0.00000 ( 2)  0.951 +-  0.198
  93 V   1.00000 0.00000 0.00000 ( 1)  0.150 +-  0.000
  94 S   0.00000 1.00000 0.00000 ( 2)  1.000 +-  0.000
  95 K   0.99833 0.00167 0.00000 ( 1)  0.151 +-  0.035
  96 G   1.00000 0.00000 0.00000 ( 1)  0.150 +-  0.000
  97 K   0.94091 0.05909 0.00000 ( 1)  0.200 +-  0.200
  98 I   1.00000 0.00000 0.00000 ( 1)  0.150 +-  0.000
  99 S   1.00000 0.00000 0.00000 ( 1)  0.150 +-  0.000
 100 L   0.00081 0.99919 0.00000 ( 2)  0.999 +-  0.024
 101 V   1.00000 0.00000 0.00000 ( 1)  0.150 +-  0.002
 102 E   1.00000 0.00000 0.00000 ( 1)  0.150 +-  0.000
 103 A   1.00000 0.00000 0.00000 ( 1)  0.150 +-  0.000
 104 L   0.93289 0.06711 0.00000 ( 1)  0.207 +-  0.213
 105 T   0.99940 0.00060 0.00000 ( 1)  0.151 +-  0.021
 106 L   0.99946 0.00054 0.00000 ( 1)  0.150 +-  0.020
 107 L   1.00000 0.00000 0.00000 ( 1)  0.150 +-  0.000
 108 N   1.00000 0.00000 0.00000 ( 1)  0.150 +-  0.000
 109 N   1.00000 0.00000 0.00000 ( 1)  0.150 +-  0.000
 110 H   1.00000 0.00000 0.00000 ( 1)  0.150 +-  0.000
 111 K   0.99970 0.00030 0.00000 ( 1)  0.150 +-  0.015
 112 L   0.97446 0.02554 0.00000 ( 1)  0.172 +-  0.134
 113 H   0.30235 0.69765 0.00000 ( 2)  0.743 +-  0.390
 114 P   1.00000 0.00000 0.00000 ( 1)  0.150 +-  0.000
 115 Q   0.17183 0.82817 0.00000 ( 2)  0.854 +-  0.321
 116 I   0.00000 0.99954 0.00046 ( 2)  1.001 +-  0.032
 117 W   1.00000 0.00000 0.00000 ( 1)  0.150 +-  0.000
 118 T   1.00000 0.00000 0.00000 ( 1)  0.150 +-  0.000
 119 A   1.00000 0.00000 0.00000 ( 1)  0.150 +-  0.000
 120 E   1.00000 0.00000 0.00000 ( 1)  0.150 +-  0.000
 121 K   1.00000 0.00000 0.00000 ( 1)  0.150 +-  0.001
 122 I   1.00000 0.00000 0.00000 ( 1)  0.150 +-  0.000
 123 A   1.00000 0.00000 0.00000 ( 1)  0.150 +-  0.000
 124 T   0.00000 1.00000 0.00000 ( 2)  1.000 +-  0.001
 125 E   1.00000 0.00000 0.00000 ( 1)  0.150 +-  0.001
 126 Y   1.00000 0.00000 0.00000 ( 1)  0.150 +-  0.000
 127 S   1.00000 0.00000 0.00000 ( 1)  0.150 +-  0.000
 128 L   0.99996 0.00004 0.00000 ( 1)  0.150 +-  0.005
 129 E   1.00000 0.00000 0.00000 ( 1)  0.150 +-  0.001
 130 L   0.04238 0.95761 0.00001 ( 2)  0.964 +-  0.171
 131 K   0.92931 0.07069 0.00000 ( 1)  0.210 +-  0.218
 132 E   0.00000 0.99993 0.00007 ( 2)  1.000 +-  0.012
 133 V   1.00000 0.00000 0.00000 ( 1)  0.150 +-  0.000
 134 N   0.87350 0.12650 0.00000 ( 1)  0.258 +-  0.283
 135 S   1.00000 0.00000 0.00000 ( 1)  0.150 +-  0.000
 136 L   0.99991 0.00009 0.00000 ( 1)  0.150 +-  0.008
 137 L   0.99996 0.00004 0.00000 ( 1)  0.150 +-  0.005
 138 E   1.00000 0.00000 0.00000 ( 1)  0.150 +-  0.001
 139 F   1.00000 0.00000 0.00000 ( 1)  0.150 +-  0.001
 140 F   1.00000 0.00000 0.00000 ( 1)  0.150 +-  0.000
 141 I   1.00000 0.00000 0.00000 ( 1)  0.150 +-  0.001
 142 P   1.00000 0.00000 0.00000 ( 1)  0.150 +-  0.000
 143 F   1.00000 0.00000 0.00000 ( 1)  0.150 +-  0.000
 144 T   0.00000 1.00000 0.00000 ( 2)  1.000 +-  0.000
 145 V   0.00004 0.99992 0.00004 ( 2)  1.000 +-  0.011
 146 Q   0.00000 1.00000 0.00000 ( 2)  1.000 +-  0.000
 147 E   0.95418 0.04582 0.00000 ( 1)  0.189 +-  0.178
 148 F   1.00000 0.00000 0.00000 ( 1)  0.150 +-  0.000
 149 P   0.99999 0.00001 0.00000 ( 1)  0.150 +-  0.003
 150 K   0.99997 0.00003 0.00000 ( 1)  0.150 +-  0.005
 151 E   0.00003 0.99997 0.00000 ( 2)  1.000 +-  0.005
 152 N   0.83452 0.16548 0.00000 ( 1)  0.291 +-  0.316
 153 K   0.00000 0.99616 0.00384 ( 2)  1.006 +-  0.093
 154 K   1.00000 0.00000 0.00000 ( 1)  0.150 +-  0.001
 155 A   1.00000 0.00000 0.00000 ( 1)  0.150 +-  0.000
 156 I   0.99922 0.00078 0.00000 ( 1)  0.151 +-  0.024
 157 K   0.00000 0.99999 0.00001 ( 2)  1.000 +-  0.005
 158 P   0.00000 1.00000 0.00000 ( 2)  1.000 +-  0.000
 159 T   0.00000 0.99997 0.00003 ( 2)  1.000 +-  0.008

Positively selected sites

	Prob(w>1)  mean w

     6 -      0.841         2.262 +- 0.548
    14 -      0.647         1.971 +- 0.717
    19 -      0.978*        2.467 +- 0.221
    27 -      0.930         2.395 +- 0.382
    30 -      1.000**       2.500 +- 0.009
    32 -      1.000**       2.500 +- 0.003
    38 V      0.960*        2.440 +- 0.295
    61 Q      1.000**       2.500 +- 0.005
