# Extracted from OG0007555_00.rst: NEB section

Naive Empirical Bayes (NEB) probabilities for 2 classes & postmean_w
(amino acids refer to 1st sequence: Acchl)

   1 V   0.99887 0.00113 ( 1)  0.038
   2 N   1.00000 0.00000 ( 1)  0.037
   3 K   0.22288 0.77712 ( 2)  0.785
   4 N   1.00000 0.00000 ( 1)  0.037
   5 F   1.00000 0.00000 ( 1)  0.037
   6 A   1.00000 0.00000 ( 1)  0.037
   7 I   1.00000 0.00000 ( 1)  0.037
   8 D   1.00000 0.00000 ( 1)  0.037
   9 L   1.00000 0.00000 ( 1)  0.037
  10 I   1.00000 0.00000 ( 1)  0.037
  11 A   1.00000 0.00000 ( 1)  0.037
  12 E   1.00000 0.00000 ( 1)  0.037
  13 Q   0.99971 0.00029 ( 1)  0.037
  14 P   1.00000 0.00000 ( 1)  0.037
  15 V   0.99813 0.00187 ( 1)  0.039
  16 S   1.00000 0.00000 ( 1)  0.037
  17 E   0.99899 0.00101 ( 1)  0.038
  18 V   1.00000 0.00000 ( 1)  0.037
  19 G   1.00000 0.00000 ( 1)  0.037
  20 S   1.00000 0.00000 ( 1)  0.037
  21 R   1.00000 0.00000 ( 1)  0.037
  22 V   0.99338 0.00662 ( 1)  0.043
  23 I   0.00000 1.00000 ( 2)  1.000
  24 S   1.00000 0.00000 ( 1)  0.037
  25 C   1.00000 0.00000 ( 1)  0.037
  26 D   1.00000 0.00000 ( 1)  0.037
  27 G   1.00000 0.00000 ( 1)  0.037
  28 G   1.00000 0.00000 ( 1)  0.037
  29 G   1.00000 0.00000 ( 1)  0.037
  30 G   1.00000 0.00000 ( 1)  0.037
  31 A   1.00000 0.00000 ( 1)  0.037
  32 L   0.99886 0.00114 ( 1)  0.038
  33 G   1.00000 0.00000 ( 1)  0.037
  34 H   1.00000 0.00000 ( 1)  0.037
  35 P   1.00000 0.00000 ( 1)  0.037
  36 K   1.00000 0.00000 ( 1)  0.037
  37 V   1.00000 0.00000 ( 1)  0.037
  38 Y   1.00000 0.00000 ( 1)  0.037
  39 I   1.00000 0.00000 ( 1)  0.037
  40 N   1.00000 0.00000 ( 1)  0.037
  41 L   0.99703 0.00297 ( 1)  0.040
  42 D   1.00000 0.00000 ( 1)  0.037
  43 K   1.00000 0.00000 ( 1)  0.037
  44 D   0.00494 0.99506 ( 2)  0.995
  45 T   1.00000 0.00000 ( 1)  0.037
  46 K   1.00000 0.00000 ( 1)  0.037
  47 T   1.00000 0.00000 ( 1)  0.037
  48 G   1.00000 0.00000 ( 1)  0.037
  49 T   1.00000 0.00000 ( 1)  0.037
  50 C   0.99645 0.00355 ( 1)  0.040
  51 G   1.00000 0.00000 ( 1)  0.037
  52 Y   1.00000 0.00000 ( 1)  0.037
  53 C   0.23463 0.76537 ( 2)  0.774
  54 G   0.99922 0.00078 ( 1)  0.038
  55 L   1.00000 0.00000 ( 1)  0.037
  56 Q   0.93847 0.06153 ( 1)  0.096
  57 F   1.00000 0.00000 ( 1)  0.037
  58 K   1.00000 0.00000 ( 1)  0.037
  59 Q   0.63941 0.36059 ( 1)  0.384
  60 K   1.00000 0.00000 ( 1)  0.037
  61 H   0.09088 0.90912 ( 2)  0.912
  62 H   1.00000 0.00000 ( 1)  0.037
