# Extracted from OG0005694_00.rst: BEB section

Bayes Empirical Bayes (BEB) probabilities for 3 classes (class) & postmean_w
(amino acids refer to 1st sequence: Acchl)

   1 -   1.00000 0.00000 0.00000 ( 1)  0.050 +-  0.000
   2 -   1.00000 0.00000 0.00000 ( 1)  0.050 +-  0.000
   3 -   1.00000 0.00000 0.00000 ( 1)  0.050 +-  0.000
   4 -   0.00000 0.99636 0.00364 ( 2)  1.002 +-  0.031
   5 -   1.00000 0.00000 0.00000 ( 1)  0.050 +-  0.001
   6 -   1.00000 0.00000 0.00000 ( 1)  0.050 +-  0.000
   7 -   1.00000 0.00000 0.00000 ( 1)  0.050 +-  0.000
   8 -   0.99998 0.00002 0.00000 ( 1)  0.050 +-  0.004
   9 -   1.00000 0.00000 0.00000 ( 1)  0.050 +-  0.000
  10 -   0.95584 0.04416 0.00000 ( 1)  0.092 +-  0.195
  11 -   1.00000 0.00000 0.00000 ( 1)  0.050 +-  0.000
  12 -   1.00000 0.00000 0.00000 ( 1)  0.050 +-  0.001
  13 -   1.00000 0.00000 0.00000 ( 1)  0.050 +-  0.000
  14 -   1.00000 0.00000 0.00000 ( 1)  0.050 +-  0.000
  15 -   1.00000 0.00000 0.00000 ( 1)  0.050 +-  0.000
  16 -   1.00000 0.00000 0.00000 ( 1)  0.050 +-  0.000
  17 -   1.00000 0.00000 0.00000 ( 1)  0.050 +-  0.000
  18 -   1.00000 0.00000 0.00000 ( 1)  0.050 +-  0.000
  19 -   0.99997 0.00003 0.00000 ( 1)  0.050 +-  0.005
  20 -   1.00000 0.00000 0.00000 ( 1)  0.050 +-  0.000
  21 -   1.00000 0.00000 0.00000 ( 1)  0.050 +-  0.000
  22 -   1.00000 0.00000 0.00000 ( 1)  0.050 +-  0.000
  23 -   1.00000 0.00000 0.00000 ( 1)  0.050 +-  0.000
  24 -   1.00000 0.00000 0.00000 ( 1)  0.050 +-  0.000
  25 -   1.00000 0.00000 0.00000 ( 1)  0.050 +-  0.002
  26 -   1.00000 0.00000 0.00000 ( 1)  0.050 +-  0.000
  27 -   0.00001 0.99999 0.00000 ( 2)  1.000 +-  0.003
  28 -   1.00000 0.00000 0.00000 ( 1)  0.050 +-  0.001
  29 -   1.00000 0.00000 0.00000 ( 1)  0.050 +-  0.000
  30 -   1.00000 0.00000 0.00000 ( 1)  0.050 +-  0.000
  31 -   0.99992 0.00008 0.00000 ( 1)  0.050 +-  0.008
  32 -   0.00060 0.99939 0.00001 ( 2)  0.999 +-  0.023
  33 -   1.00000 0.00000 0.00000 ( 1)  0.050 +-  0.000
  34 -   0.00000 1.00000 0.00000 ( 2)  1.000 +-  0.002
  35 -   1.00000 0.00000 0.00000 ( 1)  0.050 +-  0.000
  36 -   1.00000 0.00000 0.00000 ( 1)  0.050 +-  0.001
  37 -   1.00000 0.00000 0.00000 ( 1)  0.050 +-  0.000
  38 -   0.00000 1.00000 0.00000 ( 2)  1.000 +-  0.000
  39 -   1.00000 0.00000 0.00000 ( 1)  0.050 +-  0.000
  40 -   1.00000 0.00000 0.00000 ( 1)  0.050 +-  0.000
  41 -   1.00000 0.00000 0.00000 ( 1)  0.050 +-  0.000
  42 -   0.00000 0.99983 0.00017 ( 2)  1.000 +-  0.007
  43 -   1.00000 0.00000 0.00000 ( 1)  0.050 +-  0.000
  44 -   1.00000 0.00000 0.00000 ( 1)  0.050 +-  0.000
  45 -   0.00004 0.99996 0.00000 ( 2)  1.000 +-  0.006
  46 -   0.00000 1.00000 0.00000 ( 2)  1.000 +-  0.000
  47 -   0.99989 0.00011 0.00000 ( 1)  0.050 +-  0.010
  48 -   1.00000 0.00000 0.00000 ( 1)  0.050 +-  0.000
  49 -   1.00000 0.00000 0.00000 ( 1)  0.050 +-  0.000
  50 -   1.00000 0.00000 0.00000 ( 1)  0.050 +-  0.000
  51 -   0.99982 0.00018 0.00000 ( 1)  0.050 +-  0.013
  52 -   1.00000 0.00000 0.00000 ( 1)  0.050 +-  0.000
  53 -   1.00000 0.00000 0.00000 ( 1)  0.050 +-  0.000
  54 -   0.00000 0.99998 0.00002 ( 2)  1.000 +-  0.002
  55 -   1.00000 0.00000 0.00000 ( 1)  0.050 +-  0.001
  56 -   0.99984 0.00016 0.00000 ( 1)  0.050 +-  0.012
  57 -   0.00000 0.99946 0.00054 ( 2)  1.000 +-  0.012
  58 -   1.00000 0.00000 0.00000 ( 1)  0.050 +-  0.000
  59 -   1.00000 0.00000 0.00000 ( 1)  0.050 +-  0.000
  60 -   0.99641 0.00359 0.00000 ( 1)  0.053 +-  0.057
  61 -   0.10509 0.89491 0.00000 ( 2)  0.900 +-  0.291
  62 -   1.00000 0.00000 0.00000 ( 1)  0.050 +-  0.000
  63 -   1.00000 0.00000 0.00000 ( 1)  0.050 +-  0.000
  64 -   1.00000 0.00000 0.00000 ( 1)  0.050 +-  0.001
  65 -   0.99998 0.00002 0.00000 ( 1)  0.050 +-  0.004
  66 -   0.00000 1.00000 0.00000 ( 2)  1.000 +-  0.000
  67 -   1.00000 0.00000 0.00000 ( 1)  0.050 +-  0.000
  68 -   1.00000 0.00000 0.00000 ( 1)  0.050 +-  0.000
  69 -   1.00000 0.00000 0.00000 ( 1)  0.050 +-  0.000
  70 -   1.00000 0.00000 0.00000 ( 1)  0.050 +-  0.000
  71 -   1.00000 0.00000 0.00000 ( 1)  0.050 +-  0.000
  72 -   1.00000 0.00000 0.00000 ( 1)  0.050 +-  0.002
  73 -   0.00000 0.99967 0.00033 ( 2)  1.000 +-  0.009
  74 -   0.99998 0.00002 0.00000 ( 1)  0.050 +-  0.004
  75 -   0.01919 0.98080 0.00001 ( 2)  0.982 +-  0.130
  76 -   1.00000 0.00000 0.00000 ( 1)  0.050 +-  0.000
  77 -   1.00000 0.00000 0.00000 ( 1)  0.050 +-  0.000
  78 -   1.00000 0.00000 0.00000 ( 1)  0.050 +-  0.000
  79 -   1.00000 0.00000 0.00000 ( 1)  0.050 +-  0.000
  80 -   1.00000 0.00000 0.00000 ( 1)  0.050 +-  0.000
  81 -   0.00000 0.99997 0.00003 ( 2)  1.000 +-  0.003
  82 -   0.00000 0.99998 0.00002 ( 2)  1.000 +-  0.002
  83 -   1.00000 0.00000 0.00000 ( 1)  0.050 +-  0.000
  84 -   1.00000 0.00000 0.00000 ( 1)  0.050 +-  0.000
  85 -   1.00000 0.00000 0.00000 ( 1)  0.050 +-  0.000
  86 -   0.99941 0.00059 0.00000 ( 1)  0.051 +-  0.023
  87 -   1.00000 0.00000 0.00000 ( 1)  0.050 +-  0.000
  88 -   0.00000 1.00000 0.00000 ( 2)  1.000 +-  0.000
  89 -   0.99902 0.00098 0.00000 ( 1)  0.051 +-  0.030
  90 -   1.00000 0.00000 0.00000 ( 1)  0.050 +-  0.000
  91 V   0.00000 0.99937 0.00063 ( 2)  1.000 +-  0.013
  92 P   1.00000 0.00000 0.00000 ( 1)  0.050 +-  0.000
  93 E   1.00000 0.00000 0.00000 ( 1)  0.050 +-  0.001
  94 W   1.00000 0.00000 0.00000 ( 1)  0.050 +-  0.001
  95 C   0.00000 1.00000 0.00000 ( 2)  1.000 +-  0.000
  96 L   1.00000 0.00000 0.00000 ( 1)  0.050 +-  0.000
  97 D   1.00000 0.00000 0.00000 ( 1)  0.050 +-  0.000
  98 F   0.00000 0.99992 0.00008 ( 2)  1.000 +-  0.004
  99 W   1.00000 0.00000 0.00000 ( 1)  0.050 +-  0.001
 100 H   1.00000 0.00000 0.00000 ( 1)  0.050 +-  0.000
 101 P   1.00000 0.00000 0.00000 ( 1)  0.050 +-  0.000
 102 S   1.00000 0.00000 0.00000 ( 1)  0.050 +-  0.000
 103 E   1.00000 0.00000 0.00000 ( 1)  0.050 +-  0.000
 104 K   1.00000 0.00000 0.00000 ( 1)  0.050 +-  0.000
 105 A   1.00000 0.00000 0.00000 ( 1)  0.050 +-  0.000
 106 M   0.95541 0.04459 0.00000 ( 1)  0.092 +-  0.196
 107 Y   1.00000 0.00000 0.00000 ( 1)  0.050 +-  0.000
 108 P   1.00000 0.00000 0.00000 ( 1)  0.050 +-  0.000
 109 D   1.00000 0.00000 0.00000 ( 1)  0.050 +-  0.000
 110 Y   1.00000 0.00000 0.00000 ( 1)  0.050 +-  0.000
 111 F   1.00000 0.00000 0.00000 ( 1)  0.050 +-  0.000
 112 A   1.00000 0.00000 0.00000 ( 1)  0.050 +-  0.000
 113 K   1.00000 0.00000 0.00000 ( 1)  0.050 +-  0.000
 114 R   1.00000 0.00000 0.00000 ( 1)  0.050 +-  0.000
 115 E   1.00000 0.00000 0.00000 ( 1)  0.050 +-  0.000
 116 Q   1.00000 0.00000 0.00000 ( 1)  0.050 +-  0.000
 117 W   1.00000 0.00000 0.00000 ( 1)  0.050 +-  0.001
 118 K   1.00000 0.00000 0.00000 ( 1)  0.050 +-  0.000
 119 K   1.00000 0.00000 0.00000 ( 1)  0.050 +-  0.000
 120 L   0.99978 0.00022 0.00000 ( 1)  0.050 +-  0.014
 121 R   0.98560 0.01440 0.00000 ( 1)  0.064 +-  0.113
 122 Q   0.00000 0.98807 0.01193 ( 2)  1.006 +-  0.054
 123 E   1.00000 0.00000 0.00000 ( 1)  0.050 +-  0.000
 124 S   1.00000 0.00000 0.00000 ( 1)  0.050 +-  0.000
 125 W   1.00000 0.00000 0.00000 ( 1)  0.050 +-  0.001
 126 E   0.00000 0.99888 0.00112 ( 2)  1.001 +-  0.017
 127 K   0.99792 0.00208 0.00000 ( 1)  0.052 +-  0.043
 128 E   1.00000 0.00000 0.00000 ( 1)  0.050 +-  0.000
 129 I   0.00000 0.99878 0.00122 ( 2)  1.001 +-  0.017
 130 K   1.00000 0.00000 0.00000 ( 1)  0.050 +-  0.000
 131 Q   1.00000 0.00000 0.00000 ( 1)  0.050 +-  0.000
 132 L   1.00000 0.00000 0.00000 ( 1)  0.050 +-  0.000
 133 E   0.00469 0.99531 0.00000 ( 2)  0.996 +-  0.065
 134 E   0.01486 0.98509 0.00006 ( 2)  0.986 +-  0.115
 135 E   1.00000 0.00000 0.00000 ( 1)  0.050 +-  0.000
 136 T   1.00000 0.00000 0.00000 ( 1)  0.050 +-  0.000
 137 P   1.00000 0.00000 0.00000 ( 1)  0.050 +-  0.000
 138 A   0.00000 0.99831 0.00169 ( 2)  1.001 +-  0.021
 139 D   0.00000 0.99997 0.00003 ( 2)  1.000 +-  0.003
 140 G   1.00000 0.00000 0.00000 ( 1)  0.050 +-  0.000
 141 P   1.00000 0.00000 0.00000 ( 1)  0.050 +-  0.000
 142 K   0.00000 0.00106 0.99894 ( 3)  2.414 +-  0.310
 143 T   1.00000 0.00000 0.00000 ( 1)  0.050 +-  0.000
 144 E   1.00000 0.00000 0.00000 ( 1)  0.050 +-  0.000
 145 A   1.00000 0.00000 0.00000 ( 1)  0.050 +-  0.000
 146 L   1.00000 0.00000 0.00000 ( 1)  0.050 +-  0.000
 147 P   1.00000 0.00000 0.00000 ( 1)  0.050 +-  0.000
 148 P   1.00000 0.00000 0.00000 ( 1)  0.050 +-  0.000
 149 A   1.00000 0.00000 0.00000 ( 1)  0.050 +-  0.000
 150 R   1.00000 0.00000 0.00000 ( 1)  0.050 +-  0.000
 151 K   1.00000 0.00000 0.00000 ( 1)  0.050 +-  0.000
 152 E   0.21701 0.78296 0.00003 ( 2)  0.794 +-  0.392
 153 G   1.00000 0.00000 0.00000 ( 1)  0.050 +-  0.000
 154 H   1.00000 0.00000 0.00000 ( 1)  0.050 +-  0.000
 155 L   0.99999 0.00001 0.00000 ( 1)  0.050 +-  0.003
 156 P   1.00000 0.00000 0.00000 ( 1)  0.050 +-  0.000
 157 P   1.00000 0.00000 0.00000 ( 1)  0.050 +-  0.000
 158 L   0.00000 0.99976 0.00024 ( 2)  1.000 +-  0.008
 159 W   1.00000 0.00000 0.00000 ( 1)  0.050 +-  0.001
 160 W   1.00000 0.00000 0.00000 ( 1)  0.050 +-  0.001
 161 E   0.00000 0.99914 0.00086 ( 2)  1.000 +-  0.015
 162 Y   0.99984 0.00016 0.00000 ( 1)  0.050 +-  0.012
 163 V   1.00000 0.00000 0.00000 ( 1)  0.050 +-  0.000
 164 T   1.00000 0.00000 0.00000 ( 1)  0.050 +-  0.000
 165 R   1.00000 0.00000 0.00000 ( 1)  0.050 +-  0.000
 166 P   1.00000 0.00000 0.00000 ( 1)  0.050 +-  0.000
 167 R   1.00000 0.00000 0.00000 ( 1)  0.050 +-  0.000
 168 E   1.00000 0.00000 0.00000 ( 1)  0.050 +-  0.000
 169 M   0.00000 0.99974 0.00026 ( 2)  1.000 +-  0.008
 170 P   1.00000 0.00000 0.00000 ( 1)  0.050 +-  0.000
 171 M   0.99964 0.00036 0.00000 ( 1)  0.050 +-  0.018

Positively selected sites

	Prob(w>1)  mean w

   142 K      0.999**       2.414 +- 0.310
