# Extracted from OG0004539_00.rst: BEB section

Bayes Empirical Bayes (BEB) probabilities for 3 classes (class) & postmean_w
(amino acids refer to 1st sequence: Acchl)

   1 -   1.00000 0.00000 0.00000 ( 1)  0.050 +-  0.000
   2 L   0.01728 0.98255 0.00017 ( 2)  0.984 +-  0.124
   3 F   0.00167 0.99668 0.00165 ( 2)  0.999 +-  0.044
   4 V   0.00000 0.99985 0.00015 ( 2)  1.000 +-  0.006
   5 W   0.73690 0.26301 0.00009 ( 1)  0.300 +-  0.418
   6 H   0.00000 0.99912 0.00088 ( 2)  1.000 +-  0.015
   7 L   0.00000 0.92760 0.07240 ( 2)  1.038 +-  0.146
   8 K   0.98640 0.01360 0.00000 ( 1)  0.063 +-  0.110
   9 S   0.00000 0.64167 0.35833 ( 2)  1.180 +-  0.242
  10 C   0.00000 0.91882 0.08118 ( 2)  1.041 +-  0.137
  11 G   0.98475 0.01525 0.00000 ( 1)  0.064 +-  0.116
  12 A   0.00000 0.94417 0.05583 ( 2)  1.028 +-  0.115
  13 R   0.00000 0.99927 0.00073 ( 2)  1.000 +-  0.014
  14 H   0.00000 0.99862 0.00138 ( 2)  1.001 +-  0.019
  15 I   0.00000 0.99980 0.00020 ( 2)  1.000 +-  0.007
  16 P   0.99979 0.00021 0.00000 ( 1)  0.050 +-  0.014
  17 C   0.98105 0.01895 0.00000 ( 1)  0.068 +-  0.130
  18 Q   0.00000 0.56675 0.43325 ( 2)  1.223 +-  0.266
  19 F   0.00000 0.92234 0.07766 ( 2)  1.039 +-  0.136
  20 V   0.00000 0.99972 0.00028 ( 2)  1.000 +-  0.008
  21 H   0.00000 0.99979 0.00021 ( 2)  1.000 +-  0.007
  22 L   0.99945 0.00055 0.00000 ( 1)  0.051 +-  0.022
  23 C   0.00374 0.99622 0.00004 ( 2)  0.996 +-  0.058
  24 H   0.00000 0.98962 0.01038 ( 2)  1.005 +-  0.051
  25 V   0.00000 0.98024 0.01976 ( 2)  1.010 +-  0.070
  26 A   0.00000 0.99937 0.00063 ( 2)  1.000 +-  0.013
  27 N   0.00000 0.99989 0.00011 ( 2)  1.000 +-  0.005
  28 N   0.00000 0.27663 0.72337 ( 3)  1.454 +-  0.399
  29 R   1.00000 0.00000 0.00000 ( 1)  0.050 +-  0.000
  30 L   0.01915 0.97563 0.00522 ( 2)  0.984 +-  0.135
  31 I   0.12692 0.87302 0.00005 ( 2)  0.879 +-  0.316
  32 T   1.00000 0.00000 0.00000 ( 1)  0.050 +-  0.000
  33 F   1.00000 0.00000 0.00000 ( 1)  0.050 +-  0.001
  34 Q   1.00000 0.00000 0.00000 ( 1)  0.050 +-  0.000
  35 Y   1.00000 0.00000 0.00000 ( 1)  0.050 +-  0.000
  36 F   0.99883 0.00117 0.00000 ( 1)  0.051 +-  0.032
  37 N   0.99815 0.00185 0.00000 ( 1)  0.052 +-  0.041
  38 F   0.96426 0.03573 0.00001 ( 1)  0.084 +-  0.176
  39 L   1.00000 0.00000 0.00000 ( 1)  0.050 +-  0.001
  40 K   0.99996 0.00004 0.00000 ( 1)  0.050 +-  0.006
  41 R   1.00000 0.00000 0.00000 ( 1)  0.050 +-  0.000
  42 M   1.00000 0.00000 0.00000 ( 1)  0.050 +-  0.000
  43 Y   1.00000 0.00000 0.00000 ( 1)  0.050 +-  0.000
  44 V   1.00000 0.00000 0.00000 ( 1)  0.050 +-  0.000
  45 T   1.00000 0.00000 0.00000 ( 1)  0.050 +-  0.000
  46 Q   0.99512 0.00488 0.00000 ( 1)  0.055 +-  0.066
  47 Y   0.00000 0.73434 0.26566 ( 2)  1.133 +-  0.223
  48 N   1.00000 0.00000 0.00000 ( 1)  0.050 +-  0.000
  49 N   0.00000 0.99908 0.00092 ( 2)  1.000 +-  0.015
  50 D   1.00000 0.00000 0.00000 ( 1)  0.050 +-  0.000
  51 L   1.00000 0.00000 0.00000 ( 1)  0.050 +-  0.000
  52 S   1.00000 0.00000 0.00000 ( 1)  0.050 +-  0.000
  53 Q   1.00000 0.00000 0.00000 ( 1)  0.050 +-  0.000
  54 R   0.00000 0.99881 0.00119 ( 2)  1.001 +-  0.017
  55 A   0.00023 0.99956 0.00020 ( 2)  1.000 +-  0.016
  56 K   1.00000 0.00000 0.00000 ( 1)  0.050 +-  0.000
  57 P   1.00000 0.00000 0.00000 ( 1)  0.050 +-  0.000
  58 K   1.00000 0.00000 0.00000 ( 1)  0.050 +-  0.000
  59 P   0.00006 0.99963 0.00031 ( 2)  1.000 +-  0.012
  60 D   0.00000 0.99990 0.00010 ( 2)  1.000 +-  0.005
  61 A   0.00000 0.99442 0.00558 ( 2)  1.003 +-  0.037
  62 V   0.00000 0.99327 0.00673 ( 2)  1.003 +-  0.041
  63 V   0.00000 0.99988 0.00012 ( 2)  1.000 +-  0.005
  64 S   1.00000 0.00000 0.00000 ( 1)  0.050 +-  0.000
  65 P   0.99962 0.00038 0.00000 ( 1)  0.050 +-  0.019
  66 F   0.00031 0.99832 0.00137 ( 2)  1.000 +-  0.025
  67 R   0.00000 0.99991 0.00009 ( 2)  1.000 +-  0.005
  68 D   0.98729 0.01271 0.00000 ( 1)  0.062 +-  0.106
  69 L   0.99055 0.00945 0.00000 ( 1)  0.059 +-  0.092
  70 Q   0.00266 0.99722 0.00012 ( 2)  0.998 +-  0.049
  71 Q   0.00165 0.99833 0.00002 ( 2)  0.998 +-  0.039
  72 L   0.00000 0.96124 0.03876 ( 2)  1.020 +-  0.099
  73 D   0.99848 0.00152 0.00000 ( 1)  0.051 +-  0.037
  74 Q   0.00000 0.99951 0.00049 ( 2)  1.000 +-  0.011
  75 D   0.00159 0.99841 0.00000 ( 2)  0.998 +-  0.038
  76 K   0.29128 0.70871 0.00001 ( 2)  0.723 +-  0.432
  77 K   0.91841 0.08159 0.00000 ( 1)  0.128 +-  0.260
  78 V   0.00000 0.99991 0.00009 ( 2)  1.000 +-  0.005
  79 I   0.00000 1.00000 0.00000 ( 2)  1.000 +-  0.000
  80 H   0.00000 0.99997 0.00003 ( 2)  1.000 +-  0.003
  81 K   0.00000 0.99937 0.00063 ( 2)  1.000 +-  0.013
  82 I   0.98739 0.01261 0.00000 ( 1)  0.062 +-  0.106
  83 S   0.00000 0.99999 0.00001 ( 2)  1.000 +-  0.002
  84 P   0.00020 0.99961 0.00019 ( 2)  1.000 +-  0.015
  85 I   0.00000 0.91864 0.08136 ( 2)  1.041 +-  0.137
  86 S   0.00049 0.99839 0.00112 ( 2)  1.000 +-  0.027
  87 P   0.01438 0.98543 0.00019 ( 2)  0.986 +-  0.113
  88 V   0.00000 0.99996 0.00004 ( 2)  1.000 +-  0.003
  89 H   0.00000 0.99992 0.00008 ( 2)  1.000 +-  0.005
  90 Q   0.00000 0.99977 0.00023 ( 2)  1.000 +-  0.008
  91 P   0.00000 0.97870 0.02130 ( 2)  1.011 +-  0.072
  92 W   0.00000 0.98061 0.01939 ( 2)  1.010 +-  0.069
  93 C   0.00000 0.99999 0.00001 ( 2)  1.000 +-  0.002
  94 E   1.00000 0.00000 0.00000 ( 1)  0.050 +-  0.000
  95 A   0.00000 0.99363 0.00637 ( 2)  1.003 +-  0.040
  96 P   0.00000 0.57343 0.42657 ( 2)  1.253 +-  0.349
  97 S   0.00000 0.98034 0.01966 ( 2)  1.010 +-  0.069
  98 R   0.10496 0.89504 0.00000 ( 2)  0.900 +-  0.291
  99 N   0.00000 0.99997 0.00003 ( 2)  1.000 +-  0.003
 100 E   0.00004 0.99996 0.00000 ( 2)  1.000 +-  0.006
 101 L   0.00001 0.99398 0.00601 ( 2)  1.003 +-  0.039
 102 R   0.07300 0.92700 0.00000 ( 2)  0.931 +-  0.247
 103 E   0.99323 0.00677 0.00000 ( 1)  0.056 +-  0.078
 104 M   0.00000 0.00018 0.99982 ( 3)  1.841 +-  0.474
 105 K   0.00000 0.99966 0.00034 ( 2)  1.000 +-  0.009
 106 S   0.00000 0.94348 0.05652 ( 2)  1.028 +-  0.116
 107 A   0.00000 0.99670 0.00330 ( 2)  1.002 +-  0.029
 108 A   0.00003 0.99995 0.00002 ( 2)  1.000 +-  0.006
 109 E   0.00002 0.99998 0.00001 ( 2)  1.000 +-  0.004
 110 T   0.00000 0.97997 0.02003 ( 2)  1.010 +-  0.070
 111 E   0.00032 0.99968 0.00001 ( 2)  1.000 +-  0.017
 112 E   0.00000 0.99998 0.00002 ( 2)  1.000 +-  0.002
 113 C   0.00000 0.99690 0.00310 ( 2)  1.002 +-  0.028
 114 F   0.00000 0.99870 0.00130 ( 2)  1.001 +-  0.018
 115 P   0.00000 0.98646 0.01354 ( 2)  1.007 +-  0.058
 116 A   0.00000 0.94939 0.05061 ( 2)  1.025 +-  0.110
 117 V   0.00000 0.99978 0.00022 ( 2)  1.000 +-  0.007
 118 K   0.00000 0.99992 0.00008 ( 2)  1.000 +-  0.004
 119 A   0.00000 0.99977 0.00023 ( 2)  1.000 +-  0.008
 120 E   0.00027 0.99973 0.00001 ( 2)  1.000 +-  0.016
 121 S   0.00000 0.96481 0.03519 ( 2)  1.018 +-  0.092
 122 K   0.00000 0.99992 0.00008 ( 2)  1.000 +-  0.005
 123 E   0.00000 0.99997 0.00003 ( 2)  1.000 +-  0.003
 124 D   1.00000 0.00000 0.00000 ( 1)  0.050 +-  0.001
 125 R   1.00000 0.00000 0.00000 ( 1)  0.050 +-  0.000
 126 Q   1.00000 0.00000 0.00000 ( 1)  0.050 +-  0.001
 127 W   1.00000 0.00000 0.00000 ( 1)  0.050 +-  0.000
 128 K   0.99999 0.00001 0.00000 ( 1)  0.050 +-  0.004
 129 E   1.00000 0.00000 0.00000 ( 1)  0.050 +-  0.000
 130 M   1.00000 0.00000 0.00000 ( 1)  0.050 +-  0.000
 131 K   1.00000 0.00000 0.00000 ( 1)  0.050 +-  0.000
 132 L   1.00000 0.00000 0.00000 ( 1)  0.050 +-  0.000
 133 K   0.00000 0.31330 0.68670 ( 3)  1.421 +-  0.386
 134 L   0.00292 0.98489 0.01219 ( 2)  1.003 +-  0.076
 135 E   0.00000 0.99994 0.00006 ( 2)  1.000 +-  0.004
 136 D   1.00000 0.00000 0.00000 ( 1)  0.050 +-  0.000
 137 L   0.99998 0.00002 0.00000 ( 1)  0.050 +-  0.004
 138 P   1.00000 0.00000 0.00000 ( 1)  0.050 +-  0.000
 139 G   1.00000 0.00000 0.00000 ( 1)  0.050 +-  0.000
 140 I   0.00570 0.99419 0.00011 ( 2)  0.995 +-  0.072
 141 L   0.99998 0.00002 0.00000 ( 1)  0.050 +-  0.004
 142 A   1.00000 0.00000 0.00000 ( 1)  0.050 +-  0.000
 143 R   1.00000 0.00000 0.00000 ( 1)  0.050 +-  0.000
 144 L   1.00000 0.00000 0.00000 ( 1)  0.050 +-  0.001
 145 S   1.00000 0.00000 0.00000 ( 1)  0.050 +-  0.000
 146 K   1.00000 0.00000 0.00000 ( 1)  0.050 +-  0.000
 147 I   1.00000 0.00000 0.00000 ( 1)  0.050 +-  0.000
 148 K   1.00000 0.00000 0.00000 ( 1)  0.050 +-  0.000
 149 L   1.00000 0.00000 0.00000 ( 1)  0.050 +-  0.000
 150 T   1.00000 0.00000 0.00000 ( 1)  0.050 +-  0.000
 151 -   1.00000 0.00000 0.00000 ( 1)  0.050 +-  0.000
 152 -   0.99983 0.00017 0.00000 ( 1)  0.050 +-  0.013
 153 -   1.00000 0.00000 0.00000 ( 1)  0.050 +-  0.000
 154 -   1.00000 0.00000 0.00000 ( 1)  0.050 +-  0.000
 155 -   1.00000 0.00000 0.00000 ( 1)  0.050 +-  0.000
 156 -   1.00000 0.00000 0.00000 ( 1)  0.050 +-  0.000
 157 -   0.00000 0.99994 0.00006 ( 2)  1.000 +-  0.004
 158 -   1.00000 0.00000 0.00000 ( 1)  0.050 +-  0.000
 159 -   0.99999 0.00001 0.00000 ( 1)  0.050 +-  0.003
 160 -   1.00000 0.00000 0.00000 ( 1)  0.050 +-  0.000
 161 -   1.00000 0.00000 0.00000 ( 1)  0.050 +-  0.001
 162 -   1.00000 0.00000 0.00000 ( 1)  0.050 +-  0.000
 163 -   1.00000 0.00000 0.00000 ( 1)  0.050 +-  0.000
 164 -   1.00000 0.00000 0.00000 ( 1)  0.050 +-  0.000
 165 -   1.00000 0.00000 0.00000 ( 1)  0.050 +-  0.000
 166 -   1.00000 0.00000 0.00000 ( 1)  0.050 +-  0.000
 167 -   1.00000 0.00000 0.00000 ( 1)  0.050 +-  0.000
 168 -   1.00000 0.00000 0.00000 ( 1)  0.050 +-  0.000
 169 -   1.00000 0.00000 0.00000 ( 1)  0.050 +-  0.000
 170 -   0.00039 0.99604 0.00357 ( 2)  1.001 +-  0.035
 171 -   0.23415 0.76585 0.00000 ( 2)  0.778 +-  0.402
 172 -   0.99045 0.00955 0.00000 ( 1)  0.059 +-  0.092
 173 -   1.00000 0.00000 0.00000 ( 1)  0.050 +-  0.000
 174 -   0.14285 0.85301 0.00415 ( 2)  0.866 +-  0.335
 175 -   1.00000 0.00000 0.00000 ( 1)  0.050 +-  0.001
 176 -   0.99999 0.00001 0.00000 ( 1)  0.050 +-  0.003
 177 -   1.00000 0.00000 0.00000 ( 1)  0.050 +-  0.000
 178 -   1.00000 0.00000 0.00000 ( 1)  0.050 +-  0.001
 179 -   1.00000 0.00000 0.00000 ( 1)  0.050 +-  0.000
 180 -   1.00000 0.00000 0.00000 ( 1)  0.050 +-  0.000
 181 -   1.00000 0.00000 0.00000 ( 1)  0.050 +-  0.000
 182 -   0.99536 0.00462 0.00002 ( 1)  0.054 +-  0.065
 183 -   1.00000 0.00000 0.00000 ( 1)  0.050 +-  0.000
 184 -   1.00000 0.00000 0.00000 ( 1)  0.050 +-  0.000
 185 -   1.00000 0.00000 0.00000 ( 1)  0.050 +-  0.000
 186 -   1.00000 0.00000 0.00000 ( 1)  0.050 +-  0.000
 187 -   1.00000 0.00000 0.00000 ( 1)  0.050 +-  0.000
 188 -   1.00000 0.00000 0.00000 ( 1)  0.050 +-  0.000
 189 -   1.00000 0.00000 0.00000 ( 1)  0.050 +-  0.000
 190 -   1.00000 0.00000 0.00000 ( 1)  0.050 +-  0.000
 191 -   1.00000 0.00000 0.00000 ( 1)  0.050 +-  0.000
 192 -   1.00000 0.00000 0.00000 ( 1)  0.050 +-  0.000
 193 -   1.00000 0.00000 0.00000 ( 1)  0.050 +-  0.000
 194 -   0.99569 0.00431 0.00000 ( 1)  0.054 +-  0.062
 195 -   1.00000 0.00000 0.00000 ( 1)  0.050 +-  0.000
 196 -   1.00000 0.00000 0.00000 ( 1)  0.050 +-  0.000
 197 -   1.00000 0.00000 0.00000 ( 1)  0.050 +-  0.000
 198 -   1.00000 0.00000 0.00000 ( 1)  0.050 +-  0.001
 199 -   1.00000 0.00000 0.00000 ( 1)  0.050 +-  0.000
 200 -   1.00000 0.00000 0.00000 ( 1)  0.050 +-  0.000
 201 -   1.00000 0.00000 0.00000 ( 1)  0.050 +-  0.000
 202 -   1.00000 0.00000 0.00000 ( 1)  0.050 +-  0.000
 203 -   1.00000 0.00000 0.00000 ( 1)  0.050 +-  0.000
 204 -   1.00000 0.00000 0.00000 ( 1)  0.050 +-  0.000
 205 -   1.00000 0.00000 0.00000 ( 1)  0.050 +-  0.000
 206 -   1.00000 0.00000 0.00000 ( 1)  0.050 +-  0.000
 207 -   1.00000 0.00000 0.00000 ( 1)  0.050 +-  0.000
 208 -   1.00000 0.00000 0.00000 ( 1)  0.050 +-  0.000
 209 -   1.00000 0.00000 0.00000 ( 1)  0.050 +-  0.000
 210 -   0.99974 0.00026 0.00000 ( 1)  0.050 +-  0.015
 211 -   1.00000 0.00000 0.00000 ( 1)  0.050 +-  0.000
 212 -   1.00000 0.00000 0.00000 ( 1)  0.050 +-  0.000
 213 -   1.00000 0.00000 0.00000 ( 1)  0.050 +-  0.001
 214 -   1.00000 0.00000 0.00000 ( 1)  0.050 +-  0.000
 215 -   0.99450 0.00550 0.00000 ( 1)  0.055 +-  0.070
 216 -   1.00000 0.00000 0.00000 ( 1)  0.050 +-  0.002
 217 -   1.00000 0.00000 0.00000 ( 1)  0.050 +-  0.000
 218 -   0.99991 0.00009 0.00000 ( 1)  0.050 +-  0.009
 219 -   1.00000 0.00000 0.00000 ( 1)  0.050 +-  0.000
 220 -   0.00548 0.99423 0.00029 ( 2)  0.995 +-  0.071
 221 -   1.00000 0.00000 0.00000 ( 1)  0.050 +-  0.000
 222 -   0.95299 0.04701 0.00000 ( 1)  0.095 +-  0.201
 223 -   0.99999 0.00001 0.00000 ( 1)  0.050 +-  0.003
 224 -   0.99999 0.00001 0.00000 ( 1)  0.050 +-  0.003
 225 -   0.00019 0.99936 0.00045 ( 2)  1.000 +-  0.017
 226 -   0.00000 0.99732 0.00268 ( 2)  1.001 +-  0.026
 227 -   1.00000 0.00000 0.00000 ( 1)  0.050 +-  0.000
 228 -   0.99995 0.00005 0.00000 ( 1)  0.050 +-  0.007
 229 -   0.78843 0.21157 0.00000 ( 1)  0.251 +-  0.388
 230 -   1.00000 0.00000 0.00000 ( 1)  0.050 +-  0.000
 231 -   1.00000 0.00000 0.00000 ( 1)  0.050 +-  0.000
 232 -   0.99936 0.00064 0.00000 ( 1)  0.051 +-  0.024
 233 -   0.00005 0.99956 0.00039 ( 2)  1.000 +-  0.012
 234 -   0.01985 0.96715 0.01300 ( 2)  0.988 +-  0.145
 235 -   0.99495 0.00504 0.00001 ( 1)  0.055 +-  0.067
 236 -   0.00152 0.99846 0.00002 ( 2)  0.999 +-  0.037
 237 -   0.00013 0.98111 0.01876 ( 2)  1.009 +-  0.070
 238 -   0.94484 0.05516 0.00000 ( 1)  0.102 +-  0.217
 239 -   1.00000 0.00000 0.00000 ( 1)  0.050 +-  0.000
 240 -   1.00000 0.00000 0.00000 ( 1)  0.050 +-  0.000
 241 -   1.00000 0.00000 0.00000 ( 1)  0.050 +-  0.001
 242 -   0.99997 0.00003 0.00000 ( 1)  0.050 +-  0.005
 243 -   1.00000 0.00000 0.00000 ( 1)  0.050 +-  0.000
 244 -   1.00000 0.00000 0.00000 ( 1)  0.050 +-  0.000
 245 -   0.99909 0.00091 0.00000 ( 1)  0.051 +-  0.029
 246 -   0.99983 0.00017 0.00000 ( 1)  0.050 +-  0.012
 247 -   1.00000 0.00000 0.00000 ( 1)  0.050 +-  0.001
 248 -   1.00000 0.00000 0.00000 ( 1)  0.050 +-  0.000
 249 -   1.00000 0.00000 0.00000 ( 1)  0.050 +-  0.000
 250 -   1.00000 0.00000 0.00000 ( 1)  0.050 +-  0.000
 251 -   1.00000 0.00000 0.00000 ( 1)  0.050 +-  0.000
 252 -   1.00000 0.00000 0.00000 ( 1)  0.050 +-  0.000
 253 -   1.00000 0.00000 0.00000 ( 1)  0.050 +-  0.002
 254 -   1.00000 0.00000 0.00000 ( 1)  0.050 +-  0.000
 255 -   1.00000 0.00000 0.00000 ( 1)  0.050 +-  0.000
 256 -   1.00000 0.00000 0.00000 ( 1)  0.050 +-  0.000
 257 -   1.00000 0.00000 0.00000 ( 1)  0.050 +-  0.000
 258 -   1.00000 0.00000 0.00000 ( 1)  0.050 +-  0.000
 259 -   1.00000 0.00000 0.00000 ( 1)  0.050 +-  0.000
 260 -   1.00000 0.00000 0.00000 ( 1)  0.050 +-  0.000
 261 -   0.00007 0.99898 0.00095 ( 2)  1.000 +-  0.017
 262 -   1.00000 0.00000 0.00000 ( 1)  0.050 +-  0.000
 263 -   1.00000 0.00000 0.00000 ( 1)  0.050 +-  0.000
 264 -   0.76946 0.23054 0.00000 ( 1)  0.269 +-  0.400
 265 -   1.00000 0.00000 0.00000 ( 1)  0.050 +-  0.000
 266 -   1.00000 0.00000 0.00000 ( 1)  0.050 +-  0.000
 267 -   0.99866 0.00134 0.00000 ( 1)  0.051 +-  0.035
 268 -   1.00000 0.00000 0.00000 ( 1)  0.050 +-  0.000
 269 -   1.00000 0.00000 0.00000 ( 1)  0.050 +-  0.000
 270 -   1.00000 0.00000 0.00000 ( 1)  0.050 +-  0.000
 271 -   1.00000 0.00000 0.00000 ( 1)  0.050 +-  0.000
 272 -   1.00000 0.00000 0.00000 ( 1)  0.050 +-  0.000
 273 -   1.00000 0.00000 0.00000 ( 1)  0.050 +-  0.000
 274 -   1.00000 0.00000 0.00000 ( 1)  0.050 +-  0.000
 275 -   1.00000 0.00000 0.00000 ( 1)  0.050 +-  0.000
 276 -   1.00000 0.00000 0.00000 ( 1)  0.050 +-  0.000
 277 -   1.00000 0.00000 0.00000 ( 1)  0.050 +-  0.000
 278 -   1.00000 0.00000 0.00000 ( 1)  0.050 +-  0.000
 279 -   1.00000 0.00000 0.00000 ( 1)  0.050 +-  0.000
 280 -   1.00000 0.00000 0.00000 ( 1)  0.050 +-  0.000
 281 -   0.00000 0.99693 0.00307 ( 2)  1.002 +-  0.028
 282 -   1.00000 0.00000 0.00000 ( 1)  0.050 +-  0.000
 283 -   1.00000 0.00000 0.00000 ( 1)  0.050 +-  0.000
 284 -   1.00000 0.00000 0.00000 ( 1)  0.050 +-  0.000
 285 -   1.00000 0.00000 0.00000 ( 1)  0.050 +-  0.000
 286 -   1.00000 0.00000 0.00000 ( 1)  0.050 +-  0.000
 287 -   1.00000 0.00000 0.00000 ( 1)  0.050 +-  0.001
 288 -   1.00000 0.00000 0.00000 ( 1)  0.050 +-  0.000
 289 -   1.00000 0.00000 0.00000 ( 1)  0.050 +-  0.000
 290 -   1.00000 0.00000 0.00000 ( 1)  0.050 +-  0.002
 291 -   0.99997 0.00003 0.00000 ( 1)  0.050 +-  0.005
 292 -   1.00000 0.00000 0.00000 ( 1)  0.050 +-  0.000
 293 -   1.00000 0.00000 0.00000 ( 1)  0.050 +-  0.001
 294 -   1.00000 0.00000 0.00000 ( 1)  0.050 +-  0.000
 295 -   1.00000 0.00000 0.00000 ( 1)  0.050 +-  0.000
 296 -   1.00000 0.00000 0.00000 ( 1)  0.050 +-  0.001
 297 -   0.99969 0.00030 0.00000 ( 1)  0.050 +-  0.017
 298 -   1.00000 0.00000 0.00000 ( 1)  0.050 +-  0.000
 299 -   1.00000 0.00000 0.00000 ( 1)  0.050 +-  0.000
 300 -   1.00000 0.00000 0.00000 ( 1)  0.050 +-  0.000
 301 -   1.00000 0.00000 0.00000 ( 1)  0.050 +-  0.000
 302 -   1.00000 0.00000 0.00000 ( 1)  0.050 +-  0.000
 303 -   1.00000 0.00000 0.00000 ( 1)  0.050 +-  0.000
 304 -   1.00000 0.00000 0.00000 ( 1)  0.050 +-  0.000
 305 -   1.00000 0.00000 0.00000 ( 1)  0.050 +-  0.001
 306 -   1.00000 0.00000 0.00000 ( 1)  0.050 +-  0.000
 307 -   1.00000 0.00000 0.00000 ( 1)  0.050 +-  0.000
 308 -   1.00000 0.00000 0.00000 ( 1)  0.050 +-  0.000
 309 -   1.00000 0.00000 0.00000 ( 1)  0.050 +-  0.000
 310 -   1.00000 0.00000 0.00000 ( 1)  0.050 +-  0.000
 311 -   1.00000 0.00000 0.00000 ( 1)  0.050 +-  0.000
 312 -   1.00000 0.00000 0.00000 ( 1)  0.050 +-  0.000
 313 -   0.99968 0.00032 0.00000 ( 1)  0.050 +-  0.017
 314 -   1.00000 0.00000 0.00000 ( 1)  0.050 +-  0.000
 315 -   1.00000 0.00000 0.00000 ( 1)  0.050 +-  0.001
 316 -   1.00000 0.00000 0.00000 ( 1)  0.050 +-  0.000
 317 -   0.99943 0.00056 0.00000 ( 1)  0.051 +-  0.023
 318 -   1.00000 0.00000 0.00000 ( 1)  0.050 +-  0.000
 319 -   1.00000 0.00000 0.00000 ( 1)  0.050 +-  0.000
 320 -   1.00000 0.00000 0.00000 ( 1)  0.050 +-  0.000
 321 -   1.00000 0.00000 0.00000 ( 1)  0.050 +-  0.000
 322 -   1.00000 0.00000 0.00000 ( 1)  0.050 +-  0.000
 323 -   1.00000 0.00000 0.00000 ( 1)  0.050 +-  0.000
 324 -   1.00000 0.00000 0.00000 ( 1)  0.050 +-  0.000
 325 -   1.00000 0.00000 0.00000 ( 1)  0.050 +-  0.000
 326 -   1.00000 0.00000 0.00000 ( 1)  0.050 +-  0.000
 327 -   1.00000 0.00000 0.00000 ( 1)  0.050 +-  0.000
 328 -   1.00000 0.00000 0.00000 ( 1)  0.050 +-  0.000
 329 -   1.00000 0.00000 0.00000 ( 1)  0.050 +-  0.000
 330 -   1.00000 0.00000 0.00000 ( 1)  0.050 +-  0.000
 331 -   1.00000 0.00000 0.00000 ( 1)  0.050 +-  0.000
 332 -   1.00000 0.00000 0.00000 ( 1)  0.050 +-  0.000
 333 -   1.00000 0.00000 0.00000 ( 1)  0.050 +-  0.000
 334 -   1.00000 0.00000 0.00000 ( 1)  0.050 +-  0.000
 335 -   0.00000 0.99994 0.00006 ( 2)  1.000 +-  0.004
 336 -   0.99977 0.00023 0.00000 ( 1)  0.050 +-  0.014
 337 -   1.00000 0.00000 0.00000 ( 1)  0.050 +-  0.001
 338 -   1.00000 0.00000 0.00000 ( 1)  0.050 +-  0.000
 339 -   1.00000 0.00000 0.00000 ( 1)  0.050 +-  0.000
 340 -   1.00000 0.00000 0.00000 ( 1)  0.050 +-  0.000
 341 -   1.00000 0.00000 0.00000 ( 1)  0.050 +-  0.000
 342 -   0.99947 0.00053 0.00000 ( 1)  0.051 +-  0.022
 343 -   1.00000 0.00000 0.00000 ( 1)  0.050 +-  0.000
 344 -   1.00000 0.00000 0.00000 ( 1)  0.050 +-  0.000
 345 -   1.00000 0.00000 0.00000 ( 1)  0.050 +-  0.000
 346 -   0.69807 0.30157 0.00036 ( 1)  0.337 +-  0.437
 347 -   1.00000 0.00000 0.00000 ( 1)  0.050 +-  0.000
 348 -   1.00000 0.00000 0.00000 ( 1)  0.050 +-  0.000
 349 -   0.97820 0.02180 0.00000 ( 1)  0.071 +-  0.139
 350 -   1.00000 0.00000 0.00000 ( 1)  0.050 +-  0.000
 351 -   1.00000 0.00000 0.00000 ( 1)  0.050 +-  0.000
 352 -   0.65467 0.34518 0.00015 ( 1)  0.378 +-  0.452
 353 -   0.00000 0.01404 0.98596 ( 3)  1.827 +-  0.480
 354 -   0.00000 0.70020 0.29980 ( 2)  1.152 +-  0.237
 355 -   1.00000 0.00000 0.00000 ( 1)  0.050 +-  0.000
 356 -   1.00000 0.00000 0.00000 ( 1)  0.050 +-  0.000
 357 -   0.00037 0.99959 0.00004 ( 2)  1.000 +-  0.019
 358 -   1.00000 0.00000 0.00000 ( 1)  0.050 +-  0.000
 359 -   0.00000 0.99996 0.00004 ( 2)  1.000 +-  0.003
 360 -   0.00011 0.99982 0.00007 ( 2)  1.000 +-  0.011
 361 -   1.00000 0.00000 0.00000 ( 1)  0.050 +-  0.000
 362 -   1.00000 0.00000 0.00000 ( 1)  0.050 +-  0.000
 363 -   1.00000 0.00000 0.00000 ( 1)  0.050 +-  0.001
 364 -   1.00000 0.00000 0.00000 ( 1)  0.050 +-  0.000
 365 -   1.00000 0.00000 0.00000 ( 1)  0.050 +-  0.000
 366 -   1.00000 0.00000 0.00000 ( 1)  0.050 +-  0.000
 367 -   0.00000 0.00004 0.99996 ( 3)  1.841 +-  0.474
 368 -   0.00000 0.98469 0.01531 ( 2)  1.008 +-  0.061
 369 -   1.00000 0.00000 0.00000 ( 1)  0.050 +-  0.000
 370 -   1.00000 0.00000 0.00000 ( 1)  0.050 +-  0.000
 371 -   1.00000 0.00000 0.00000 ( 1)  0.050 +-  0.000
 372 -   0.00043 0.99946 0.00011 ( 2)  1.000 +-  0.020
 373 -   1.00000 0.00000 0.00000 ( 1)  0.050 +-  0.000
 374 -   1.00000 0.00000 0.00000 ( 1)  0.050 +-  0.000
 375 -   1.00000 0.00000 0.00000 ( 1)  0.050 +-  0.000
 376 -   1.00000 0.00000 0.00000 ( 1)  0.050 +-  0.000
 377 -   1.00000 0.00000 0.00000 ( 1)  0.050 +-  0.000
 378 -   1.00000 0.00000 0.00000 ( 1)  0.050 +-  0.000
 379 -   1.00000 0.00000 0.00000 ( 1)  0.050 +-  0.000
 380 -   1.00000 0.00000 0.00000 ( 1)  0.050 +-  0.002
 381 -   0.99966 0.00034 0.00000 ( 1)  0.050 +-  0.018
 382 -   0.99999 0.00001 0.00000 ( 1)  0.050 +-  0.003
 383 -   1.00000 0.00000 0.00000 ( 1)  0.050 +-  0.000
 384 -   1.00000 0.00000 0.00000 ( 1)  0.050 +-  0.000
 385 -   1.00000 0.00000 0.00000 ( 1)  0.050 +-  0.001
 386 -   0.99997 0.00003 0.00000 ( 1)  0.050 +-  0.005
 387 -   1.00000 0.00000 0.00000 ( 1)  0.050 +-  0.000
 388 -   1.00000 0.00000 0.00000 ( 1)  0.050 +-  0.002
 389 -   1.00000 0.00000 0.00000 ( 1)  0.050 +-  0.000
 390 -   1.00000 0.00000 0.00000 ( 1)  0.050 +-  0.000
 391 -   1.00000 0.00000 0.00000 ( 1)  0.050 +-  0.000
 392 -   1.00000 0.00000 0.00000 ( 1)  0.050 +-  0.000
 393 -   1.00000 0.00000 0.00000 ( 1)  0.050 +-  0.000
 394 -   0.99976 0.00024 0.00000 ( 1)  0.050 +-  0.015
 395 -   1.00000 0.00000 0.00000 ( 1)  0.050 +-  0.000
 396 -   1.00000 0.00000 0.00000 ( 1)  0.050 +-  0.000
 397 -   1.00000 0.00000 0.00000 ( 1)  0.050 +-  0.000
 398 -   1.00000 0.00000 0.00000 ( 1)  0.050 +-  0.000
 399 -   1.00000 0.00000 0.00000 ( 1)  0.050 +-  0.000
 400 -   0.99988 0.00012 0.00000 ( 1)  0.050 +-  0.010
 401 -   1.00000 0.00000 0.00000 ( 1)  0.050 +-  0.001
 402 -   1.00000 0.00000 0.00000 ( 1)  0.050 +-  0.000
 403 -   0.99999 0.00001 0.00000 ( 1)  0.050 +-  0.003
 404 -   1.00000 0.00000 0.00000 ( 1)  0.050 +-  0.000
 405 -   0.00031 0.99954 0.00014 ( 2)  1.000 +-  0.018
 406 -   0.99946 0.00053 0.00000 ( 1)  0.051 +-  0.022
 407 -   0.99938 0.00062 0.00000 ( 1)  0.051 +-  0.024
 408 -   1.00000 0.00000 0.00000 ( 1)  0.050 +-  0.000
 409 -   1.00000 0.00000 0.00000 ( 1)  0.050 +-  0.000
 410 -   1.00000 0.00000 0.00000 ( 1)  0.050 +-  0.000
 411 -   1.00000 0.00000 0.00000 ( 1)  0.050 +-  0.002
 412 -   1.00000 0.00000 0.00000 ( 1)  0.050 +-  0.000
 413 -   1.00000 0.00000 0.00000 ( 1)  0.050 +-  0.000
 414 -   1.00000 0.00000 0.00000 ( 1)  0.050 +-  0.000
 415 -   1.00000 0.00000 0.00000 ( 1)  0.050 +-  0.000
 416 -   0.32190 0.67809 0.00000 ( 2)  0.694 +-  0.444
 417 -   0.00000 0.99171 0.00829 ( 2)  1.004 +-  0.045
 418 -   0.00699 0.99058 0.00244 ( 2)  0.995 +-  0.083
 419 -   0.00157 0.99842 0.00001 ( 2)  0.999 +-  0.038
 420 -   0.99293 0.00707 0.00000 ( 1)  0.057 +-  0.080
 421 -   1.00000 0.00000 0.00000 ( 1)  0.050 +-  0.000
 422 -   0.97872 0.02128 0.00000 ( 1)  0.070 +-  0.137
 423 -   0.99944 0.00056 0.00000 ( 1)  0.051 +-  0.022
 424 -   0.96240 0.03760 0.00000 ( 1)  0.086 +-  0.181
 425 -   0.00000 0.99867 0.00133 ( 2)  1.001 +-  0.018
 426 -   0.00000 0.99965 0.00035 ( 2)  1.000 +-  0.009
 427 -   0.00000 0.99989 0.00011 ( 2)  1.000 +-  0.005
 428 -   0.00000 0.82393 0.17607 ( 2)  1.088 +-  0.191
 429 -   0.00462 0.99537 0.00001 ( 2)  0.996 +-  0.064
 430 -   0.00000 0.99995 0.00005 ( 2)  1.000 +-  0.004
 431 -   0.95516 0.04483 0.00001 ( 1)  0.093 +-  0.197
 432 -   0.00000 0.15097 0.84903 ( 3)  1.665 +-  0.501
 433 -   0.99993 0.00007 0.00000 ( 1)  0.050 +-  0.008
 434 -   0.00000 0.98501 0.01499 ( 2)  1.007 +-  0.061
 435 -   0.85880 0.14120 0.00000 ( 1)  0.184 +-  0.331
 436 -   0.99799 0.00201 0.00000 ( 1)  0.052 +-  0.043
 437 -   0.99998 0.00002 0.00000 ( 1)  0.050 +-  0.004

Positively selected sites

	Prob(w>1)  mean w

    28 N      0.723         1.454 +- 0.399
   104 M      1.000**       1.841 +- 0.474
   133 K      0.687         1.421 +- 0.386
   353 -      0.986*        1.827 +- 0.480
   367 -      1.000**       1.841 +- 0.474
   432 -      0.849         1.665 +- 0.501
