# Extracted from OG0007930_00.rst: NEB section

Naive Empirical Bayes (NEB) probabilities for 2 classes & postmean_w
(amino acids refer to 1st sequence: Acchl)

   1 M   1.00000 0.00000 ( 1)  0.070
   2 A   1.00000 0.00000 ( 1)  0.070
   3 G   0.99996 0.00004 ( 1)  0.070
   4 H   1.00000 0.00000 ( 1)  0.070
   5 E   1.00000 0.00000 ( 1)  0.070
   6 S   1.00000 0.00000 ( 1)  0.070
   7 G   1.00000 0.00000 ( 1)  0.070
   8 S   1.00000 0.00000 ( 1)  0.070
   9 E   0.99490 0.00510 ( 1)  0.074
  10 H   1.00000 0.00000 ( 1)  0.070
  11 Q   0.99981 0.00019 ( 1)  0.070
  12 F   1.00000 0.00000 ( 1)  0.070
  13 T   1.00000 0.00000 ( 1)  0.070
  14 G   1.00000 0.00000 ( 1)  0.070
  15 F   1.00000 0.00000 ( 1)  0.070
  16 Q   0.82859 0.17141 ( 1)  0.229
  17 K   1.00000 0.00000 ( 1)  0.070
  18 Y   0.99999 0.00001 ( 1)  0.070
  19 F   1.00000 0.00000 ( 1)  0.070
  20 N   1.00000 0.00000 ( 1)  0.070
  21 S   0.99998 0.00002 ( 1)  0.070
  22 Y   0.99999 0.00001 ( 1)  0.070
  23 T   1.00000 0.00000 ( 1)  0.070
  24 L   0.00000 1.00000 ( 2)  1.000
  25 I   0.00000 1.00000 ( 2)  1.000
  26 G   1.00000 0.00000 ( 1)  0.070
  27 R   1.00000 0.00000 ( 1)  0.070
  28 R   1.00000 0.00000 ( 1)  0.070
  29 N   1.00000 0.00000 ( 1)  0.070
  30 Y   0.73556 0.26444 ( 1)  0.316
  31 V   1.00000 0.00000 ( 1)  0.070
  32 I   0.99594 0.00406 ( 1)  0.073
  33 A   1.00000 0.00000 ( 1)  0.070
  34 T   1.00000 0.00000 ( 1)  0.070
  35 Y   0.99999 0.00001 ( 1)  0.070
  36 T   0.00000 1.00000 ( 2)  1.000
  37 G   0.00000 1.00000 ( 2)  1.000
  38 V   0.00000 1.00000 ( 2)  1.000
  39 A   1.00000 0.00000 ( 1)  0.070
  40 L   1.00000 0.00000 ( 1)  0.070
  41 L   0.07238 0.92762 ( 2)  0.933
  42 V   0.00000 1.00000 ( 2)  1.000
  43 L   1.00000 0.00000 ( 1)  0.070
  44 Y   0.99999 0.00001 ( 1)  0.070
  45 F   0.99998 0.00002 ( 1)  0.070
  46 K   1.00000 0.00000 ( 1)  0.070
  47 F   0.87824 0.12176 ( 1)  0.183
  48 R   1.00000 0.00000 ( 1)  0.070
  49 P   0.99987 0.00013 ( 1)  0.070
  50 K   1.00000 0.00000 ( 1)  0.070
  51 K   1.00000 0.00000 ( 1)  0.070
  52 Q   0.00000 1.00000 ( 2)  1.000
  53 T   0.97526 0.02474 ( 1)  0.093
  54 P   1.00000 0.00000 ( 1)  0.070
  55 A   1.00000 0.00000 ( 1)  0.070
  56 V   1.00000 0.00000 ( 1)  0.070
  57 A   0.00006 0.99994 ( 2)  1.000
  58 D   1.00000 0.00000 ( 1)  0.070
  59 K   1.00000 0.00000 ( 1)  0.070
