# Extracted from OG0010435_00.rst: NEB section

Naive Empirical Bayes (NEB) probabilities for 2 classes & postmean_w
(amino acids refer to 1st sequence: Acchl)

   1 -   1.00000 0.00000 ( 1)  0.044
   2 -   0.00000 1.00000 ( 2)  1.000
   3 -   0.00000 1.00000 ( 2)  1.000
   4 -   0.00000 1.00000 ( 2)  1.000
   5 -   0.00000 1.00000 ( 2)  1.000
   6 -   0.00000 1.00000 ( 2)  1.000
   7 -   1.00000 0.00000 ( 1)  0.044
   8 -   0.99970 0.00030 ( 1)  0.044
   9 -   0.00258 0.99742 ( 2)  0.998
  10 -   0.00000 1.00000 ( 2)  1.000
  11 -   0.97784 0.02216 ( 1)  0.065
  12 -   0.29620 0.70380 ( 2)  0.717
  13 -   1.00000 0.00000 ( 1)  0.044
  14 -   0.97758 0.02242 ( 1)  0.065
  15 -   1.00000 0.00000 ( 1)  0.044
  16 -   1.00000 0.00000 ( 1)  0.044
  17 -   1.00000 0.00000 ( 1)  0.044
  18 -   0.98538 0.01462 ( 1)  0.058
  19 -   0.99863 0.00137 ( 1)  0.045
  20 -   1.00000 0.00000 ( 1)  0.044
  21 -   1.00000 0.00000 ( 1)  0.044
  22 -   1.00000 0.00000 ( 1)  0.044
  23 -   0.00000 1.00000 ( 2)  1.000
  24 I   1.00000 0.00000 ( 1)  0.044
  25 I   0.00000 1.00000 ( 2)  1.000
  26 E   1.00000 0.00000 ( 1)  0.044
  27 K   0.99990 0.00010 ( 1)  0.044
  28 G   1.00000 0.00000 ( 1)  0.044
  29 E   0.99999 0.00001 ( 1)  0.044
  30 E   0.99999 0.00001 ( 1)  0.044
  31 N   1.00000 0.00000 ( 1)  0.044
  32 C   0.90104 0.09896 ( 1)  0.139
  33 G   0.00002 0.99998 ( 2)  1.000
  34 H   0.00001 0.99999 ( 2)  1.000
  35 L   0.99998 0.00002 ( 1)  0.044
  36 I   0.98794 0.01206 ( 1)  0.055
  37 E   0.99999 0.00001 ( 1)  0.044
  38 A   0.99744 0.00256 ( 1)  0.046
  39 H   0.99999 0.00001 ( 1)  0.044
  40 K   1.00000 0.00000 ( 1)  0.044
  41 E   1.00000 0.00000 ( 1)  0.044
  42 C   0.87700 0.12300 ( 1)  0.162
  43 M   0.99996 0.00004 ( 1)  0.044
  44 R   1.00000 0.00000 ( 1)  0.044
  45 A   0.73861 0.26139 ( 1)  0.294
  46 L   0.99999 0.00001 ( 1)  0.044
  47 G   1.00000 0.00000 ( 1)  0.044
  48 F   0.99994 0.00006 ( 1)  0.044
  49 K   0.99990 0.00010 ( 1)  0.044
  50 I   1.00000 0.00000 ( 1)  0.044
