# Extracted from OG0007730_00.rst: NEB section

Naive Empirical Bayes (NEB) probabilities for 2 classes & postmean_w
(amino acids refer to 1st sequence: Acchl)

   1 -   0.00000 1.00000 ( 2)  1.000
   2 -   0.00000 1.00000 ( 2)  1.000
   3 -   0.00000 1.00000 ( 2)  1.000
   4 -   0.00000 1.00000 ( 2)  1.000
   5 -   0.00000 1.00000 ( 2)  1.000
   6 -   0.00000 1.00000 ( 2)  1.000
   7 -   0.00000 1.00000 ( 2)  1.000
   8 -   0.00000 1.00000 ( 2)  1.000
   9 -   0.01865 0.98135 ( 2)  0.982
  10 -   0.98546 0.01454 ( 1)  0.063
  11 -   0.00000 1.00000 ( 2)  1.000
  12 -   0.04194 0.95806 ( 2)  0.960
  13 -   0.00000 1.00000 ( 2)  1.000
  14 -   0.00000 1.00000 ( 2)  1.000
  15 -   0.00000 1.00000 ( 2)  1.000
  16 -   1.00000 0.00000 ( 1)  0.049
  17 -   0.95489 0.04511 ( 1)  0.092
  18 -   0.00000 1.00000 ( 2)  1.000
  19 -   0.97249 0.02751 ( 1)  0.075
  20 -   1.00000 0.00000 ( 1)  0.049
  21 -   1.00000 0.00000 ( 1)  0.049
  22 -   0.99532 0.00468 ( 1)  0.053
  23 -   1.00000 0.00000 ( 1)  0.049
  24 -   1.00000 0.00000 ( 1)  0.049
  25 -   1.00000 0.00000 ( 1)  0.049
  26 -   1.00000 0.00000 ( 1)  0.049
  27 -   1.00000 0.00000 ( 1)  0.049
  28 -   1.00000 0.00000 ( 1)  0.049
  29 -   1.00000 0.00000 ( 1)  0.049
  30 -   1.00000 0.00000 ( 1)  0.049
  31 -   0.00000 1.00000 ( 2)  1.000
  32 -   0.00000 1.00000 ( 2)  1.000
  33 -   0.00000 1.00000 ( 2)  1.000
  34 -   1.00000 0.00000 ( 1)  0.049
  35 -   1.00000 0.00000 ( 1)  0.049
  36 -   1.00000 0.00000 ( 1)  0.049
  37 -   1.00000 0.00000 ( 1)  0.049
  38 -   1.00000 0.00000 ( 1)  0.049
  39 -   1.00000 0.00000 ( 1)  0.049
  40 -   0.99999 0.00001 ( 1)  0.049
  41 -   1.00000 0.00000 ( 1)  0.049
  42 -   1.00000 0.00000 ( 1)  0.049
  43 -   1.00000 0.00000 ( 1)  0.049
  44 -   1.00000 0.00000 ( 1)  0.049
  45 -   0.99999 0.00001 ( 1)  0.049
  46 -   1.00000 0.00000 ( 1)  0.049
  47 -   1.00000 0.00000 ( 1)  0.049
  48 -   1.00000 0.00000 ( 1)  0.049
  49 -   1.00000 0.00000 ( 1)  0.049
  50 -   1.00000 0.00000 ( 1)  0.049
  51 -   1.00000 0.00000 ( 1)  0.049
  52 -   1.00000 0.00000 ( 1)  0.049
  53 -   1.00000 0.00000 ( 1)  0.049
  54 -   0.99156 0.00844 ( 1)  0.057
  55 -   1.00000 0.00000 ( 1)  0.049
  56 -   1.00000 0.00000 ( 1)  0.049
  57 -   1.00000 0.00000 ( 1)  0.049
  58 -   1.00000 0.00000 ( 1)  0.049
  59 -   1.00000 0.00000 ( 1)  0.049
  60 -   1.00000 0.00000 ( 1)  0.049
  61 -   1.00000 0.00000 ( 1)  0.049
  62 -   1.00000 0.00000 ( 1)  0.049
  63 -   1.00000 0.00000 ( 1)  0.049
  64 -   1.00000 0.00000 ( 1)  0.049
  65 -   1.00000 0.00000 ( 1)  0.049
  66 -   1.00000 0.00000 ( 1)  0.049
  67 -   1.00000 0.00000 ( 1)  0.049
  68 -   1.00000 0.00000 ( 1)  0.049
  69 -   1.00000 0.00000 ( 1)  0.049
  70 -   1.00000 0.00000 ( 1)  0.049
  71 -   1.00000 0.00000 ( 1)  0.049
  72 -   0.58343 0.41657 ( 1)  0.445
  73 -   1.00000 0.00000 ( 1)  0.049
  74 -   1.00000 0.00000 ( 1)  0.049
  75 -   1.00000 0.00000 ( 1)  0.049
  76 -   1.00000 0.00000 ( 1)  0.049
  77 -   1.00000 0.00000 ( 1)  0.049
  78 -   1.00000 0.00000 ( 1)  0.049
  79 -   1.00000 0.00000 ( 1)  0.049
  80 -   1.00000 0.00000 ( 1)  0.049
  81 -   1.00000 0.00000 ( 1)  0.049
  82 -   0.99999 0.00001 ( 1)  0.049
  83 T   1.00000 0.00000 ( 1)  0.049
  84 T   1.00000 0.00000 ( 1)  0.049
  85 L   1.00000 0.00000 ( 1)  0.049
  86 C   1.00000 0.00000 ( 1)  0.049
  87 N   1.00000 0.00000 ( 1)  0.049
  88 T   1.00000 0.00000 ( 1)  0.049
  89 A   1.00000 0.00000 ( 1)  0.049
  90 L   1.00000 0.00000 ( 1)  0.049
  91 D   1.00000 0.00000 ( 1)  0.049
  92 N   1.00000 0.00000 ( 1)  0.049
  93 P   1.00000 0.00000 ( 1)  0.049
  94 T   1.00000 0.00000 ( 1)  0.049
  95 Q   1.00000 0.00000 ( 1)  0.049
  96 R   1.00000 0.00000 ( 1)  0.049
  97 N   0.04635 0.95365 ( 2)  0.956
  98 K   1.00000 0.00000 ( 1)  0.049
  99 T   0.00000 1.00000 ( 2)  1.000
 100 Q   1.00000 0.00000 ( 1)  0.049
 101 L   0.99999 0.00001 ( 1)  0.049
 102 I   1.00000 0.00000 ( 1)  0.049
 103 R   1.00000 0.00000 ( 1)  0.049
 104 A   1.00000 0.00000 ( 1)  0.049
 105 A   1.00000 0.00000 ( 1)  0.049
 106 V   1.00000 0.00000 ( 1)  0.049
 107 K   1.00000 0.00000 ( 1)  0.049
 108 F   1.00000 0.00000 ( 1)  0.049
 109 L   0.99999 0.00001 ( 1)  0.049
 110 E   1.00000 0.00000 ( 1)  0.049
 111 T   1.00000 0.00000 ( 1)  0.049
 112 D   1.00000 0.00000 ( 1)  0.049
 113 T   1.00000 0.00000 ( 1)  0.049
 114 V   0.00000 1.00000 ( 2)  1.000
 115 Y   1.00000 0.00000 ( 1)  0.049
 116 R   1.00000 0.00000 ( 1)  0.049
 117 V   1.00000 0.00000 ( 1)  0.049
 118 E   1.00000 0.00000 ( 1)  0.049
 119 E   1.00000 0.00000 ( 1)  0.049
 120 P   1.00000 0.00000 ( 1)  0.049
 121 P   0.00001 0.99999 ( 2)  1.000
 122 A   0.99922 0.00078 ( 1)  0.049
 123 L   1.00000 0.00000 ( 1)  0.049
 124 A   1.00000 0.00000 ( 1)  0.049
 125 E   1.00000 0.00000 ( 1)  0.049
 126 L   1.00000 0.00000 ( 1)  0.049
 127 Q   1.00000 0.00000 ( 1)  0.049
 128 K   1.00000 0.00000 ( 1)  0.049
 129 N   0.99852 0.00148 ( 1)  0.050
 130 E   1.00000 0.00000 ( 1)  0.049
 131 W   1.00000 0.00000 ( 1)  0.049
 132 D   1.00000 0.00000 ( 1)  0.049
 133 P   1.00000 0.00000 ( 1)  0.049
 134 I   0.00000 1.00000 ( 2)  1.000
 135 V   0.99998 0.00002 ( 1)  0.049
 136 A   0.00000 1.00000 ( 2)  1.000
 137 W   1.00000 0.00000 ( 1)  0.049
 138 A   0.00000 1.00000 ( 2)  1.000
 139 E   1.00000 0.00000 ( 1)  0.049
 140 N   0.00000 1.00000 ( 2)  1.000
 141 R   1.00000 0.00000 ( 1)  0.049
 142 Y   1.00000 0.00000 ( 1)  0.049
 143 N   1.00000 0.00000 ( 1)  0.049
 144 V   1.00000 0.00000 ( 1)  0.049
 145 T   0.00000 1.00000 ( 2)  1.000
 146 I   1.00000 0.00000 ( 1)  0.049
 147 G   1.00000 0.00000 ( 1)  0.049
 148 S   1.00000 0.00000 ( 1)  0.049
 149 S   1.00000 0.00000 ( 1)  0.049
 150 T   1.00000 0.00000 ( 1)  0.049
 151 S   1.00000 0.00000 ( 1)  0.049
 152 I   1.00000 0.00000 ( 1)  0.049
 153 L   0.99977 0.00023 ( 1)  0.049
 154 G   1.00000 0.00000 ( 1)  0.049
 155 P   1.00000 0.00000 ( 1)  0.049
 156 N   1.00000 0.00000 ( 1)  0.049
 157 I   1.00000 0.00000 ( 1)  0.049
 158 P   1.00000 0.00000 ( 1)  0.049
 159 A   1.00000 0.00000 ( 1)  0.049
 160 S   1.00000 0.00000 ( 1)  0.049
 161 T   1.00000 0.00000 ( 1)  0.049
 162 K   1.00000 0.00000 ( 1)  0.049
 163 E   0.28407 0.71593 ( 2)  0.730
 164 T   1.00000 0.00000 ( 1)  0.049
 165 F   1.00000 0.00000 ( 1)  0.049
 166 V   0.00000 1.00000 ( 2)  1.000
 167 S   0.99999 0.00001 ( 1)  0.049
 168 H   1.00000 0.00000 ( 1)  0.049
 169 L   0.99999 0.00001 ( 1)  0.049
 170 A   1.00000 0.00000 ( 1)  0.049
 171 S   1.00000 0.00000 ( 1)  0.049
 172 Y   1.00000 0.00000 ( 1)  0.049
 173 N   1.00000 0.00000 ( 1)  0.049
 174 M   1.00000 0.00000 ( 1)  0.049
 175 W   1.00000 0.00000 ( 1)  0.049
 176 A   1.00000 0.00000 ( 1)  0.049
 177 L   1.00000 0.00000 ( 1)  0.049
 178 Q   1.00000 0.00000 ( 1)  0.049
 179 G   1.00000 0.00000 ( 1)  0.049
 180 I   1.00000 0.00000 ( 1)  0.049
 181 E   1.00000 0.00000 ( 1)  0.049
 182 Y   0.99999 0.00001 ( 1)  0.049
 183 V   0.82562 0.17438 ( 1)  0.215
 184 I   1.00000 0.00000 ( 1)  0.049
 185 T   1.00000 0.00000 ( 1)  0.049
 186 Q   1.00000 0.00000 ( 1)  0.049
 187 L   0.99994 0.00006 ( 1)  0.049
 188 K   1.00000 0.00000 ( 1)  0.049
 189 S   1.00000 0.00000 ( 1)  0.049
 190 L   0.99978 0.00022 ( 1)  0.049
 191 I   1.00000 0.00000 ( 1)  0.049
 192 L   0.99981 0.00019 ( 1)  0.049
 193 S   1.00000 0.00000 ( 1)  0.049
 194 M   1.00000 0.00000 ( 1)  0.049
 195 G   1.00000 0.00000 ( 1)  0.049
 196 L   0.67323 0.32677 ( 1)  0.360
 197 I   1.00000 0.00000 ( 1)  0.049
 198 D   1.00000 0.00000 ( 1)  0.049
 199 R   1.00000 0.00000 ( 1)  0.049
 200 H   1.00000 0.00000 ( 1)  0.049
 201 I   0.99880 0.00120 ( 1)  0.050
 202 T   1.00000 0.00000 ( 1)  0.049
 203 V   1.00000 0.00000 ( 1)  0.049
 204 E   1.00000 0.00000 ( 1)  0.049
 205 K   0.99999 0.00001 ( 1)  0.049
 206 A   1.00000 0.00000 ( 1)  0.049
 207 V   1.00000 0.00000 ( 1)  0.049
 208 L   1.00000 0.00000 ( 1)  0.049
 209 L   0.99995 0.00005 ( 1)  0.049
 210 S   1.00000 0.00000 ( 1)  0.049
 211 R   1.00000 0.00000 ( 1)  0.049
 212 L   0.99997 0.00003 ( 1)  0.049
 213 E   1.00000 0.00000 ( 1)  0.049
 214 E   1.00000 0.00000 ( 1)  0.049
 215 E   1.00000 0.00000 ( 1)  0.049
 216 Y   1.00000 0.00000 ( 1)  0.049
 217 Q   1.00000 0.00000 ( 1)  0.049
 218 I   1.00000 0.00000 ( 1)  0.049
 219 R   0.00000 1.00000 ( 2)  1.000
 220 R   1.00000 0.00000 ( 1)  0.049
 221 W   1.00000 0.00000 ( 1)  0.049
 222 G   1.00000 0.00000 ( 1)  0.049
 223 N   0.00003 0.99997 ( 2)  1.000
 224 V   1.00000 0.00000 ( 1)  0.049
 225 E   1.00000 0.00000 ( 1)  0.049
 226 W   1.00000 0.00000 ( 1)  0.049
 227 A   1.00000 0.00000 ( 1)  0.049
 228 H   1.00000 0.00000 ( 1)  0.049
 229 D   1.00000 0.00000 ( 1)  0.049
 230 Y   1.00000 0.00000 ( 1)  0.049
 231 D   1.00000 0.00000 ( 1)  0.049
 232 L   0.99981 0.00019 ( 1)  0.049
 233 C   1.00000 0.00000 ( 1)  0.049
 234 E   1.00000 0.00000 ( 1)  0.049
 235 L   1.00000 0.00000 ( 1)  0.049
 236 R   1.00000 0.00000 ( 1)  0.049
 237 A   1.00000 0.00000 ( 1)  0.049
 238 R   1.00000 0.00000 ( 1)  0.049
 239 T   0.95041 0.04959 ( 1)  0.096
 240 A   1.00000 0.00000 ( 1)  0.049
 241 A   1.00000 0.00000 ( 1)  0.049
 242 G   1.00000 0.00000 ( 1)  0.049
 243 T   1.00000 0.00000 ( 1)  0.049
 244 L   1.00000 0.00000 ( 1)  0.049
 245 F   1.00000 0.00000 ( 1)  0.049
 246 V   1.00000 0.00000 ( 1)  0.049
 247 H   1.00000 0.00000 ( 1)  0.049
 248 L   1.00000 0.00000 ( 1)  0.049
 249 C   1.00000 0.00000 ( 1)  0.049
 250 S   1.00000 0.00000 ( 1)  0.049
 251 E   1.00000 0.00000 ( 1)  0.049
 252 S   1.00000 0.00000 ( 1)  0.049
 253 S   1.00000 0.00000 ( 1)  0.049
 254 T   0.99999 0.00001 ( 1)  0.049
 255 V   1.00000 0.00000 ( 1)  0.049
 256 K   1.00000 0.00000 ( 1)  0.049
 257 H   1.00000 0.00000 ( 1)  0.049
 258 K   1.00000 0.00000 ( 1)  0.049
 259 L   0.61688 0.38312 ( 1)  0.413
 260 L   1.00000 0.00000 ( 1)  0.049
 261 Q   0.99883 0.00117 ( 1)  0.050
 262 D   1.00000 0.00000 ( 1)  0.049
