# Extracted from OG0003993_00.rst: NEB section

Naive Empirical Bayes (NEB) probabilities for 2 classes & postmean_w
(amino acids refer to 1st sequence: Acchl)

   1 V   1.00000 0.00000 ( 1)  0.021
   2 V   1.00000 0.00000 ( 1)  0.021
   3 P   0.99991 0.00009 ( 1)  0.021
   4 G   1.00000 0.00000 ( 1)  0.021
   5 E   1.00000 0.00000 ( 1)  0.021
   6 T   1.00000 0.00000 ( 1)  0.021
   7 A   1.00000 0.00000 ( 1)  0.021
   8 L   1.00000 0.00000 ( 1)  0.021
   9 A   1.00000 0.00000 ( 1)  0.021
  10 F   1.00000 0.00000 ( 1)  0.021
  11 Y   1.00000 0.00000 ( 1)  0.021
  12 K   0.99990 0.00010 ( 1)  0.021
  13 A   1.00000 0.00000 ( 1)  0.021
  14 K   1.00000 0.00000 ( 1)  0.021
  15 N   1.00000 0.00000 ( 1)  0.021
  16 P   1.00000 0.00000 ( 1)  0.021
  17 T   1.00000 0.00000 ( 1)  0.021
  18 D   1.00000 0.00000 ( 1)  0.021
  19 K   1.00000 0.00000 ( 1)  0.021
  20 P   1.00000 0.00000 ( 1)  0.021
  21 I   0.00000 1.00000 ( 2)  1.000
  22 I   1.00000 0.00000 ( 1)  0.021
  23 G   1.00000 0.00000 ( 1)  0.021
  24 I   1.00000 0.00000 ( 1)  0.021
  25 S   1.00000 0.00000 ( 1)  0.021
  26 T   1.00000 0.00000 ( 1)  0.021
  27 Y   1.00000 0.00000 ( 1)  0.021
  28 N   1.00000 0.00000 ( 1)  0.021
  29 V   1.00000 0.00000 ( 1)  0.021
  30 I   1.00000 0.00000 ( 1)  0.021
  31 P   1.00000 0.00000 ( 1)  0.021
  32 F   1.00000 0.00000 ( 1)  0.021
  33 E   1.00000 0.00000 ( 1)  0.021
  34 A   1.00000 0.00000 ( 1)  0.021
  35 G   1.00000 0.00000 ( 1)  0.021
  36 Q   1.00000 0.00000 ( 1)  0.021
  37 Y   1.00000 0.00000 ( 1)  0.021
  38 F   1.00000 0.00000 ( 1)  0.021
  39 N   1.00000 0.00000 ( 1)  0.021
  40 K   1.00000 0.00000 ( 1)  0.021
  41 I   1.00000 0.00000 ( 1)  0.021
  42 Q   1.00000 0.00000 ( 1)  0.021
  43 C   1.00000 0.00000 ( 1)  0.021
  44 F   1.00000 0.00000 ( 1)  0.021
  45 C   1.00000 0.00000 ( 1)  0.021
  46 F   1.00000 0.00000 ( 1)  0.021
  47 E   1.00000 0.00000 ( 1)  0.021
  48 E   1.00000 0.00000 ( 1)  0.021
  49 Q   1.00000 0.00000 ( 1)  0.021
  50 R   1.00000 0.00000 ( 1)  0.021
  51 L   1.00000 0.00000 ( 1)  0.021
  52 N   1.00000 0.00000 ( 1)  0.021
  53 P   1.00000 0.00000 ( 1)  0.021
  54 Q   0.99999 0.00001 ( 1)  0.021
  55 E   1.00000 0.00000 ( 1)  0.021
  56 E   1.00000 0.00000 ( 1)  0.021
  57 V   1.00000 0.00000 ( 1)  0.021
  58 D   1.00000 0.00000 ( 1)  0.021
  59 M   1.00000 0.00000 ( 1)  0.021
  60 P   1.00000 0.00000 ( 1)  0.021
  61 V   1.00000 0.00000 ( 1)  0.021
  62 F   1.00000 0.00000 ( 1)  0.021
  63 F   1.00000 0.00000 ( 1)  0.021
  64 Y   1.00000 0.00000 ( 1)  0.021
  65 I   1.00000 0.00000 ( 1)  0.021
  66 D   1.00000 0.00000 ( 1)  0.021
  67 P   1.00000 0.00000 ( 1)  0.021
  68 E   1.00000 0.00000 ( 1)  0.021
  69 F   1.00000 0.00000 ( 1)  0.021
  70 A   0.00000 1.00000 ( 2)  1.000
  71 E   1.00000 0.00000 ( 1)  0.021
  72 D   1.00000 0.00000 ( 1)  0.021
  73 P   1.00000 0.00000 ( 1)  0.021
  74 K   1.00000 0.00000 ( 1)  0.021
  75 M   1.00000 0.00000 ( 1)  0.021
  76 A   1.00000 0.00000 ( 1)  0.021
  77 K   1.00000 0.00000 ( 1)  0.021
  78 V   1.00000 0.00000 ( 1)  0.021
  79 D   1.00000 0.00000 ( 1)  0.021
  80 L   1.00000 0.00000 ( 1)  0.021
  81 I   1.00000 0.00000 ( 1)  0.021
  82 T   1.00000 0.00000 ( 1)  0.021
  83 L   1.00000 0.00000 ( 1)  0.021
  84 S   1.00000 0.00000 ( 1)  0.021
  85 Y   1.00000 0.00000 ( 1)  0.021
  86 T   1.00000 0.00000 ( 1)  0.021
  87 F   1.00000 0.00000 ( 1)  0.021
  88 F   1.00000 0.00000 ( 1)  0.021
  89 E   1.00000 0.00000 ( 1)  0.021
  90 A   1.00000 0.00000 ( 1)  0.021
  91 K   1.00000 0.00000 ( 1)  0.021
  92 E   1.00000 0.00000 ( 1)  0.021
  93 G   1.00000 0.00000 ( 1)  0.021
  94 L   0.00000 1.00000 ( 2)  1.000
  95 K   0.99999 0.00001 ( 1)  0.021
  96 L   1.00000 0.00000 ( 1)  0.021
  97 P   0.99728 0.00272 ( 1)  0.024
  98 L   1.00000 0.00000 ( 1)  0.021
  99 P   1.00000 0.00000 ( 1)  0.021
 100 G   1.00000 0.00000 ( 1)  0.021
 101 Y   1.00000 0.00000 ( 1)  0.021
 102 H   0.00008 0.99992 ( 2)  1.000
