# Extracted from OG0008078_00.rst: BEB section

Bayes Empirical Bayes (BEB) probabilities for 3 classes (class) & postmean_w
(amino acids refer to 1st sequence: Acchl)

   1 L   0.00000 0.06068 0.93932 ( 3)  1.470 +-  0.119
   2 T   0.99698 0.00301 0.00001 ( 1)  0.352 +-  0.036
   3 T   0.54641 0.44879 0.00480 ( 1)  0.647 +-  0.328
   4 K   0.81890 0.18088 0.00022 ( 1)  0.468 +-  0.251
   5 K   0.99775 0.00225 0.00001 ( 1)  0.351 +-  0.031
   6 G   1.00000 0.00000 0.00000 ( 1)  0.350 +-  0.000
   7 E   0.99849 0.00151 0.00000 ( 1)  0.351 +-  0.025
   8 S   0.99943 0.00057 0.00000 ( 1)  0.350 +-  0.015
   9 K   0.00000 0.95289 0.04711 ( 2)  1.024 +-  0.106
  10 S   0.95665 0.04277 0.00058 ( 1)  0.378 +-  0.134
  11 S   0.99995 0.00005 0.00000 ( 1)  0.350 +-  0.004
  12 T   0.01342 0.93058 0.05600 ( 2)  1.019 +-  0.139
  13 N   0.00001 0.89956 0.10044 ( 2)  1.050 +-  0.150
  14 L   0.50630 0.48813 0.00557 ( 1)  0.674 +-  0.330
  15 E   0.00000 0.16859 0.83141 ( 3)  1.416 +-  0.187
  16 E   0.99818 0.00182 0.00000 ( 1)  0.351 +-  0.028
  17 A   0.37958 0.61813 0.00229 ( 2)  0.754 +-  0.317
  18 S   0.99296 0.00700 0.00004 ( 1)  0.355 +-  0.055
  19 E   0.00046 0.68468 0.31486 ( 2)  1.157 +-  0.233
  20 P   0.00953 0.93940 0.05106 ( 2)  1.019 +-  0.128
  21 V   0.99789 0.00211 0.00000 ( 1)  0.351 +-  0.030
  22 D   0.99992 0.00008 0.00000 ( 1)  0.350 +-  0.006
  23 D   0.99940 0.00060 0.00000 ( 1)  0.350 +-  0.016
  24 P   0.00000 0.18462 0.81538 ( 3)  1.408 +-  0.194
  25 R   0.97189 0.02810 0.00001 ( 1)  0.368 +-  0.107
  26 K   0.00000 0.83766 0.16234 ( 2)  1.081 +-  0.184
  27 F   0.99995 0.00005 0.00000 ( 1)  0.350 +-  0.005
  28 M   0.00005 0.99490 0.00505 ( 2)  1.002 +-  0.036
  29 S   0.00000 0.05898 0.94102 ( 3)  1.471 +-  0.118
  30 R   1.00000 0.00000 0.00000 ( 1)  0.350 +-  0.000
  31 K   0.99996 0.00004 0.00000 ( 1)  0.350 +-  0.004
  32 T   1.00000 0.00000 0.00000 ( 1)  0.350 +-  0.001
  33 V   0.07065 0.91918 0.01017 ( 2)  0.959 +-  0.175
  34 V   1.00000 0.00000 0.00000 ( 1)  0.350 +-  0.001
  35 A   0.98761 0.01239 0.00000 ( 1)  0.358 +-  0.072
  36 F   1.00000 0.00000 0.00000 ( 1)  0.350 +-  0.000
  37 P   1.00000 0.00000 0.00000 ( 1)  0.350 +-  0.000
  38 Q   0.83396 0.16341 0.00263 ( 1)  0.459 +-  0.246
  39 R   0.99149 0.00851 0.00000 ( 1)  0.356 +-  0.060
  40 -   0.00000 0.83892 0.16108 ( 2)  1.081 +-  0.184
  41 V   0.01913 0.97342 0.00744 ( 2)  0.991 +-  0.099
  42 V   0.00001 0.90710 0.09290 ( 2)  1.046 +-  0.145
  43 S   0.32679 0.64344 0.02977 ( 2)  0.802 +-  0.326
  44 S   0.93952 0.05909 0.00139 ( 1)  0.390 +-  0.159
  45 L   0.00000 0.96701 0.03299 ( 2)  1.016 +-  0.089
  46 N   0.64578 0.35421 0.00002 ( 1)  0.580 +-  0.311
  47 L   0.00143 0.96522 0.03335 ( 2)  1.016 +-  0.093
  48 T   0.00000 0.23378 0.76622 ( 3)  1.383 +-  0.212
  49 T   0.00008 0.98198 0.01794 ( 2)  1.009 +-  0.067
  50 P   0.00000 0.62883 0.37117 ( 2)  1.186 +-  0.242
  51 A   0.94709 0.05288 0.00004 ( 1)  0.384 +-  0.146
  52 T   0.00000 0.02672 0.97328 ( 3)  1.487 +-  0.081
  53 G   0.02219 0.97687 0.00093 ( 2)  0.986 +-  0.097
  54 G   0.99995 0.00005 0.00000 ( 1)  0.350 +-  0.005
  55 G   1.00000 0.00000 0.00000 ( 1)  0.350 +-  0.001
  56 L   0.00023 0.74549 0.25428 ( 2)  1.127 +-  0.218
  57 R   1.00000 0.00000 0.00000 ( 1)  0.350 +-  0.000
  58 K   0.35993 0.63370 0.00637 ( 2)  0.769 +-  0.317
  59 E   0.00936 0.97180 0.01884 ( 2)  1.003 +-  0.093
  60 I   0.93767 0.06232 0.00001 ( 1)  0.391 +-  0.157
  61 V   0.00000 0.38301 0.61699 ( 3)  1.308 +-  0.243
  62 E   0.99905 0.00095 0.00000 ( 1)  0.351 +-  0.020
  63 D   0.98337 0.01663 0.00000 ( 1)  0.361 +-  0.083
  64 Q   0.99923 0.00077 0.00000 ( 1)  0.351 +-  0.018
  65 T   0.00000 0.74895 0.25105 ( 2)  1.126 +-  0.217
  66 S   0.00108 0.79280 0.20612 ( 2)  1.102 +-  0.204
  67 S   0.99945 0.00055 0.00000 ( 1)  0.350 +-  0.015
  68 S   0.67508 0.31494 0.00997 ( 1)  0.566 +-  0.315
  69 S   0.84285 0.15180 0.00535 ( 1)  0.455 +-  0.245
  70 S   0.99996 0.00004 0.00000 ( 1)  0.350 +-  0.004
  71 S   0.99826 0.00173 0.00001 ( 1)  0.351 +-  0.027
  72 E   0.93116 0.06863 0.00020 ( 1)  0.395 +-  0.165
  73 S   0.99927 0.00072 0.00000 ( 1)  0.350 +-  0.018
  74 D   0.99689 0.00311 0.00000 ( 1)  0.352 +-  0.036
  75 S   0.99995 0.00005 0.00000 ( 1)  0.350 +-  0.005
  76 S   0.99990 0.00010 0.00000 ( 1)  0.350 +-  0.006
  77 S   0.99949 0.00051 0.00000 ( 1)  0.350 +-  0.015
  78 D   0.99996 0.00004 0.00000 ( 1)  0.350 +-  0.004
  79 S   0.99974 0.00026 0.00000 ( 1)  0.350 +-  0.010
  80 E   1.00000 0.00000 0.00000 ( 1)  0.350 +-  0.001
  81 E   0.98954 0.01046 0.00000 ( 1)  0.357 +-  0.066
  82 E   1.00000 0.00000 0.00000 ( 1)  0.350 +-  0.001
  83 S   0.00000 0.98684 0.01316 ( 2)  1.007 +-  0.057
  84 D   0.00021 0.86855 0.13124 ( 2)  1.065 +-  0.169
  85 D   0.00000 0.05350 0.94650 ( 3)  1.473 +-  0.113
  86 V   0.00000 0.01247 0.98753 ( 3)  1.494 +-  0.055
  87 S   0.02127 0.86325 0.11549 ( 2)  1.044 +-  0.190
  88 K   0.00000 0.22373 0.77627 ( 3)  1.388 +-  0.208
  89 V   0.52918 0.47003 0.00079 ( 1)  0.656 +-  0.325
  90 A   0.98528 0.01472 0.00000 ( 1)  0.360 +-  0.078
  91 T   0.00000 0.01458 0.98542 ( 3)  1.493 +-  0.060
  92 K   0.99991 0.00009 0.00000 ( 1)  0.350 +-  0.006
  93 T   1.00000 0.00000 0.00000 ( 1)  0.350 +-  0.001
  94 K   0.99986 0.00014 0.00000 ( 1)  0.350 +-  0.008
  95 V   0.99769 0.00231 0.00000 ( 1)  0.351 +-  0.031
  96 K   0.99721 0.00279 0.00000 ( 1)  0.352 +-  0.034
  97 F   1.00000 0.00000 0.00000 ( 1)  0.350 +-  0.000
  98 P   1.00000 0.00000 0.00000 ( 1)  0.350 +-  0.000
  99 R   1.00000 0.00000 0.00000 ( 1)  0.350 +-  0.001
 100 R   0.91289 0.08704 0.00008 ( 1)  0.407 +-  0.183
 101 N   0.00000 0.08587 0.91413 ( 3)  1.457 +-  0.140
 102 P   0.00944 0.96490 0.02567 ( 2)  1.007 +-  0.102
 103 I   0.00000 0.01323 0.98677 ( 3)  1.493 +-  0.057
 104 F   0.03225 0.96315 0.00460 ( 2)  0.981 +-  0.120
 105 S   0.00980 0.91533 0.07487 ( 2)  1.031 +-  0.148
 106 E   0.99141 0.00858 0.00000 ( 1)  0.356 +-  0.060
 107 D   0.99810 0.00190 0.00000 ( 1)  0.351 +-  0.028
 108 I   0.99476 0.00524 0.00000 ( 1)  0.353 +-  0.047
 109 A   0.99972 0.00028 0.00000 ( 1)  0.350 +-  0.011
 110 A   0.00002 0.96155 0.03843 ( 2)  1.019 +-  0.096
 111 K   0.96196 0.03801 0.00003 ( 1)  0.375 +-  0.124
 112 A   0.99998 0.00002 0.00000 ( 1)  0.350 +-  0.003
 113 S   0.91972 0.07954 0.00074 ( 1)  0.403 +-  0.178
 114 M   0.00578 0.99340 0.00082 ( 2)  0.997 +-  0.051
 115 L   0.83751 0.16233 0.00016 ( 1)  0.456 +-  0.240
 116 A   0.99999 0.00001 0.00000 ( 1)  0.350 +-  0.002
 117 K   0.09446 0.88438 0.02116 ( 2)  0.949 +-  0.206
 118 Q   0.00867 0.97163 0.01970 ( 2)  1.004 +-  0.093
 119 N   0.01067 0.98760 0.00173 ( 2)  0.994 +-  0.070
 120 L   0.04317 0.90975 0.04708 ( 2)  0.995 +-  0.173
 121 S   0.00000 0.07443 0.92557 ( 3)  1.463 +-  0.131
 122 Q   0.06547 0.86127 0.07326 ( 2)  0.994 +-  0.214
 123 K   0.99254 0.00745 0.00001 ( 1)  0.355 +-  0.056
 124 S   0.00000 0.14607 0.85393 ( 3)  1.427 +-  0.177
 125 H   0.00220 0.99419 0.00361 ( 2)  1.000 +-  0.043
 126 R   0.19672 0.78892 0.01436 ( 2)  0.879 +-  0.269
 127 E   0.98264 0.01735 0.00000 ( 1)  0.361 +-  0.085
 128 H   0.00953 0.98694 0.00353 ( 2)  0.996 +-  0.070
 129 G   0.99748 0.00252 0.00000 ( 1)  0.352 +-  0.033
 130 A   0.99586 0.00414 0.00000 ( 1)  0.353 +-  0.042
 131 K   1.00000 0.00000 0.00000 ( 1)  0.350 +-  0.001
 132 K   1.00000 0.00000 0.00000 ( 1)  0.350 +-  0.000
 133 P   0.00034 0.71573 0.28393 ( 2)  1.142 +-  0.226
 134 P   0.74120 0.25862 0.00018 ( 1)  0.518 +-  0.285
 135 R   0.00000 0.77075 0.22925 ( 2)  1.115 +-  0.210
 136 K   0.06349 0.91688 0.01963 ( 2)  0.969 +-  0.175
 137 T   0.22712 0.77227 0.00061 ( 2)  0.853 +-  0.273
 138 E   0.99980 0.00020 0.00000 ( 1)  0.350 +-  0.009
 139 T   0.82501 0.17493 0.00006 ( 1)  0.464 +-  0.247
 140 D   0.00000 0.81405 0.18595 ( 2)  1.093 +-  0.195
 141 V   0.00018 0.92948 0.07034 ( 2)  1.035 +-  0.128
 142 S   0.01401 0.92648 0.05951 ( 2)  1.021 +-  0.143
 143 P   0.00000 0.57459 0.42541 ( 2)  1.213 +-  0.247
 144 V   0.00000 0.35316 0.64684 ( 3)  1.323 +-  0.239
 145 K   0.99785 0.00215 0.00000 ( 1)  0.351 +-  0.030
 146 Q   0.27989 0.69561 0.02451 ( 2)  0.830 +-  0.309
 147 V   0.00000 0.35589 0.64411 ( 3)  1.322 +-  0.239
 148 K   0.00000 0.05002 0.94998 ( 3)  1.475 +-  0.109
 149 V   0.00036 0.97086 0.02878 ( 2)  1.014 +-  0.085
 150 S   0.02718 0.92056 0.05227 ( 2)  1.008 +-  0.156
 151 K   0.97434 0.02559 0.00007 ( 1)  0.367 +-  0.103
 152 T   0.00024 0.99257 0.00719 ( 2)  1.003 +-  0.043
 153 P   0.00000 0.10597 0.89403 ( 3)  1.447 +-  0.154
 154 V   0.00043 0.92059 0.07897 ( 2)  1.039 +-  0.136
 155 S   0.01281 0.98236 0.00483 ( 2)  0.994 +-  0.081
 156 H   0.00107 0.97920 0.01973 ( 2)  1.009 +-  0.073
 157 E   0.95353 0.04645 0.00002 ( 1)  0.380 +-  0.137
 158 T   0.98984 0.01016 0.00000 ( 1)  0.357 +-  0.065
 159 S   0.00000 0.32489 0.67510 ( 3)  1.338 +-  0.234
 160 K   0.99892 0.00108 0.00000 ( 1)  0.351 +-  0.021
 161 S   0.00002 0.28170 0.71829 ( 3)  1.359 +-  0.225
 162 Q   0.17048 0.81261 0.01691 ( 2)  0.898 +-  0.256
 163 A   0.01102 0.97735 0.01163 ( 2)  0.999 +-  0.087
 164 R   0.99992 0.00008 0.00000 ( 1)  0.350 +-  0.006
 165 D   0.84328 0.15664 0.00008 ( 1)  0.452 +-  0.236
 166 P   0.00095 0.99252 0.00653 ( 2)  1.003 +-  0.045
 167 K   0.51790 0.48017 0.00193 ( 1)  0.664 +-  0.327
 168 V   0.00783 0.98743 0.00475 ( 2)  0.997 +-  0.067
 169 K   0.99999 0.00001 0.00000 ( 1)  0.350 +-  0.002
 170 P   0.00000 0.03640 0.96360 ( 3)  1.482 +-  0.094
 171 T   0.00000 0.23623 0.76377 ( 3)  1.382 +-  0.212
 172 P   0.99937 0.00063 0.00000 ( 1)  0.350 +-  0.016
 173 K   0.62929 0.36734 0.00337 ( 1)  0.593 +-  0.317
 174 Q   0.00000 0.00307 0.99693 ( 3)  1.498 +-  0.028
 175 Q   0.00000 0.09123 0.90877 ( 3)  1.454 +-  0.144
 176 V   0.99907 0.00093 0.00000 ( 1)  0.351 +-  0.020
 177 L   0.00000 0.10892 0.89108 ( 3)  1.446 +-  0.156
 178 V   0.00027 0.92096 0.07877 ( 2)  1.039 +-  0.135
 179 L   0.00017 0.97732 0.02252 ( 2)  1.011 +-  0.075
 180 E   0.00002 0.92929 0.07070 ( 2)  1.035 +-  0.128
 181 P   0.99761 0.00239 0.00000 ( 1)  0.352 +-  0.032
 182 R   0.00000 0.00057 0.99943 ( 3)  1.500 +-  0.012
 183 G   0.07948 0.91980 0.00072 ( 2)  0.949 +-  0.176
 184 Q   0.00019 0.91192 0.08789 ( 2)  1.044 +-  0.142
 185 S   0.00007 0.96642 0.03351 ( 2)  1.017 +-  0.090
 186 L   0.00000 0.13146 0.86854 ( 3)  1.434 +-  0.169
 187 T   0.00000 0.74123 0.25877 ( 2)  1.129 +-  0.219
 188 D   0.00000 0.16008 0.83992 ( 3)  1.420 +-  0.183
 189 G   0.00000 0.00385 0.99615 ( 3)  1.498 +-  0.031
 190 A   0.00000 0.28004 0.71996 ( 3)  1.360 +-  0.225
 191 R   0.00000 0.00063 0.99937 ( 3)  1.500 +-  0.013
 192 K   0.70825 0.28969 0.00206 ( 1)  0.541 +-  0.298
 193 S   0.32494 0.66100 0.01406 ( 2)  0.796 +-  0.315
 194 D   0.00000 0.65797 0.34203 ( 2)  1.171 +-  0.237
 195 Y   0.00000 0.41780 0.58220 ( 3)  1.291 +-  0.247
 196 L   0.02732 0.93801 0.03467 ( 2)  1.000 +-  0.142
 197 E   0.00011 0.90873 0.09116 ( 2)  1.046 +-  0.144
 198 D   0.97452 0.02547 0.00001 ( 1)  0.367 +-  0.102
 199 K   0.99925 0.00075 0.00000 ( 1)  0.350 +-  0.018
 200 S   0.00231 0.63013 0.36756 ( 2)  1.182 +-  0.244
 201 I   0.00000 0.86998 0.13002 ( 2)  1.065 +-  0.168
 202 G   0.99923 0.00077 0.00000 ( 1)  0.350 +-  0.018
 203 T   0.96349 0.03650 0.00001 ( 1)  0.374 +-  0.122
 204 Q   0.99980 0.00020 0.00000 ( 1)  0.350 +-  0.009
 205 V   0.01579 0.97841 0.00580 ( 2)  0.993 +-  0.090
 206 A   0.99982 0.00018 0.00000 ( 1)  0.350 +-  0.009
 207 A   0.99998 0.00002 0.00000 ( 1)  0.350 +-  0.003
 208 I   0.00000 0.20672 0.79328 ( 3)  1.397 +-  0.202
 209 Q   0.01220 0.86833 0.11947 ( 2)  1.052 +-  0.180
 210 L   0.00003 0.33092 0.66905 ( 3)  1.335 +-  0.235
 211 K   0.97740 0.02255 0.00006 ( 1)  0.365 +-  0.097
 212 P   0.99880 0.00120 0.00000 ( 1)  0.351 +-  0.022
 213 P   0.46356 0.52563 0.01081 ( 2)  0.704 +-  0.333
 214 A   0.73126 0.26716 0.00158 ( 1)  0.525 +-  0.290
 215 A   0.00008 0.93950 0.06042 ( 2)  1.030 +-  0.119
 216 T   0.00001 0.84493 0.15506 ( 2)  1.078 +-  0.181
 217 Q   0.00000 0.02715 0.97285 ( 3)  1.486 +-  0.081
 218 E   0.99413 0.00587 0.00000 ( 1)  0.354 +-  0.050
 219 D   0.00000 0.87438 0.12562 ( 2)  1.063 +-  0.166
 220 K   0.00000 0.28471 0.71529 ( 3)  1.358 +-  0.226
 221 K   0.00748 0.97114 0.02137 ( 2)  1.006 +-  0.092
 222 Q   0.99991 0.00009 0.00000 ( 1)  0.350 +-  0.006
 223 T   0.00001 0.86587 0.13412 ( 2)  1.067 +-  0.170
 224 V   0.00000 0.00913 0.99087 ( 3)  1.495 +-  0.048
 225 V   0.00002 0.96425 0.03573 ( 2)  1.018 +-  0.093
 226 S   0.00012 0.38098 0.61891 ( 3)  1.309 +-  0.243
 227 R   0.99999 0.00001 0.00000 ( 1)  0.350 +-  0.002

Positively selected sites

	Prob(w>1)  mean w

     1 L      0.939         1.470 +- 0.119
    15 E      0.831         1.416 +- 0.187
    24 P      0.815         1.408 +- 0.194
    29 S      0.941         1.471 +- 0.118
    48 T      0.766         1.383 +- 0.212
    52 T      0.973*        1.487 +- 0.081
    61 V      0.617         1.308 +- 0.243
    85 D      0.947         1.473 +- 0.113
    86 V      0.988*        1.494 +- 0.055
    88 K      0.776         1.388 +- 0.208
    91 T      0.985*        1.493 +- 0.060
   101 N      0.914         1.457 +- 0.140
   103 I      0.987*        1.493 +- 0.057
   121 S      0.926         1.463 +- 0.131
   124 S      0.854         1.427 +- 0.177
   144 V      0.647         1.323 +- 0.239
   147 V      0.644         1.322 +- 0.239
   148 K      0.950         1.475 +- 0.109
   153 P      0.894         1.447 +- 0.154
   159 S      0.675         1.338 +- 0.234
   161 S      0.718         1.359 +- 0.225
   170 P      0.964*        1.482 +- 0.094
   171 T      0.764         1.382 +- 0.212
   174 Q      0.997**       1.498 +- 0.028
   175 Q      0.909         1.454 +- 0.144
   177 L      0.891         1.446 +- 0.156
   182 R      0.999**       1.500 +- 0.012
   186 L      0.869         1.434 +- 0.169
   188 D      0.840         1.420 +- 0.183
   189 G      0.996**       1.498 +- 0.031
   190 A      0.720         1.360 +- 0.225
   191 R      0.999**       1.500 +- 0.013
   195 Y      0.582         1.291 +- 0.247
   208 I      0.793         1.397 +- 0.202
   210 L      0.669         1.335 +- 0.235
   217 Q      0.973*        1.486 +- 0.081
   220 K      0.715         1.358 +- 0.226
   224 V      0.991**       1.495 +- 0.048
   226 S      0.619         1.309 +- 0.243
