# Extracted from OG0003652_00.rst: BEB section

Bayes Empirical Bayes (BEB) probabilities for 3 classes (class) & postmean_w
(amino acids refer to 1st sequence: Acchl)

   1 Q   0.00000 0.04788 0.95212 ( 3)  2.432 +-  0.328
   2 V   0.00056 0.99944 0.00000 ( 2)  1.000 +-  0.020
   3 N   0.00000 0.01183 0.98817 ( 3)  2.485 +-  0.171
   4 Q   0.00000 0.00000 1.00000 ( 3)  2.514 +-  0.117
   5 C   0.00011 0.99989 0.00000 ( 2)  1.000 +-  0.009
   6 A   0.98967 0.01033 0.00000 ( 1)  0.159 +-  0.086
   7 L   0.00000 0.00000 1.00000 ( 3)  2.514 +-  0.117
   8 D   0.00000 0.00000 1.00000 ( 3)  2.514 +-  0.117
   9 F   0.00004 0.99996 0.00000 ( 2)  1.000 +-  0.005
  10 R   1.00000 0.00000 0.00000 ( 1)  0.150 +-  0.007
  11 K   1.00000 0.00000 0.00000 ( 1)  0.150 +-  0.007
  12 I   0.99999 0.00001 0.00000 ( 1)  0.150 +-  0.007
  13 K   1.00000 0.00000 0.00000 ( 1)  0.150 +-  0.007
  14 T   0.00000 0.95021 0.04979 ( 2)  1.075 +-  0.326
  15 H   1.00000 0.00000 0.00000 ( 1)  0.150 +-  0.007
  16 C   1.00000 0.00000 0.00000 ( 1)  0.150 +-  0.007
  17 A   1.00000 0.00000 0.00000 ( 1)  0.150 +-  0.007
  18 E   1.00000 0.00000 0.00000 ( 1)  0.150 +-  0.007
  19 P   1.00000 0.00000 0.00000 ( 1)  0.150 +-  0.007
  20 F   1.00000 0.00000 0.00000 ( 1)  0.150 +-  0.007
  21 T   1.00000 0.00000 0.00000 ( 1)  0.150 +-  0.007
  22 E   0.47785 0.52215 0.00000 ( 2)  0.594 +-  0.425
  23 Y   1.00000 0.00000 0.00000 ( 1)  0.150 +-  0.007
  24 W   1.00000 0.00000 0.00000 ( 1)  0.150 +-  0.007
  25 T   1.00000 0.00000 0.00000 ( 1)  0.150 +-  0.007
  26 C   1.00000 0.00000 0.00000 ( 1)  0.150 +-  0.007
  27 I   1.00000 0.00000 0.00000 ( 1)  0.150 +-  0.007
  28 D   1.00000 0.00000 0.00000 ( 1)  0.150 +-  0.007
  29 Y   1.00000 0.00000 0.00000 ( 1)  0.150 +-  0.007
  30 T   0.00000 1.00000 0.00000 ( 2)  1.000 +-  0.001
  31 N   0.16412 0.83588 0.00000 ( 2)  0.860 +-  0.315
  32 L   0.88714 0.11286 0.00000 ( 1)  0.246 +-  0.269
  33 L   0.99997 0.00003 0.00000 ( 1)  0.150 +-  0.008
  34 E   1.00000 0.00000 0.00000 ( 1)  0.150 +-  0.007
  35 L   1.00000 0.00000 0.00000 ( 1)  0.150 +-  0.007
  36 R   1.00000 0.00000 0.00000 ( 1)  0.150 +-  0.007
  37 R   1.00000 0.00000 0.00000 ( 1)  0.150 +-  0.007
  38 C   1.00000 0.00000 0.00000 ( 1)  0.150 +-  0.007
  39 R   1.00000 0.00000 0.00000 ( 1)  0.150 +-  0.007
  40 K   1.00000 0.00000 0.00000 ( 1)  0.150 +-  0.007
  41 Q   1.00000 0.00000 0.00000 ( 1)  0.150 +-  0.007
  42 Q   1.00000 0.00000 0.00000 ( 1)  0.150 +-  0.007
  43 A   1.00000 0.00000 0.00000 ( 1)  0.150 +-  0.007
  44 A   0.99639 0.00361 0.00000 ( 1)  0.153 +-  0.051
  45 F   1.00000 0.00000 0.00000 ( 1)  0.150 +-  0.007
  46 D   1.00000 0.00000 0.00000 ( 1)  0.150 +-  0.007
  47 S   0.99546 0.00454 0.00000 ( 1)  0.154 +-  0.057
  48 C   1.00000 0.00000 0.00000 ( 1)  0.150 +-  0.007
  49 V   1.00000 0.00000 0.00000 ( 1)  0.150 +-  0.007
  50 L   1.00000 0.00000 0.00000 ( 1)  0.150 +-  0.007
  51 D   0.99992 0.00008 0.00000 ( 1)  0.150 +-  0.010
  52 K   1.00000 0.00000 0.00000 ( 1)  0.150 +-  0.007
  53 L   1.00000 0.00000 0.00000 ( 1)  0.150 +-  0.007
  54 G   1.00000 0.00000 0.00000 ( 1)  0.150 +-  0.007
  55 W   1.00000 0.00000 0.00000 ( 1)  0.150 +-  0.007
  56 V   1.00000 0.00000 0.00000 ( 1)  0.150 +-  0.007
  57 R   1.00000 0.00000 0.00000 ( 1)  0.150 +-  0.007
  58 P   1.00000 0.00000 0.00000 ( 1)  0.150 +-  0.007
  59 D   0.99538 0.00462 0.00000 ( 1)  0.154 +-  0.058
  60 L   1.00000 0.00000 0.00000 ( 1)  0.150 +-  0.007
  61 G   1.00000 0.00000 0.00000 ( 1)  0.150 +-  0.007
  62 E   0.00002 0.99998 0.00000 ( 2)  1.000 +-  0.004
  63 L   1.00000 0.00000 0.00000 ( 1)  0.150 +-  0.007
  64 S   1.00000 0.00000 0.00000 ( 1)  0.150 +-  0.007
  65 K   1.00000 0.00000 0.00000 ( 1)  0.150 +-  0.007
  66 V   1.00000 0.00000 0.00000 ( 1)  0.150 +-  0.007
  67 T   1.00000 0.00000 0.00000 ( 1)  0.150 +-  0.007
  68 K   1.00000 0.00000 0.00000 ( 1)  0.150 +-  0.007
  69 V   1.00000 0.00000 0.00000 ( 1)  0.150 +-  0.007
  70 K   1.00000 0.00000 0.00000 ( 1)  0.150 +-  0.007
  71 T   1.00000 0.00000 0.00000 ( 1)  0.150 +-  0.007
  72 D   1.00000 0.00000 0.00000 ( 1)  0.150 +-  0.007
  73 P   1.00000 0.00000 0.00000 ( 1)  0.150 +-  0.007
  74 E   0.99142 0.00858 0.00000 ( 1)  0.157 +-  0.078
  75 N   1.00000 0.00000 0.00000 ( 1)  0.150 +-  0.007
  76 V   0.00000 0.99994 0.00006 ( 2)  1.000 +-  0.012
  77 Y   0.99998 0.00002 0.00000 ( 1)  0.150 +-  0.008
  78 H   1.00000 0.00000 0.00000 ( 1)  0.150 +-  0.007
  79 S   1.00000 0.00000 0.00000 ( 1)  0.150 +-  0.007
  80 R   0.99955 0.00045 0.00000 ( 1)  0.150 +-  0.019
  81 P   0.00116 0.99884 0.00000 ( 2)  0.999 +-  0.029
  82 R   1.00000 0.00000 0.00000 ( 1)  0.150 +-  0.007
  83 P   0.99997 0.00003 0.00000 ( 1)  0.150 +-  0.008
  84 E   0.99779 0.00221 0.00000 ( 1)  0.152 +-  0.040
  85 P   0.94399 0.05601 0.00000 ( 1)  0.198 +-  0.195
  86 N   1.00000 0.00000 0.00000 ( 1)  0.150 +-  0.007
  87 P   0.00000 0.99998 0.00002 ( 2)  1.000 +-  0.006
  88 P   0.99835 0.00165 0.00000 ( 1)  0.151 +-  0.035
  89 I   0.00000 1.00000 0.00000 ( 2)  1.000 +-  0.000
  90 E   1.00000 0.00000 0.00000 ( 1)  0.150 +-  0.007
  91 G   1.00000 0.00000 0.00000 ( 1)  0.150 +-  0.007
  92 S   1.00000 0.00000 0.00000 ( 1)  0.150 +-  0.007
  93 V   0.00000 0.00004 0.99996 ( 3)  2.514 +-  0.117
  94 F   0.00000 1.00000 0.00000 ( 2)  1.000 +-  0.000
  95 G   1.00000 0.00000 0.00000 ( 1)  0.150 +-  0.007
  96 S   1.00000 0.00000 0.00000 ( 1)  0.150 +-  0.007
  97 W   1.00000 0.00000 0.00000 ( 1)  0.150 +-  0.007

Positively selected sites

	Prob(w>1)  mean w

     1 Q      0.952*        2.432 +- 0.328
     3 N      0.988*        2.485 +- 0.171
     4 Q      1.000**       2.514 +- 0.117
     7 L      1.000**       2.514 +- 0.117
     8 D      1.000**       2.514 +- 0.117
    93 V      1.000**       2.514 +- 0.117
