# Extracted from OG0006500_00.rst: BEB section

Bayes Empirical Bayes (BEB) probabilities for 3 classes (class) & postmean_w
(amino acids refer to 1st sequence: Acchl)

   1 -   0.99833 0.00167 0.00000 ( 1)  0.052 +-  0.039
   2 -   1.00000 0.00000 0.00000 ( 1)  0.050 +-  0.001
   3 -   0.99999 0.00001 0.00000 ( 1)  0.050 +-  0.003
   4 -   0.00000 0.99995 0.00005 ( 2)  1.000 +-  0.018
   5 -   0.99989 0.00011 0.00000 ( 1)  0.050 +-  0.010
   6 -   0.00000 1.00000 0.00000 ( 2)  1.000 +-  0.000
   7 -   0.00000 1.00000 0.00000 ( 2)  1.000 +-  0.001
   8 -   0.00000 0.59746 0.40254 ( 2)  2.006 +-  1.226
   9 -   0.00000 1.00000 0.00000 ( 2)  1.000 +-  0.001
  10 -   1.00000 0.00000 0.00000 ( 1)  0.050 +-  0.000
  11 -   0.99999 0.00001 0.00000 ( 1)  0.050 +-  0.002
  12 -   0.00000 1.00000 0.00000 ( 2)  1.000 +-  0.001
  13 -   0.00024 0.99976 0.00000 ( 2)  1.000 +-  0.015
  14 -   0.99617 0.00383 0.00000 ( 1)  0.054 +-  0.059
  15 -   0.00001 0.99999 0.00000 ( 2)  1.000 +-  0.003
  16 -   0.57839 0.42161 0.00000 ( 1)  0.451 +-  0.469
  17 -   0.00000 1.00000 0.00000 ( 2)  1.000 +-  0.000
  18 -   0.00000 1.00000 0.00000 ( 2)  1.000 +-  0.000
  19 -   0.00000 1.00000 0.00000 ( 2)  1.000 +-  0.001
  20 -   0.00000 1.00000 0.00000 ( 2)  1.000 +-  0.000
  21 -   0.00000 1.00000 0.00000 ( 2)  1.000 +-  0.000
  22 -   0.00000 0.99998 0.00002 ( 2)  1.000 +-  0.012
  23 -   0.00000 1.00000 0.00000 ( 2)  1.000 +-  0.000
  24 -   0.00000 1.00000 0.00000 ( 2)  1.000 +-  0.001
  25 -   0.00000 0.00000 1.00000 ( 3)  3.506 +-  0.077
  26 -   0.00000 0.13875 0.86125 ( 3)  3.153 +-  0.865
  27 -   0.00000 0.00000 1.00000 ( 3)  3.506 +-  0.077
  28 -   0.00000 0.00000 1.00000 ( 3)  3.506 +-  0.077
  29 -   0.00000 0.00000 1.00000 ( 3)  3.506 +-  0.077
  30 -   1.00000 0.00000 0.00000 ( 1)  0.050 +-  0.000
  31 V   1.00000 0.00000 0.00000 ( 1)  0.050 +-  0.000
  32 N   1.00000 0.00000 0.00000 ( 1)  0.050 +-  0.000
  33 D   1.00000 0.00000 0.00000 ( 1)  0.050 +-  0.000
  34 L   1.00000 0.00000 0.00000 ( 1)  0.050 +-  0.000
  35 K   1.00000 0.00000 0.00000 ( 1)  0.050 +-  0.000
  36 T   1.00000 0.00000 0.00000 ( 1)  0.050 +-  0.000
  37 G   1.00000 0.00000 0.00000 ( 1)  0.050 +-  0.000
  38 N   1.00000 0.00000 0.00000 ( 1)  0.050 +-  0.000
  39 L   1.00000 0.00000 0.00000 ( 1)  0.050 +-  0.001
  40 V   0.00000 1.00000 0.00000 ( 2)  1.000 +-  0.000
  41 G   1.00000 0.00000 0.00000 ( 1)  0.050 +-  0.000
  42 I   0.00000 1.00000 0.00000 ( 2)  1.000 +-  0.000
  43 D   1.00000 0.00000 0.00000 ( 1)  0.050 +-  0.000
  44 K   1.00000 0.00000 0.00000 ( 1)  0.050 +-  0.000
  45 Y   1.00000 0.00000 0.00000 ( 1)  0.050 +-  0.000
  46 G   1.00000 0.00000 0.00000 ( 1)  0.050 +-  0.000
  47 N   1.00000 0.00000 0.00000 ( 1)  0.050 +-  0.000
  48 K   0.99999 0.00001 0.00000 ( 1)  0.050 +-  0.003
  49 Y   1.00000 0.00000 0.00000 ( 1)  0.050 +-  0.000
  50 Y   1.00000 0.00000 0.00000 ( 1)  0.050 +-  0.000
  51 E   1.00000 0.00000 0.00000 ( 1)  0.050 +-  0.000
  52 D   1.00000 0.00000 0.00000 ( 1)  0.050 +-  0.000
  53 T   0.00000 1.00000 0.00000 ( 2)  1.000 +-  0.000
  54 R   1.00000 0.00000 0.00000 ( 1)  0.050 +-  0.000
  55 N   1.00000 0.00000 0.00000 ( 1)  0.050 +-  0.000
  56 F   1.00000 0.00000 0.00000 ( 1)  0.050 +-  0.000
  57 F   1.00000 0.00000 0.00000 ( 1)  0.050 +-  0.000
  58 G   1.00000 0.00000 0.00000 ( 1)  0.050 +-  0.000
  59 R   1.00000 0.00000 0.00000 ( 1)  0.050 +-  0.000
  60 H   1.00000 0.00000 0.00000 ( 1)  0.050 +-  0.000
  61 R   1.00000 0.00000 0.00000 ( 1)  0.050 +-  0.000
  62 W   0.99989 0.00011 0.00000 ( 1)  0.050 +-  0.010
  63 V   1.00000 0.00000 0.00000 ( 1)  0.050 +-  0.000
  64 I   0.02880 0.97120 0.00000 ( 2)  0.973 +-  0.159
  65 Y   1.00000 0.00000 0.00000 ( 1)  0.050 +-  0.000
  66 T   1.00000 0.00000 0.00000 ( 1)  0.050 +-  0.000
  67 E   0.00000 1.00000 0.00000 ( 2)  1.000 +-  0.000
  68 E   1.00000 0.00000 0.00000 ( 1)  0.050 +-  0.000
  69 M   1.00000 0.00000 0.00000 ( 1)  0.050 +-  0.000
  70 N   1.00000 0.00000 0.00000 ( 1)  0.050 +-  0.000
  71 G   1.00000 0.00000 0.00000 ( 1)  0.050 +-  0.000
  72 K   1.00000 0.00000 0.00000 ( 1)  0.050 +-  0.000
  73 N   1.00000 0.00000 0.00000 ( 1)  0.050 +-  0.000
  74 T   1.00000 0.00000 0.00000 ( 1)  0.050 +-  0.000
  75 F   0.99992 0.00008 0.00000 ( 1)  0.050 +-  0.009
  76 W   0.99989 0.00011 0.00000 ( 1)  0.050 +-  0.010
  77 E   1.00000 0.00000 0.00000 ( 1)  0.050 +-  0.000
  78 V   1.00000 0.00000 0.00000 ( 1)  0.050 +-  0.000
  79 D   1.00000 0.00000 0.00000 ( 1)  0.050 +-  0.000
  80 G   1.00000 0.00000 0.00000 ( 1)  0.050 +-  0.000
  81 S   1.00000 0.00000 0.00000 ( 1)  0.050 +-  0.000
  82 M   1.00000 0.00000 0.00000 ( 1)  0.050 +-  0.000
  83 V   1.00000 0.00000 0.00000 ( 1)  0.050 +-  0.000
  84 P   1.00000 0.00000 0.00000 ( 1)  0.050 +-  0.000
  85 P   1.00000 0.00000 0.00000 ( 1)  0.050 +-  0.000
  86 E   1.00000 0.00000 0.00000 ( 1)  0.050 +-  0.000
  87 -   0.98359 0.01641 0.00000 ( 1)  0.066 +-  0.121
  88 -   1.00000 0.00000 0.00000 ( 1)  0.050 +-  0.000
  89 -   1.00000 0.00000 0.00000 ( 1)  0.050 +-  0.000
  90 -   0.99990 0.00010 0.00000 ( 1)  0.050 +-  0.009
  91 -   1.00000 0.00000 0.00000 ( 1)  0.050 +-  0.000
  92 -   1.00000 0.00000 0.00000 ( 1)  0.050 +-  0.000
  93 -   0.96321 0.03679 0.00000 ( 1)  0.085 +-  0.179
  94 -   1.00000 0.00000 0.00000 ( 1)  0.050 +-  0.000
  95 -   1.00000 0.00000 0.00000 ( 1)  0.050 +-  0.000
  96 -   1.00000 0.00000 0.00000 ( 1)  0.050 +-  0.000
  97 -   1.00000 0.00000 0.00000 ( 1)  0.050 +-  0.000
  98 -   1.00000 0.00000 0.00000 ( 1)  0.050 +-  0.000
  99 -   1.00000 0.00000 0.00000 ( 1)  0.050 +-  0.000
 100 -   1.00000 0.00000 0.00000 ( 1)  0.050 +-  0.001
 101 -   0.99999 0.00001 0.00000 ( 1)  0.050 +-  0.002
 102 -   1.00000 0.00000 0.00000 ( 1)  0.050 +-  0.000
 103 -   1.00000 0.00000 0.00000 ( 1)  0.050 +-  0.002
 104 -   1.00000 0.00000 0.00000 ( 1)  0.050 +-  0.000
 105 -   1.00000 0.00000 0.00000 ( 1)  0.050 +-  0.000
 106 -   1.00000 0.00000 0.00000 ( 1)  0.050 +-  0.000
 107 -   1.00000 0.00000 0.00000 ( 1)  0.050 +-  0.000
 108 -   1.00000 0.00000 0.00000 ( 1)  0.050 +-  0.000
 109 -   1.00000 0.00000 0.00000 ( 1)  0.050 +-  0.000
 110 -   1.00000 0.00000 0.00000 ( 1)  0.050 +-  0.000
 111 -   0.99840 0.00160 0.00000 ( 1)  0.052 +-  0.038
 112 -   1.00000 0.00000 0.00000 ( 1)  0.050 +-  0.000
 113 -   1.00000 0.00000 0.00000 ( 1)  0.050 +-  0.000
 114 -   1.00000 0.00000 0.00000 ( 1)  0.050 +-  0.000
 115 -   0.99011 0.00989 0.00000 ( 1)  0.059 +-  0.094
 116 -   1.00000 0.00000 0.00000 ( 1)  0.050 +-  0.000
 117 -   1.00000 0.00000 0.00000 ( 1)  0.050 +-  0.000
 118 -   0.00309 0.99691 0.00000 ( 2)  0.997 +-  0.053
 119 -   1.00000 0.00000 0.00000 ( 1)  0.050 +-  0.000
 120 -   1.00000 0.00000 0.00000 ( 1)  0.050 +-  0.000
 121 -   1.00000 0.00000 0.00000 ( 1)  0.050 +-  0.001
 122 -   1.00000 0.00000 0.00000 ( 1)  0.050 +-  0.000
 123 -   0.99879 0.00121 0.00000 ( 1)  0.051 +-  0.033
 124 -   1.00000 0.00000 0.00000 ( 1)  0.050 +-  0.000
 125 -   1.00000 0.00000 0.00000 ( 1)  0.050 +-  0.000
 126 -   1.00000 0.00000 0.00000 ( 1)  0.050 +-  0.000
 127 -   1.00000 0.00000 0.00000 ( 1)  0.050 +-  0.000
 128 -   1.00000 0.00000 0.00000 ( 1)  0.050 +-  0.000
 129 -   1.00000 0.00000 0.00000 ( 1)  0.050 +-  0.000
 130 -   1.00000 0.00000 0.00000 ( 1)  0.050 +-  0.000
 131 -   1.00000 0.00000 0.00000 ( 1)  0.050 +-  0.000
 132 -   1.00000 0.00000 0.00000 ( 1)  0.050 +-  0.000
 133 -   1.00000 0.00000 0.00000 ( 1)  0.050 +-  0.000
 134 -   1.00000 0.00000 0.00000 ( 1)  0.050 +-  0.000
 135 -   1.00000 0.00000 0.00000 ( 1)  0.050 +-  0.000
 136 -   1.00000 0.00000 0.00000 ( 1)  0.050 +-  0.000
 137 -   1.00000 0.00000 0.00000 ( 1)  0.050 +-  0.000
 138 -   0.99813 0.00187 0.00000 ( 1)  0.052 +-  0.041
 139 -   0.00000 1.00000 0.00000 ( 2)  1.000 +-  0.000
 140 -   1.00000 0.00000 0.00000 ( 1)  0.050 +-  0.000
 141 -   1.00000 0.00000 0.00000 ( 1)  0.050 +-  0.000
 142 -   0.98860 0.01140 0.00000 ( 1)  0.061 +-  0.101
 143 -   0.00000 1.00000 0.00000 ( 2)  1.000 +-  0.000
 144 -   0.00002 0.99998 0.00000 ( 2)  1.000 +-  0.004
 145 -   1.00000 0.00000 0.00000 ( 1)  0.050 +-  0.000
 146 -   0.15147 0.84853 0.00000 ( 2)  0.856 +-  0.341

Positively selected sites

	Prob(w>1)  mean w

    25 -      1.000**       3.506 +- 0.077
    26 -      0.861         3.153 +- 0.865
    27 -      1.000**       3.506 +- 0.077
    28 -      1.000**       3.506 +- 0.077
    29 -      1.000**       3.506 +- 0.077
