# Extracted from OG0010877_00.rst: NEB section

Naive Empirical Bayes (NEB) probabilities for 2 classes & postmean_w
(amino acids refer to 1st sequence: Acgen)

   1 A   0.81822 0.18178 ( 1)  0.317
   2 F   0.99545 0.00455 ( 1)  0.169
   3 T   1.00000 0.00000 ( 1)  0.166
   4 R   1.00000 0.00000 ( 1)  0.166
   5 S   1.00000 0.00000 ( 1)  0.166
   6 A   0.99989 0.00011 ( 1)  0.166
   7 F   0.00336 0.99664 ( 2)  0.997
   8 V   0.00330 0.99670 ( 2)  0.997
   9 A   0.99999 0.00001 ( 1)  0.166
  10 K   0.00000 1.00000 ( 2)  1.000
  11 R   0.00000 1.00000 ( 2)  1.000
  12 R   0.00000 1.00000 ( 2)  1.000
  13 N   0.00000 1.00000 ( 2)  1.000
  14 Y   0.99991 0.00009 ( 1)  0.166
  15 D   0.06320 0.93680 ( 2)  0.947
  16 Q   0.00048 0.99952 ( 2)  1.000
  17 P   1.00000 0.00000 ( 1)  0.166
  18 N   1.00000 0.00000 ( 1)  0.166
  19 W   0.99933 0.00067 ( 1)  0.166
  20 L   0.00000 1.00000 ( 2)  1.000
  21 G   0.99997 0.00003 ( 1)  0.166
  22 V   1.00000 0.00000 ( 1)  0.166
  23 G   0.99998 0.00002 ( 1)  0.166
  24 L   0.99988 0.00012 ( 1)  0.166
  25 A   1.00000 0.00000 ( 1)  0.166
  26 F   1.00000 0.00000 ( 1)  0.166
  27 S   0.00000 1.00000 ( 2)  1.000
  28 T   1.00000 0.00000 ( 1)  0.166
  29 T   0.99116 0.00884 ( 1)  0.173
  30 A   0.99999 0.00001 ( 1)  0.166
  31 A   0.99711 0.00289 ( 1)  0.168
  32 L   0.99919 0.00081 ( 1)  0.166
  33 W   0.99617 0.00383 ( 1)  0.169
  34 A   0.31089 0.68911 ( 2)  0.741
  35 L   0.00000 1.00000 ( 2)  1.000
  36 L   1.00000 0.00000 ( 1)  0.166
  37 F   0.01055 0.98945 ( 2)  0.991
  38 K   0.99877 0.00123 ( 1)  0.167
  39 Q   0.00337 0.99663 ( 2)  0.997
  40 H   1.00000 0.00000 ( 1)  0.166
  41 N   0.00000 1.00000 ( 2)  1.000
  42 E   0.00181 0.99819 ( 2)  0.998
  43 D   1.00000 0.00000 ( 1)  0.166
  44 I   0.99911 0.00089 ( 1)  0.166
  45 M   0.00000 1.00000 ( 2)  1.000
  46 E   1.00000 0.00000 ( 1)  0.166
  47 Y   1.00000 0.00000 ( 1)  0.166
  48 E   1.00000 0.00000 ( 1)  0.166
  49 R   1.00000 0.00000 ( 1)  0.166
  50 R   1.00000 0.00000 ( 1)  0.166
  51 K   0.99999 0.00001 ( 1)  0.166
  52 Q   0.00000 1.00000 ( 2)  1.000
  53 E   0.00007 0.99993 ( 2)  1.000
  54 K   0.00000 1.00000 ( 2)  1.000
  55 Q   0.00000 1.00000 ( 2)  1.000
  56 H   1.00000 0.00000 ( 1)  0.166
  57 K   0.99986 0.00014 ( 1)  0.166
  58 C   1.00000 0.00000 ( 1)  0.166
  59 T   0.99986 0.00014 ( 1)  0.166
  60 G   0.00000 1.00000 ( 2)  1.000
  61 S   1.00000 0.00000 ( 1)  0.166
