# Extracted from OG0006710_00.rst: BEB section

Bayes Empirical Bayes (BEB) probabilities for 3 classes (class) & postmean_w
(amino acids refer to 1st sequence: Acchl)

   1 -   0.03425 0.96463 0.00112 ( 2)  0.971 +-  0.157
   2 -   0.00003 0.99817 0.00180 ( 2)  1.001 +-  0.022
   3 C   0.42492 0.57508 0.00000 ( 2)  0.603 +-  0.463
   4 A   0.00000 0.99999 0.00001 ( 2)  1.000 +-  0.002
   5 Q   0.13676 0.86319 0.00004 ( 2)  0.876 +-  0.311
   6 T   0.00000 0.99999 0.00001 ( 2)  1.000 +-  0.002
   7 F   0.00435 0.99562 0.00003 ( 2)  0.996 +-  0.056
   8 V   0.96910 0.03090 0.00000 ( 1)  0.086 +-  0.165
   9 L   0.10222 0.89591 0.00187 ( 2)  0.909 +-  0.274
  10 S   0.00000 0.99636 0.00364 ( 2)  1.002 +-  0.030
  11 Q   0.00000 0.99983 0.00017 ( 2)  1.000 +-  0.007
  12 L   0.99997 0.00003 0.00000 ( 1)  0.056 +-  0.025
  13 E   1.00000 0.00000 0.00000 ( 1)  0.056 +-  0.024
  14 N   1.00000 0.00000 0.00000 ( 1)  0.056 +-  0.024
  15 L   1.00000 0.00000 0.00000 ( 1)  0.056 +-  0.024
  16 Q   1.00000 0.00000 0.00000 ( 1)  0.056 +-  0.024
  17 P   1.00000 0.00000 0.00000 ( 1)  0.056 +-  0.024
  18 E   1.00000 0.00000 0.00000 ( 1)  0.056 +-  0.024
  19 I   1.00000 0.00000 0.00000 ( 1)  0.056 +-  0.024
  20 K   0.98991 0.01009 0.00000 ( 1)  0.066 +-  0.097
  21 A   0.00000 0.99987 0.00013 ( 2)  1.000 +-  0.006
  22 L   0.02458 0.97542 0.00000 ( 2)  0.979 +-  0.132
  23 S   0.99999 0.00001 0.00000 ( 1)  0.056 +-  0.025
  24 E   0.11247 0.88753 0.00000 ( 2)  0.899 +-  0.283
  25 R   0.06027 0.93973 0.00000 ( 2)  0.949 +-  0.202
  26 L   1.00000 0.00000 0.00000 ( 1)  0.056 +-  0.024
  27 R   1.00000 0.00000 0.00000 ( 1)  0.056 +-  0.024
  28 Y   0.99769 0.00231 0.00000 ( 1)  0.059 +-  0.051
  29 E   1.00000 0.00000 0.00000 ( 1)  0.056 +-  0.024
  30 V   1.00000 0.00000 0.00000 ( 1)  0.056 +-  0.024
  31 S   0.69142 0.30858 0.00000 ( 1)  0.350 +-  0.435
  32 V   0.59341 0.40659 0.00000 ( 1)  0.443 +-  0.462
  33 R   1.00000 0.00000 0.00000 ( 1)  0.056 +-  0.024
  34 G   1.00000 0.00000 0.00000 ( 1)  0.056 +-  0.024
  35 K   0.99989 0.00011 0.00000 ( 1)  0.056 +-  0.026
  36 Q   1.00000 0.00000 0.00000 ( 1)  0.056 +-  0.024
  37 L   0.00000 0.93621 0.06379 ( 2)  1.044 +-  0.195
  38 G   1.00000 0.00000 0.00000 ( 1)  0.056 +-  0.024
  39 W   1.00000 0.00000 0.00000 ( 1)  0.056 +-  0.024
  40 S   1.00000 0.00000 0.00000 ( 1)  0.056 +-  0.024
  41 E   0.99999 0.00001 0.00000 ( 1)  0.056 +-  0.024
  42 R   0.99990 0.00010 0.00000 ( 1)  0.056 +-  0.026
  43 V   0.26336 0.73663 0.00000 ( 2)  0.756 +-  0.408
  44 C   1.00000 0.00000 0.00000 ( 1)  0.056 +-  0.024
  45 R   1.00000 0.00000 0.00000 ( 1)  0.056 +-  0.024
  46 F   0.00004 0.99996 0.00000 ( 2)  1.000 +-  0.005
  47 H   1.00000 0.00000 0.00000 ( 1)  0.056 +-  0.024
  48 F   1.00000 0.00000 0.00000 ( 1)  0.056 +-  0.024
  49 R   0.00000 0.99777 0.00223 ( 2)  1.001 +-  0.024
  50 K   0.91906 0.08094 0.00000 ( 1)  0.133 +-  0.258
  51 N   1.00000 0.00000 0.00000 ( 1)  0.056 +-  0.024
  52 L   1.00000 0.00000 0.00000 ( 1)  0.056 +-  0.024
  53 R   1.00000 0.00000 0.00000 ( 1)  0.056 +-  0.024
  54 R   1.00000 0.00000 0.00000 ( 1)  0.056 +-  0.024
  55 I   0.00000 0.99922 0.00078 ( 2)  1.000 +-  0.014
  56 V   0.02226 0.97774 0.00000 ( 2)  0.981 +-  0.125
  57 T   0.06154 0.93846 0.00000 ( 2)  0.948 +-  0.204
  58 E   1.00000 0.00000 0.00000 ( 1)  0.056 +-  0.024
  59 L   0.99999 0.00001 0.00000 ( 1)  0.056 +-  0.025
  60 Y   1.00000 0.00000 0.00000 ( 1)  0.056 +-  0.024
  61 V   0.00000 0.00055 0.99945 ( 3)  2.302 +-  0.399
  62 R   1.00000 0.00000 0.00000 ( 1)  0.056 +-  0.024
  63 D   1.00000 0.00000 0.00000 ( 1)  0.056 +-  0.024
  64 N   1.00000 0.00000 0.00000 ( 1)  0.056 +-  0.024
  65 C   1.00000 0.00000 0.00000 ( 1)  0.056 +-  0.024
  66 H   1.00000 0.00000 0.00000 ( 1)  0.056 +-  0.024
  67 P   1.00000 0.00000 0.00000 ( 1)  0.056 +-  0.024
  68 F   1.00000 0.00000 0.00000 ( 1)  0.056 +-  0.024
  69 K   1.00000 0.00000 0.00000 ( 1)  0.056 +-  0.024
  70 A   1.00000 0.00000 0.00000 ( 1)  0.056 +-  0.024
  71 T   1.00000 0.00000 0.00000 ( 1)  0.056 +-  0.024
  72 L   0.35401 0.64598 0.00001 ( 2)  0.670 +-  0.446
  73 L   0.62414 0.37571 0.00015 ( 1)  0.413 +-  0.456
  74 V   0.00000 0.99920 0.00080 ( 2)  1.000 +-  0.014
  75 W   1.00000 0.00000 0.00000 ( 1)  0.056 +-  0.024
  76 V   1.00000 0.00000 0.00000 ( 1)  0.056 +-  0.024
  77 Q   1.00000 0.00000 0.00000 ( 1)  0.056 +-  0.024
  78 I   0.00000 0.98832 0.01168 ( 2)  1.006 +-  0.054
  79 P   1.00000 0.00000 0.00000 ( 1)  0.056 +-  0.024
  80 V   0.06346 0.93654 0.00000 ( 2)  0.946 +-  0.207
  81 W   1.00000 0.00000 0.00000 ( 1)  0.056 +-  0.024
  82 V   0.61398 0.38602 0.00000 ( 1)  0.423 +-  0.458
  83 C   1.00000 0.00000 0.00000 ( 1)  0.056 +-  0.024
  84 A   0.82252 0.17748 0.00000 ( 1)  0.225 +-  0.361
  85 S   1.00000 0.00000 0.00000 ( 1)  0.056 +-  0.024
  86 L   1.00000 0.00000 0.00000 ( 1)  0.056 +-  0.024
  87 A   1.00000 0.00000 0.00000 ( 1)  0.056 +-  0.024
  88 L   0.99999 0.00001 0.00000 ( 1)  0.056 +-  0.024
  89 R   1.00000 0.00000 0.00000 ( 1)  0.056 +-  0.024
  90 N   1.00000 0.00000 0.00000 ( 1)  0.056 +-  0.024
  91 C   1.00000 0.00000 0.00000 ( 1)  0.056 +-  0.024
  92 S   1.00000 0.00000 0.00000 ( 1)  0.056 +-  0.024
  93 V   0.05746 0.94254 0.00000 ( 2)  0.951 +-  0.198
  94 G   1.00000 0.00000 0.00000 ( 1)  0.056 +-  0.024
  95 A   1.00000 0.00000 0.00000 ( 1)  0.056 +-  0.024
  96 A   0.00000 0.00141 0.99859 ( 3)  2.301 +-  0.401
  97 G   0.05007 0.94993 0.00000 ( 2)  0.957 +-  0.185
  98 S   0.00118 0.99881 0.00001 ( 2)  0.999 +-  0.029
  99 A   0.00000 0.99990 0.00010 ( 2)  1.000 +-  0.005
 100 V   1.00000 0.00000 0.00000 ( 1)  0.056 +-  0.024
 101 Q   0.99999 0.00001 0.00000 ( 1)  0.056 +-  0.025
 102 E   1.00000 0.00000 0.00000 ( 1)  0.056 +-  0.024
 103 E   0.07395 0.92605 0.00000 ( 2)  0.936 +-  0.226
 104 F   0.99999 0.00001 0.00000 ( 1)  0.056 +-  0.025
 105 S   0.08797 0.91203 0.00000 ( 2)  0.923 +-  0.249
 106 S   0.04513 0.95487 0.00000 ( 2)  0.962 +-  0.176
 107 G   1.00000 0.00000 0.00000 ( 1)  0.056 +-  0.024
 108 G   1.00000 0.00000 0.00000 ( 1)  0.056 +-  0.024
 109 A   0.01493 0.98507 0.00000 ( 2)  0.987 +-  0.103
 110 L   1.00000 0.00000 0.00000 ( 1)  0.056 +-  0.024
 111 W   1.00000 0.00000 0.00000 ( 1)  0.056 +-  0.024
 112 F   1.00000 0.00000 0.00000 ( 1)  0.056 +-  0.024
 113 T   0.06065 0.93935 0.00000 ( 2)  0.948 +-  0.203
 114 D   1.00000 0.00000 0.00000 ( 1)  0.056 +-  0.024
 115 L   1.00000 0.00000 0.00000 ( 1)  0.056 +-  0.024
 116 T   1.00000 0.00000 0.00000 ( 1)  0.056 +-  0.024
 117 A   1.00000 0.00000 0.00000 ( 1)  0.056 +-  0.024
 118 P   1.00000 0.00000 0.00000 ( 1)  0.056 +-  0.024
 119 D   1.00000 0.00000 0.00000 ( 1)  0.056 +-  0.024
 120 P   0.99944 0.00056 0.00000 ( 1)  0.057 +-  0.033
 121 T   1.00000 0.00000 0.00000 ( 1)  0.056 +-  0.024
 122 W   1.00000 0.00000 0.00000 ( 1)  0.056 +-  0.024
 123 I   1.00000 0.00000 0.00000 ( 1)  0.056 +-  0.024
 124 L   1.00000 0.00000 0.00000 ( 1)  0.056 +-  0.024
 125 P   1.00000 0.00000 0.00000 ( 1)  0.056 +-  0.024
 126 V   0.00000 0.99911 0.00089 ( 2)  1.000 +-  0.015
 127 S   0.00000 0.99950 0.00050 ( 2)  1.000 +-  0.011
 128 L   1.00000 0.00000 0.00000 ( 1)  0.056 +-  0.024
 129 G   1.00000 0.00000 0.00000 ( 1)  0.056 +-  0.024
 130 L   0.88994 0.11006 0.00000 ( 1)  0.161 +-  0.296
 131 V   0.00106 0.99892 0.00003 ( 2)  0.999 +-  0.028
 132 N   1.00000 0.00000 0.00000 ( 1)  0.056 +-  0.024
 133 L   0.99806 0.00194 0.00000 ( 1)  0.058 +-  0.048
 134 L   0.99897 0.00103 0.00000 ( 1)  0.057 +-  0.039
 135 I   1.00000 0.00000 0.00000 ( 1)  0.056 +-  0.024
 136 V   1.00000 0.00000 0.00000 ( 1)  0.056 +-  0.024
 137 E   1.00000 0.00000 0.00000 ( 1)  0.056 +-  0.024
 138 I   0.00000 0.96027 0.03973 ( 2)  1.020 +-  0.098

Positively selected sites

	Prob(w>1)  mean w

    61 V      0.999**       2.302 +- 0.399
    96 A      0.999**       2.301 +- 0.401
