# Extracted from OG0003232_00.rst: NEB section

Naive Empirical Bayes (NEB) probabilities for 2 classes & postmean_w
(amino acids refer to 1st sequence: Acchl)

   1 M   1.00000 0.00000 ( 1)  0.093
   2 L   1.00000 0.00000 ( 1)  0.093
   3 A   1.00000 0.00000 ( 1)  0.093
   4 S   0.99996 0.00004 ( 1)  0.093
   5 R   1.00000 0.00000 ( 1)  0.093
   6 V   0.00000 1.00000 ( 2)  1.000
   7 F   1.00000 0.00000 ( 1)  0.093
   8 S   1.00000 0.00000 ( 1)  0.093
   9 L   1.00000 0.00000 ( 1)  0.093
  10 V   0.00000 1.00000 ( 2)  1.000
  11 G   1.00000 0.00000 ( 1)  0.093
  12 R   0.99999 0.00001 ( 1)  0.093
  13 R   1.00000 0.00000 ( 1)  0.093
  14 S   1.00000 0.00000 ( 1)  0.093
  15 I   0.02464 0.97536 ( 2)  0.978
  16 C   0.99996 0.00004 ( 1)  0.093
  17 T   1.00000 0.00000 ( 1)  0.093
  18 S   1.00000 0.00000 ( 1)  0.093
  19 A   1.00000 0.00000 ( 1)  0.093
  20 G   1.00000 0.00000 ( 1)  0.093
  21 V   1.00000 0.00000 ( 1)  0.093
  22 V   1.00000 0.00000 ( 1)  0.093
  23 K   1.00000 0.00000 ( 1)  0.093
  24 A   1.00000 0.00000 ( 1)  0.093
  25 E   0.99982 0.00018 ( 1)  0.093
  26 D   1.00000 0.00000 ( 1)  0.093
  27 Y   0.99625 0.00375 ( 1)  0.096
  28 T   1.00000 0.00000 ( 1)  0.093
  29 L   1.00000 0.00000 ( 1)  0.093
  30 P   1.00000 0.00000 ( 1)  0.093
  31 V   0.00000 1.00000 ( 2)  1.000
  32 Y   1.00000 0.00000 ( 1)  0.093
  33 V   0.00464 0.99536 ( 2)  0.996
  34 D   1.00000 0.00000 ( 1)  0.093
  35 R   1.00000 0.00000 ( 1)  0.093
  36 R   1.00000 0.00000 ( 1)  0.093
  37 D   1.00000 0.00000 ( 1)  0.093
  38 M   0.99822 0.00178 ( 1)  0.094
  39 P   1.00000 0.00000 ( 1)  0.093
  40 L   1.00000 0.00000 ( 1)  0.093
  41 P   1.00000 0.00000 ( 1)  0.093
  42 E   1.00000 0.00000 ( 1)  0.093
  43 V   1.00000 0.00000 ( 1)  0.093
  44 A   1.00000 0.00000 ( 1)  0.093
  45 F   1.00000 0.00000 ( 1)  0.093
  46 V   1.00000 0.00000 ( 1)  0.093
  47 R   1.00000 0.00000 ( 1)  0.093
  48 D   1.00000 0.00000 ( 1)  0.093
  49 L   1.00000 0.00000 ( 1)  0.093
  50 S   1.00000 0.00000 ( 1)  0.093
  51 A   1.00000 0.00000 ( 1)  0.093
  52 Q   1.00000 0.00000 ( 1)  0.093
  53 Q   1.00000 0.00000 ( 1)  0.093
  54 K   0.99930 0.00070 ( 1)  0.093
  55 A   1.00000 0.00000 ( 1)  0.093
  56 L   1.00000 0.00000 ( 1)  0.093
  57 K   1.00000 0.00000 ( 1)  0.093
  58 E   1.00000 0.00000 ( 1)  0.093
  59 K   1.00000 0.00000 ( 1)  0.093
  60 E   1.00000 0.00000 ( 1)  0.093
  61 K   1.00000 0.00000 ( 1)  0.093
  62 A   1.00000 0.00000 ( 1)  0.093
  63 S   1.00000 0.00000 ( 1)  0.093
  64 W   1.00000 0.00000 ( 1)  0.093
  65 T   1.00000 0.00000 ( 1)  0.093
  66 A   1.00000 0.00000 ( 1)  0.093
  67 L   1.00000 0.00000 ( 1)  0.093
  68 S   1.00000 0.00000 ( 1)  0.093
  69 V   0.00000 1.00000 ( 2)  1.000
  70 D   0.00059 0.99941 ( 2)  0.999
  71 E   1.00000 0.00000 ( 1)  0.093
  72 K   1.00000 0.00000 ( 1)  0.093
  73 V   1.00000 0.00000 ( 1)  0.093
  74 E   1.00000 0.00000 ( 1)  0.093
  75 L   1.00000 0.00000 ( 1)  0.093
  76 Y   1.00000 0.00000 ( 1)  0.093
  77 R   1.00000 0.00000 ( 1)  0.093
  78 I   0.00000 1.00000 ( 2)  1.000
  79 K   1.00000 0.00000 ( 1)  0.093
  80 F   1.00000 0.00000 ( 1)  0.093
  81 N   1.00000 0.00000 ( 1)  0.093
  82 E   1.00000 0.00000 ( 1)  0.093
  83 T   0.00000 1.00000 ( 2)  1.000
  84 Y   1.00000 0.00000 ( 1)  0.093
  85 A   1.00000 0.00000 ( 1)  0.093
  86 E   1.00000 0.00000 ( 1)  0.093
  87 M   1.00000 0.00000 ( 1)  0.093
  88 N   0.99999 0.00001 ( 1)  0.093
  89 K   0.00333 0.99667 ( 2)  0.997
  90 G   1.00000 0.00000 ( 1)  0.093
  91 T   0.99995 0.00005 ( 1)  0.093
  92 N   1.00000 0.00000 ( 1)  0.093
  93 E   1.00000 0.00000 ( 1)  0.093
  94 W   1.00000 0.00000 ( 1)  0.093
  95 K   1.00000 0.00000 ( 1)  0.093
  96 T   1.00000 0.00000 ( 1)  0.093
  97 V   0.00035 0.99965 ( 2)  1.000
  98 L   0.06041 0.93959 ( 2)  0.945
  99 G   1.00000 0.00000 ( 1)  0.093
 100 G   1.00000 0.00000 ( 1)  0.093
 101 V   1.00000 0.00000 ( 1)  0.093
 102 L   0.36369 0.63631 ( 2)  0.670
 103 F   1.00000 0.00000 ( 1)  0.093
 104 F   1.00000 0.00000 ( 1)  0.093
 105 L   1.00000 0.00000 ( 1)  0.093
 106 G   1.00000 0.00000 ( 1)  0.093
 107 L   0.00000 1.00000 ( 2)  1.000
 108 S   1.00000 0.00000 ( 1)  0.093
 109 G   1.00000 0.00000 ( 1)  0.093
 110 V   0.00000 1.00000 ( 2)  1.000
 111 I   0.98393 0.01607 ( 1)  0.107
 112 L   1.00000 0.00000 ( 1)  0.093
 113 I   1.00000 0.00000 ( 1)  0.093
 114 W   1.00000 0.00000 ( 1)  0.093
 115 Q   1.00000 0.00000 ( 1)  0.093
 116 K   1.00000 0.00000 ( 1)  0.093
 117 H   0.98963 0.01037 ( 1)  0.102
 118 F   0.99781 0.00219 ( 1)  0.095
 119 M   1.00000 0.00000 ( 1)  0.093
 120 Y   1.00000 0.00000 ( 1)  0.093
 121 G   1.00000 0.00000 ( 1)  0.093
 122 P   0.99818 0.00182 ( 1)  0.094
 123 I   0.00000 1.00000 ( 2)  1.000
 124 P   1.00000 0.00000 ( 1)  0.093
 125 H   1.00000 0.00000 ( 1)  0.093
 126 T   1.00000 0.00000 ( 1)  0.093
 127 F   1.00000 0.00000 ( 1)  0.093
 128 S   0.99998 0.00002 ( 1)  0.093
 129 E   0.00862 0.99138 ( 2)  0.992
 130 E   1.00000 0.00000 ( 1)  0.093
 131 W   1.00000 0.00000 ( 1)  0.093
 132 V   0.00000 1.00000 ( 2)  1.000
 133 S   0.02116 0.97884 ( 2)  0.981
 134 A   0.00000 1.00000 ( 2)  1.000
 135 Q   1.00000 0.00000 ( 1)  0.093
 136 T   1.00000 0.00000 ( 1)  0.093
 137 K   1.00000 0.00000 ( 1)  0.093
 138 R   1.00000 0.00000 ( 1)  0.093
 139 M   1.00000 0.00000 ( 1)  0.093
 140 L   1.00000 0.00000 ( 1)  0.093
 141 D   1.00000 0.00000 ( 1)  0.093
 142 M   1.00000 0.00000 ( 1)  0.093
 143 R   1.00000 0.00000 ( 1)  0.093
 144 V   0.00000 1.00000 ( 2)  1.000
 145 N   1.00000 0.00000 ( 1)  0.093
 146 P   1.00000 0.00000 ( 1)  0.093
 147 V   1.00000 0.00000 ( 1)  0.093
 148 E   1.00000 0.00000 ( 1)  0.093
 149 G   1.00000 0.00000 ( 1)  0.093
 150 I   1.00000 0.00000 ( 1)  0.093
 151 S   0.99987 0.00013 ( 1)  0.093
 152 A   0.16343 0.83657 ( 2)  0.852
 153 Q   1.00000 0.00000 ( 1)  0.093
 154 W   1.00000 0.00000 ( 1)  0.093
 155 D   1.00000 0.00000 ( 1)  0.093
 156 Y   0.00000 1.00000 ( 2)  1.000
 157 E   0.00030 0.99970 ( 2)  1.000
 158 K   1.00000 0.00000 ( 1)  0.093
 159 N   1.00000 0.00000 ( 1)  0.093
 160 E   1.00000 0.00000 ( 1)  0.093
 161 W   1.00000 0.00000 ( 1)  0.093
 162 K   1.00000 0.00000 ( 1)  0.093
 163 K   1.00000 0.00000 ( 1)  0.093
