# Extracted from OG0009429_00.rst: NEB section

Naive Empirical Bayes (NEB) probabilities for 2 classes & postmean_w
(amino acids refer to 1st sequence: Acchl)

   1 S   0.00000 1.00000 ( 2)  1.000
   2 A   0.00000 1.00000 ( 2)  1.000
   3 P   0.77883 0.22117 ( 1)  0.243
   4 A   0.00000 1.00000 ( 2)  1.000
   5 R   1.00000 0.00000 ( 1)  0.029
   6 H   0.00000 1.00000 ( 2)  1.000
   7 G   0.00000 1.00000 ( 2)  1.000
   8 H   0.00000 1.00000 ( 2)  1.000
   9 S   0.00000 1.00000 ( 2)  1.000
  10 G   0.00000 1.00000 ( 2)  1.000
  11 H   0.00000 1.00000 ( 2)  1.000
  12 G   0.00000 1.00000 ( 2)  1.000
  13 A   0.00000 1.00000 ( 2)  1.000
  14 G   0.00000 1.00000 ( 2)  1.000
  15 H   0.00000 1.00000 ( 2)  1.000
  16 G   1.00000 0.00000 ( 1)  0.029
  17 S   0.00000 1.00000 ( 2)  1.000
  18 S   1.00000 0.00000 ( 1)  0.029
  19 K   0.00090 0.99910 ( 2)  0.999
  20 A   1.00000 0.00000 ( 1)  0.029
  21 A   1.00000 0.00000 ( 1)  0.029
  22 S   1.00000 0.00000 ( 1)  0.029
  23 L   1.00000 0.00000 ( 1)  0.029
  24 H   1.00000 0.00000 ( 1)  0.029
  25 W   1.00000 0.00000 ( 1)  0.029
  26 T   1.00000 0.00000 ( 1)  0.029
  27 S   0.00000 1.00000 ( 2)  1.000
  28 E   1.00000 0.00000 ( 1)  0.029
  29 R   1.00000 0.00000 ( 1)  0.029
  30 A   1.00000 0.00000 ( 1)  0.029
  31 V   1.00000 0.00000 ( 1)  0.029
  32 S   1.00000 0.00000 ( 1)  0.029
  33 V   0.99999 0.00001 ( 1)  0.029
  34 F   0.00000 1.00000 ( 2)  1.000
  35 L   1.00000 0.00000 ( 1)  0.029
  36 L   0.99997 0.00003 ( 1)  0.029
  37 G   1.00000 0.00000 ( 1)  0.029
  38 L   1.00000 0.00000 ( 1)  0.029
  39 L   1.00000 0.00000 ( 1)  0.029
  40 P   1.00000 0.00000 ( 1)  0.029
  41 A   1.00000 0.00000 ( 1)  0.029
  42 A   1.00000 0.00000 ( 1)  0.029
  43 Y   1.00000 0.00000 ( 1)  0.029
  44 L   0.99999 0.00001 ( 1)  0.029
  45 C   0.00000 1.00000 ( 2)  1.000
  46 P   1.00000 0.00000 ( 1)  0.029
  47 G   1.00000 0.00000 ( 1)  0.029
  48 P   1.00000 0.00000 ( 1)  0.029
  49 A   0.25224 0.74776 ( 2)  0.755
  50 V   0.00000 1.00000 ( 2)  1.000
  51 D   1.00000 0.00000 ( 1)  0.029
  52 Y   1.00000 0.00000 ( 1)  0.029
  53 S   1.00000 0.00000 ( 1)  0.029
  54 L   0.99998 0.00002 ( 1)  0.029
  55 A   1.00000 0.00000 ( 1)  0.029
  56 A   1.00000 0.00000 ( 1)  0.029
  57 A   1.00000 0.00000 ( 1)  0.029
  58 L   1.00000 0.00000 ( 1)  0.029
  59 T   1.00000 0.00000 ( 1)  0.029
  60 L   0.99412 0.00588 ( 1)  0.034
  61 H   1.00000 0.00000 ( 1)  0.029
  62 G   1.00000 0.00000 ( 1)  0.029
  63 H   1.00000 0.00000 ( 1)  0.029
  64 W   1.00000 0.00000 ( 1)  0.029
  65 G   1.00000 0.00000 ( 1)  0.029
  66 L   1.00000 0.00000 ( 1)  0.029
  67 G   1.00000 0.00000 ( 1)  0.029
  68 Q   1.00000 0.00000 ( 1)  0.029
  69 V   1.00000 0.00000 ( 1)  0.029
  70 I   1.00000 0.00000 ( 1)  0.029
  71 T   1.00000 0.00000 ( 1)  0.029
  72 D   1.00000 0.00000 ( 1)  0.029
  73 Y   1.00000 0.00000 ( 1)  0.029
  74 V   1.00000 0.00000 ( 1)  0.029
  75 H   1.00000 0.00000 ( 1)  0.029
  76 G   1.00000 0.00000 ( 1)  0.029
  77 D   0.00046 0.99954 ( 2)  1.000
  78 T   0.00000 1.00000 ( 2)  1.000
  79 P   0.00000 1.00000 ( 2)  1.000
  80 I   0.00000 1.00000 ( 2)  1.000
  81 K   1.00000 0.00000 ( 1)  0.029
  82 V   0.00000 1.00000 ( 2)  1.000
  83 A   1.00000 0.00000 ( 1)  0.029
  84 N   1.00000 0.00000 ( 1)  0.029
  85 T   0.00000 1.00000 ( 2)  1.000
  86 G   1.00000 0.00000 ( 1)  0.029
  87 L   0.99997 0.00003 ( 1)  0.029
  88 Y   1.00000 0.00000 ( 1)  0.029
  89 V   0.00000 1.00000 ( 2)  1.000
  90 L   0.99998 0.00002 ( 1)  0.029
  91 S   1.00000 0.00000 ( 1)  0.029
  92 A   0.99993 0.00007 ( 1)  0.029
  93 V   0.00000 1.00000 ( 2)  1.000
  94 T   1.00000 0.00000 ( 1)  0.029
  95 F   1.00000 0.00000 ( 1)  0.029
  96 A   0.00000 1.00000 ( 2)  1.000
  97 G   1.00000 0.00000 ( 1)  0.029
  98 L   1.00000 0.00000 ( 1)  0.029
  99 C   1.00000 0.00000 ( 1)  0.029
 100 Y   0.96886 0.03114 ( 1)  0.059
 101 F   1.00000 0.00000 ( 1)  0.029
 102 N   1.00000 0.00000 ( 1)  0.029
 103 H   0.00490 0.99510 ( 2)  0.995
 104 H   0.00000 1.00000 ( 2)  1.000
 105 D   1.00000 0.00000 ( 1)  0.029
 106 V   1.00000 0.00000 ( 1)  0.029
 107 G   1.00000 0.00000 ( 1)  0.029
 108 I   1.00000 0.00000 ( 1)  0.029
 109 C   1.00000 0.00000 ( 1)  0.029
 110 K   1.00000 0.00000 ( 1)  0.029
 111 A   1.00000 0.00000 ( 1)  0.029
 112 V   1.00000 0.00000 ( 1)  0.029
 113 A   1.00000 0.00000 ( 1)  0.029
 114 M   1.00000 0.00000 ( 1)  0.029
 115 L   1.00000 0.00000 ( 1)  0.029
 116 W   1.00000 0.00000 ( 1)  0.029
 117 S   1.00000 0.00000 ( 1)  0.029
 118 L   0.99555 0.00445 ( 1)  0.033
