# Extracted from OG0012451_00.rst: NEB section

Naive Empirical Bayes (NEB) probabilities for 2 classes & postmean_w
(amino acids refer to 1st sequence: Acchl)

   1 -   0.00000 1.00000 ( 2)  1.000
   2 -   0.00000 1.00000 ( 2)  1.000
   3 -   0.94121 0.05879 ( 1)  0.253
   4 -   0.03949 0.96051 ( 2)  0.969
   5 -   0.99413 0.00587 ( 1)  0.211
   6 -   0.00053 0.99947 ( 2)  1.000
   7 -   0.99519 0.00481 ( 1)  0.210
   8 -   0.99997 0.00003 ( 1)  0.206
   9 -   0.00000 1.00000 ( 2)  1.000
  10 -   0.89587 0.10413 ( 1)  0.289
  11 -   0.00000 1.00000 ( 2)  1.000
  12 -   0.60990 0.39010 ( 1)  0.516
  13 -   1.00000 0.00000 ( 1)  0.206
  14 -   0.99998 0.00002 ( 1)  0.206
  15 -   0.98829 0.01171 ( 1)  0.215
  16 -   0.89733 0.10267 ( 1)  0.288
  17 -   1.00000 0.00000 ( 1)  0.206
  18 -   0.84296 0.15704 ( 1)  0.331
  19 -   0.99999 0.00001 ( 1)  0.206
  20 -   0.22414 0.77586 ( 2)  0.822
  21 -   0.99492 0.00508 ( 1)  0.210
  22 -   0.00367 0.99633 ( 2)  0.997
  23 -   0.99862 0.00138 ( 1)  0.207
  24 -   1.00000 0.00000 ( 1)  0.206
  25 -   1.00000 0.00000 ( 1)  0.206
  26 -   0.99755 0.00245 ( 1)  0.208
  27 -   0.99999 0.00001 ( 1)  0.206
  28 -   1.00000 0.00000 ( 1)  0.206
  29 -   0.00313 0.99687 ( 2)  0.998
  30 -   1.00000 0.00000 ( 1)  0.206
  31 -   0.99999 0.00001 ( 1)  0.206
  32 -   0.98899 0.01101 ( 1)  0.215
  33 -   0.99967 0.00033 ( 1)  0.206
  34 -   0.99853 0.00147 ( 1)  0.207
  35 -   1.00000 0.00000 ( 1)  0.206
  36 -   0.00000 1.00000 ( 2)  1.000
  37 -   0.21520 0.78480 ( 2)  0.829
  38 -   0.34520 0.65480 ( 2)  0.726
  39 -   0.99615 0.00385 ( 1)  0.209
  40 -   1.00000 0.00000 ( 1)  0.206
  41 -   0.00515 0.99485 ( 2)  0.996
  42 -   0.02634 0.97366 ( 2)  0.979
  43 -   0.99815 0.00185 ( 1)  0.208
  44 -   0.00161 0.99839 ( 2)  0.999
  45 -   0.95622 0.04378 ( 1)  0.241
  46 -   0.00001 0.99999 ( 2)  1.000
  47 -   0.00145 0.99855 ( 2)  0.999
  48 L   0.00003 0.99997 ( 2)  1.000
  49 I   1.00000 0.00000 ( 1)  0.206
  50 Q   0.00951 0.99049 ( 2)  0.992
  51 Q   0.87354 0.12646 ( 1)  0.306
  52 Q   0.99993 0.00007 ( 1)  0.206
  53 I   0.93440 0.06560 ( 1)  0.258
  54 N   0.12572 0.87428 ( 2)  0.900
  55 E   1.00000 0.00000 ( 1)  0.206
  56 D   0.46547 0.53453 ( 2)  0.630
  57 K   0.07787 0.92213 ( 2)  0.938
  58 Q   0.03421 0.96579 ( 2)  0.973
  59 N   1.00000 0.00000 ( 1)  0.206
  60 L   0.00000 1.00000 ( 2)  1.000
  61 R   0.97677 0.02323 ( 1)  0.225
  62 E   0.03775 0.96225 ( 2)  0.970
  63 K   0.99986 0.00014 ( 1)  0.206
  64 S   0.99980 0.00020 ( 1)  0.206
  65 V   0.99993 0.00007 ( 1)  0.206
  66 Y   0.94322 0.05678 ( 1)  0.251
  67 G   1.00000 0.00000 ( 1)  0.206
  68 I   0.00000 1.00000 ( 2)  1.000
  69 Q   0.99999 0.00001 ( 1)  0.206
  70 L   1.00000 0.00000 ( 1)  0.206
  71 T   1.00000 0.00000 ( 1)  0.206
  72 E   0.99941 0.00059 ( 1)  0.207
  73 E   1.00000 0.00000 ( 1)  0.206
  74 K   0.99969 0.00031 ( 1)  0.206
  75 L   1.00000 0.00000 ( 1)  0.206
  76 D   0.99263 0.00737 ( 1)  0.212
  77 D   1.00000 0.00000 ( 1)  0.206
  78 F   0.99800 0.00200 ( 1)  0.208
  79 R   0.99998 0.00002 ( 1)  0.206
  80 D   1.00000 0.00000 ( 1)  0.206
  81 E   0.99996 0.00004 ( 1)  0.206
  82 Q   1.00000 0.00000 ( 1)  0.206
  83 I   0.91801 0.08199 ( 1)  0.271
  84 G   1.00000 0.00000 ( 1)  0.206
  85 Q   1.00000 0.00000 ( 1)  0.206
  86 L   0.94917 0.05083 ( 1)  0.246
  87 K   1.00000 0.00000 ( 1)  0.206
  88 E   0.99999 0.00001 ( 1)  0.206
  89 L   0.99620 0.00380 ( 1)  0.209
  90 M   1.00000 0.00000 ( 1)  0.206
  91 D   0.99991 0.00009 ( 1)  0.206
  92 E   1.00000 0.00000 ( 1)  0.206
  93 A   0.65345 0.34655 ( 1)  0.481
  94 T   1.00000 0.00000 ( 1)  0.206
  95 K   1.00000 0.00000 ( 1)  0.206
  96 P   0.99998 0.00002 ( 1)  0.206
  97 N   0.00000 1.00000 ( 2)  1.000
  98 K   0.00001 0.99999 ( 2)  1.000
  99 E   0.00000 1.00000 ( 2)  1.000
 100 I   0.00000 1.00000 ( 2)  1.000
 101 T   0.00273 0.99727 ( 2)  0.998
 102 I   0.00000 1.00000 ( 2)  1.000
 103 S   0.99993 0.00007 ( 1)  0.206
 104 K   0.99913 0.00087 ( 1)  0.207
 105 S   0.00007 0.99993 ( 2)  1.000
 106 E   0.00000 1.00000 ( 2)  1.000
 107 Q   0.00020 0.99980 ( 2)  1.000
 108 K   0.99996 0.00004 ( 1)  0.206
 109 K   0.00415 0.99585 ( 2)  0.997
