# Extracted from OG0003716_00.rst: BEB section

Bayes Empirical Bayes (BEB) probabilities for 3 classes (class) & postmean_w
(amino acids refer to 1st sequence: Acchl)

   1 -   0.00000 0.00000 1.00000 ( 3)  4.179 +-  0.583
   2 S   0.99985 0.00015 0.00000 ( 1)  0.150 +-  0.010
   3 F   1.00000 0.00000 0.00000 ( 1)  0.150 +-  0.000
   4 K   1.00000 0.00000 0.00000 ( 1)  0.150 +-  0.000
   5 L   0.99954 0.00046 0.00000 ( 1)  0.150 +-  0.018
   6 L   0.99995 0.00005 0.00000 ( 1)  0.150 +-  0.006
   7 G   1.00000 0.00000 0.00000 ( 1)  0.150 +-  0.000
   8 F   1.00000 0.00000 0.00000 ( 1)  0.150 +-  0.000
   9 L   0.99668 0.00332 0.00000 ( 1)  0.153 +-  0.049
  10 D   1.00000 0.00000 0.00000 ( 1)  0.150 +-  0.000
  11 V   0.99987 0.00013 0.00000 ( 1)  0.150 +-  0.010
  12 S   0.00000 0.99465 0.00535 ( 2)  1.008 +-  0.117
  13 N   0.00000 1.00000 0.00000 ( 2)  1.000 +-  0.001
  14 V   0.36333 0.63667 0.00000 ( 2)  0.691 +-  0.409
  15 P   1.00000 0.00000 0.00000 ( 1)  0.150 +-  0.000
  16 C   1.00000 0.00000 0.00000 ( 1)  0.150 +-  0.000
  17 A   0.94503 0.05497 0.00000 ( 1)  0.197 +-  0.194
  18 R   1.00000 0.00000 0.00000 ( 1)  0.150 +-  0.000
  19 E   0.99997 0.00003 0.00000 ( 1)  0.150 +-  0.004
  20 S   1.00000 0.00000 0.00000 ( 1)  0.150 +-  0.000
  21 L   0.99967 0.00033 0.00000 ( 1)  0.150 +-  0.015
  22 L   0.99994 0.00006 0.00000 ( 1)  0.150 +-  0.007
  23 Y   1.00000 0.00000 0.00000 ( 1)  0.150 +-  0.000
  24 G   0.99999 0.00001 0.00000 ( 1)  0.150 +-  0.002
  25 S   0.99985 0.00015 0.00000 ( 1)  0.150 +-  0.010
  26 L   0.00000 1.00000 0.00000 ( 2)  1.000 +-  0.001
  27 G   1.00000 0.00000 0.00000 ( 1)  0.150 +-  0.000
  28 S   1.00000 0.00000 0.00000 ( 1)  0.150 +-  0.001
  29 F   0.00003 0.99997 0.00000 ( 2)  1.000 +-  0.004
  30 V   0.99997 0.00003 0.00000 ( 1)  0.150 +-  0.004
  31 V   0.00000 1.00000 0.00000 ( 2)  1.000 +-  0.001
  32 G   1.00000 0.00000 0.00000 ( 1)  0.150 +-  0.000
  33 L   1.00000 0.00000 0.00000 ( 1)  0.150 +-  0.001
  34 G   1.00000 0.00000 0.00000 ( 1)  0.150 +-  0.000
  35 H   0.81099 0.18901 0.00000 ( 1)  0.311 +-  0.333
  36 F   1.00000 0.00000 0.00000 ( 1)  0.150 +-  0.000
  37 L   0.00000 1.00000 0.00000 ( 2)  1.000 +-  0.002
  38 A   1.00000 0.00000 0.00000 ( 1)  0.150 +-  0.000
  39 T   1.00000 0.00000 0.00000 ( 1)  0.150 +-  0.000
  40 S   1.00000 0.00000 0.00000 ( 1)  0.150 +-  0.000
  41 R   1.00000 0.00000 0.00000 ( 1)  0.150 +-  0.000
  42 V   1.00000 0.00000 0.00000 ( 1)  0.150 +-  0.000
  43 R   0.04737 0.95263 0.00000 ( 2)  0.960 +-  0.181
  44 R   1.00000 0.00000 0.00000 ( 1)  0.150 +-  0.000
  45 S   1.00000 0.00000 0.00000 ( 1)  0.150 +-  0.000
  46 C   0.99998 0.00002 0.00000 ( 1)  0.150 +-  0.003
  47 D   1.00000 0.00000 0.00000 ( 1)  0.150 +-  0.000
  48 F   0.02265 0.97735 0.00000 ( 2)  0.981 +-  0.126
  49 A   1.00000 0.00000 0.00000 ( 1)  0.150 +-  0.000
  50 V   1.00000 0.00000 0.00000 ( 1)  0.150 +-  0.001
  51 G   1.00000 0.00000 0.00000 ( 1)  0.150 +-  0.000
  52 G   0.99972 0.00028 0.00000 ( 1)  0.150 +-  0.014
  53 F   0.99999 0.00001 0.00000 ( 1)  0.150 +-  0.002
  54 I   1.00000 0.00000 0.00000 ( 1)  0.150 +-  0.000
  55 C   0.99682 0.00318 0.00000 ( 1)  0.153 +-  0.048
  56 T   1.00000 0.00000 0.00000 ( 1)  0.150 +-  0.000
  57 M   0.99930 0.00070 0.00000 ( 1)  0.151 +-  0.023
  58 L   0.99993 0.00007 0.00000 ( 1)  0.150 +-  0.007
  59 G   1.00000 0.00000 0.00000 ( 1)  0.150 +-  0.000
  60 C   0.99997 0.00003 0.00000 ( 1)  0.150 +-  0.005
  61 W   1.00000 0.00000 0.00000 ( 1)  0.150 +-  0.000
  62 F   0.65851 0.34149 0.00000 ( 1)  0.440 +-  0.403
  63 Y   1.00000 0.00000 0.00000 ( 1)  0.150 +-  0.001
  64 C   1.00000 0.00000 0.00000 ( 1)  0.150 +-  0.000
  65 R   1.00000 0.00000 0.00000 ( 1)  0.150 +-  0.000
  66 Y   0.99502 0.00498 0.00000 ( 1)  0.154 +-  0.060
  67 N   0.99934 0.00066 0.00000 ( 1)  0.151 +-  0.022
  68 R   0.99791 0.00209 0.00000 ( 1)  0.152 +-  0.039
  69 A   1.00000 0.00000 0.00000 ( 1)  0.150 +-  0.000
  70 Q   0.43356 0.56644 0.00000 ( 2)  0.631 +-  0.421
  71 Q   0.00000 1.00000 0.00000 ( 2)  1.000 +-  0.000
  72 R   0.99993 0.00007 0.00000 ( 1)  0.150 +-  0.007
  73 I   1.00000 0.00000 0.00000 ( 1)  0.150 +-  0.000
  74 R   0.86662 0.13338 0.00000 ( 1)  0.263 +-  0.289
  75 Q   0.99976 0.00024 0.00000 ( 1)  0.150 +-  0.013
  76 R   1.00000 0.00000 0.00000 ( 1)  0.150 +-  0.000
  77 M   0.99996 0.00004 0.00000 ( 1)  0.150 +-  0.006
  78 L   0.00001 0.99999 0.00000 ( 2)  1.000 +-  0.003
  79 K   0.00000 1.00000 0.00000 ( 2)  1.000 +-  0.000
  80 E   0.99999 0.00001 0.00000 ( 1)  0.150 +-  0.002
  81 G   1.00000 0.00000 0.00000 ( 1)  0.150 +-  0.001
  82 M   0.99812 0.00188 0.00000 ( 1)  0.152 +-  0.037
  83 R   0.00000 1.00000 0.00000 ( 2)  1.000 +-  0.000
  84 N   1.00000 0.00000 0.00000 ( 1)  0.150 +-  0.000
  85 R   0.00002 0.99998 0.00000 ( 2)  1.000 +-  0.004
  86 I   0.00000 1.00000 0.00000 ( 2)  1.000 +-  0.000
  87 L   0.99958 0.00042 0.00000 ( 1)  0.150 +-  0.018
  88 F   0.14523 0.85477 0.00000 ( 2)  0.877 +-  0.299
  89 E   1.00000 0.00000 0.00000 ( 1)  0.150 +-  0.000
  90 G   0.99999 0.00001 0.00000 ( 1)  0.150 +-  0.003
  91 S   0.59686 0.40314 0.00000 ( 1)  0.493 +-  0.417
  92 S   0.95761 0.04239 0.00000 ( 1)  0.186 +-  0.171
  93 L   0.99939 0.00061 0.00000 ( 1)  0.151 +-  0.021
  94 D   1.00000 0.00000 0.00000 ( 1)  0.150 +-  0.000
  95 P   1.00000 0.00000 0.00000 ( 1)  0.150 +-  0.000
  96 E   0.00854 0.99146 0.00000 ( 2)  0.993 +-  0.078
  97 I   0.00001 0.99999 0.00000 ( 2)  1.000 +-  0.003
  98 K   0.00000 1.00000 0.00000 ( 2)  1.000 +-  0.002
  99 Q   0.00000 1.00000 0.00000 ( 2)  1.000 +-  0.001
 100 T   0.00000 1.00000 0.00000 ( 2)  1.000 +-  0.000
 101 D   0.00000 1.00000 0.00000 ( 2)  1.000 +-  0.002
 102 S   0.00001 0.99999 0.00000 ( 2)  1.000 +-  0.002
 103 E   1.00000 0.00000 0.00000 ( 1)  0.150 +-  0.000
 104 R   0.89467 0.10533 0.00000 ( 1)  0.240 +-  0.261
 105 S   0.99991 0.00009 0.00000 ( 1)  0.150 +-  0.008
 106 N   0.00000 1.00000 0.00000 ( 2)  1.000 +-  0.000
 107 S   0.99873 0.00127 0.00000 ( 1)  0.151 +-  0.030

Positively selected sites

	Prob(w>1)  mean w

     1 -      1.000**       4.179 +- 0.583
