# Extracted from OG0001791_00.rst: BEB section

Bayes Empirical Bayes (BEB) probabilities for 3 classes (class) & postmean_w
(amino acids refer to 1st sequence: Acchl)

   1 S   0.86519 0.13480 0.00001 ( 1)  0.178 +-  0.324
   2 C   1.00000 0.00000 0.00000 ( 1)  0.050 +-  0.002
   3 Q   0.00347 0.99384 0.00269 ( 2)  0.998 +-  0.062
   4 T   0.00000 0.99490 0.00510 ( 2)  1.003 +-  0.036
   5 A   0.00077 0.99857 0.00066 ( 2)  1.000 +-  0.029
   6 I   0.08451 0.91533 0.00016 ( 2)  0.920 +-  0.264
   7 P   0.00184 0.99803 0.00013 ( 2)  0.998 +-  0.041
   8 Q   0.00095 0.99731 0.00174 ( 2)  1.000 +-  0.036
   9 W   0.36653 0.63232 0.00115 ( 2)  0.652 +-  0.459
  10 V   0.00000 0.99477 0.00523 ( 2)  1.003 +-  0.036
  11 A   0.00904 0.99037 0.00059 ( 2)  0.992 +-  0.091
  12 V   0.00150 0.99804 0.00046 ( 2)  0.999 +-  0.038
  13 C   0.99994 0.00006 0.00000 ( 1)  0.050 +-  0.007
  14 S   0.00000 0.99994 0.00006 ( 2)  1.000 +-  0.004
  15 G   0.99747 0.00253 0.00000 ( 1)  0.052 +-  0.048
  16 L   0.85960 0.14032 0.00008 ( 1)  0.183 +-  0.330
  17 L   0.99955 0.00045 0.00000 ( 1)  0.050 +-  0.020
  18 Q   0.00009 0.99486 0.00506 ( 2)  1.003 +-  0.041
  19 A   0.00000 0.99858 0.00142 ( 2)  1.001 +-  0.019
  20 A   0.00000 0.99815 0.00185 ( 2)  1.001 +-  0.022
  21 T   0.00000 0.00144 0.99856 ( 3)  2.588 +-  0.663
  22 G   0.00000 0.99241 0.00759 ( 2)  1.004 +-  0.044
  23 P   0.00000 0.99869 0.00131 ( 2)  1.001 +-  0.018
  24 G   0.99562 0.00438 0.00000 ( 1)  0.054 +-  0.063
  25 Q   0.00000 0.98653 0.01347 ( 2)  1.008 +-  0.075
  26 C   0.00000 0.99741 0.00259 ( 2)  1.001 +-  0.026
  27 R   0.38959 0.61038 0.00004 ( 2)  0.630 +-  0.463
  28 W   0.00000 0.99910 0.00090 ( 2)  1.000 +-  0.015
  29 M   1.00000 0.00000 0.00000 ( 1)  0.050 +-  0.001
  30 L   0.08157 0.91794 0.00049 ( 2)  0.923 +-  0.260
  31 C   0.00000 0.93543 0.06457 ( 2)  1.043 +-  0.190
  32 S   0.00000 0.99960 0.00040 ( 2)  1.000 +-  0.010
  33 I   0.00000 0.99492 0.00508 ( 2)  1.003 +-  0.036
  34 F   0.92081 0.07918 0.00001 ( 1)  0.125 +-  0.257
  35 Q   0.99834 0.00166 0.00000 ( 1)  0.052 +-  0.039
  36 R   1.00000 0.00000 0.00000 ( 1)  0.050 +-  0.001
  37 H   0.00000 0.93998 0.06002 ( 2)  1.035 +-  0.151
  38 R   0.00000 0.99912 0.00087 ( 2)  1.000 +-  0.015
  39 A   0.00000 0.99937 0.00063 ( 2)  1.000 +-  0.013
  40 G   0.43243 0.56756 0.00001 ( 2)  0.589 +-  0.471
  41 P   0.00000 0.99395 0.00605 ( 2)  1.003 +-  0.040
  42 F   0.02830 0.97139 0.00031 ( 2)  0.973 +-  0.158
  43 E   0.00000 0.68794 0.31206 ( 2)  1.372 +-  0.612
  44 L   0.00000 0.96881 0.03119 ( 2)  1.025 +-  0.164
  45 S   0.00036 0.99934 0.00030 ( 2)  1.000 +-  0.020
  46 K   0.00000 0.99876 0.00124 ( 2)  1.001 +-  0.018
  47 S   0.00000 0.99824 0.00176 ( 2)  1.001 +-  0.021
  48 Y   0.00000 0.99048 0.00952 ( 2)  1.005 +-  0.052
  49 G   0.00000 0.99770 0.00230 ( 2)  1.001 +-  0.024
  50 G   0.99792 0.00208 0.00000 ( 1)  0.052 +-  0.043
  51 L   0.03143 0.96612 0.00245 ( 2)  0.971 +-  0.168
  52 T   0.00000 0.99937 0.00063 ( 2)  1.000 +-  0.013
  53 Q   0.00000 0.99275 0.00725 ( 2)  1.004 +-  0.046
  54 A   0.00490 0.99431 0.00079 ( 2)  0.996 +-  0.068
  55 H   0.00000 0.97622 0.02378 ( 2)  1.012 +-  0.083
  56 G   0.99999 0.00001 0.00000 ( 1)  0.050 +-  0.003
  57 A   0.00000 0.99781 0.00219 ( 2)  1.001 +-  0.024
  58 I   0.00000 0.95704 0.04296 ( 2)  1.024 +-  0.121
  59 T   0.00000 0.99326 0.00674 ( 2)  1.003 +-  0.042
  60 Q   0.00505 0.99282 0.00213 ( 2)  0.996 +-  0.072
  61 Q   0.00000 0.99633 0.00367 ( 2)  1.002 +-  0.032
  62 N   0.00000 0.99860 0.00140 ( 2)  1.001 +-  0.019
  63 R   0.96996 0.03004 0.00000 ( 1)  0.079 +-  0.162
  64 S   0.00000 0.99938 0.00062 ( 2)  1.000 +-  0.012
  65 F   0.99767 0.00233 0.00000 ( 1)  0.052 +-  0.046
  66 H   0.00001 0.99924 0.00075 ( 2)  1.000 +-  0.014
  67 N   0.00000 0.99664 0.00336 ( 2)  1.002 +-  0.029
  68 T   0.00000 0.99896 0.00104 ( 2)  1.001 +-  0.016
  69 S   0.00000 0.99534 0.00466 ( 2)  1.002 +-  0.034
  70 K   0.99971 0.00029 0.00000 ( 1)  0.050 +-  0.016
  71 H   0.00411 0.99581 0.00009 ( 2)  0.996 +-  0.061
  72 -   0.99969 0.00031 0.00000 ( 1)  0.050 +-  0.017
  73 S   0.99994 0.00006 0.00000 ( 1)  0.050 +-  0.007
  74 A   0.00084 0.99848 0.00068 ( 2)  1.000 +-  0.030
  75 K   0.99999 0.00001 0.00000 ( 1)  0.050 +-  0.003
  76 D   1.00000 0.00000 0.00000 ( 1)  0.050 +-  0.000
  77 S   0.99728 0.00272 0.00000 ( 1)  0.053 +-  0.049
  78 L   0.00000 0.77070 0.22930 ( 2)  1.281 +-  0.565
  79 Q   0.05456 0.94357 0.00187 ( 2)  0.949 +-  0.217
  80 P   0.00000 0.99845 0.00155 ( 2)  1.001 +-  0.020
  81 S   0.00001 0.99935 0.00065 ( 2)  1.000 +-  0.013
  82 E   0.99999 0.00001 0.00000 ( 1)  0.050 +-  0.003
  83 E   1.00000 0.00000 0.00000 ( 1)  0.050 +-  0.001
  84 K   1.00000 0.00000 0.00000 ( 1)  0.050 +-  0.000
  85 V   1.00000 0.00000 0.00000 ( 1)  0.050 +-  0.001
  86 G   0.99718 0.00282 0.00000 ( 1)  0.053 +-  0.050
  87 A   0.00000 0.99700 0.00300 ( 2)  1.002 +-  0.028
  88 F   0.95650 0.04349 0.00001 ( 1)  0.091 +-  0.194
  89 T   1.00000 0.00000 0.00000 ( 1)  0.050 +-  0.000
  90 R   1.00000 0.00000 0.00000 ( 1)  0.050 +-  0.000
  91 I   0.53583 0.46417 0.00000 ( 1)  0.491 +-  0.474
  92 I   0.99987 0.00013 0.00000 ( 1)  0.050 +-  0.011
  93 E   1.00000 0.00000 0.00000 ( 1)  0.050 +-  0.000
  94 A   0.99999 0.00001 0.00000 ( 1)  0.050 +-  0.003
  95 M   0.00000 0.99797 0.00203 ( 2)  1.001 +-  0.023
  96 G   1.00000 0.00000 0.00000 ( 1)  0.050 +-  0.000
  97 F   1.00000 0.00000 0.00000 ( 1)  0.050 +-  0.001
  98 T   1.00000 0.00000 0.00000 ( 1)  0.050 +-  0.001
  99 G   1.00000 0.00000 0.00000 ( 1)  0.050 +-  0.000
 100 P   1.00000 0.00000 0.00000 ( 1)  0.050 +-  0.000
 101 L   0.99965 0.00035 0.00000 ( 1)  0.050 +-  0.018
 102 K   1.00000 0.00000 0.00000 ( 1)  0.050 +-  0.000
 103 Y   1.00000 0.00000 0.00000 ( 1)  0.050 +-  0.000
 104 S   0.99758 0.00242 0.00000 ( 1)  0.052 +-  0.047
 105 R   0.99992 0.00008 0.00000 ( 1)  0.050 +-  0.008
 106 W   0.99985 0.00015 0.00000 ( 1)  0.050 +-  0.012
 107 K   1.00000 0.00000 0.00000 ( 1)  0.050 +-  0.000
 108 I   0.30386 0.69610 0.00004 ( 2)  0.711 +-  0.437
 109 K   1.00000 0.00000 0.00000 ( 1)  0.050 +-  0.001
 110 V   1.00000 0.00000 0.00000 ( 1)  0.050 +-  0.000
 111 A   1.00000 0.00000 0.00000 ( 1)  0.050 +-  0.000
 112 A   1.00000 0.00000 0.00000 ( 1)  0.050 +-  0.000
 113 L   0.99954 0.00046 0.00000 ( 1)  0.050 +-  0.020
 114 R   1.00000 0.00000 0.00000 ( 1)  0.050 +-  0.000
 115 M   1.00000 0.00000 0.00000 ( 1)  0.050 +-  0.000
 116 Y   1.00000 0.00000 0.00000 ( 1)  0.050 +-  0.001
 117 T   1.00000 0.00000 0.00000 ( 1)  0.050 +-  0.001
 118 C   1.00000 0.00000 0.00000 ( 1)  0.050 +-  0.000
 119 C   1.00000 0.00000 0.00000 ( 1)  0.050 +-  0.001
 120 V   1.00000 0.00000 0.00000 ( 1)  0.050 +-  0.001
 121 E   1.00000 0.00000 0.00000 ( 1)  0.050 +-  0.001
 122 K   1.00000 0.00000 0.00000 ( 1)  0.050 +-  0.000
 123 T   1.00000 0.00000 0.00000 ( 1)  0.050 +-  0.000
 124 D   1.00000 0.00000 0.00000 ( 1)  0.050 +-  0.000
 125 Y   0.97715 0.02285 0.00000 ( 1)  0.072 +-  0.142
 126 E   1.00000 0.00000 0.00000 ( 1)  0.050 +-  0.001
 127 E   1.00000 0.00000 0.00000 ( 1)  0.050 +-  0.000
 128 F   1.00000 0.00000 0.00000 ( 1)  0.050 +-  0.001
 129 F   1.00000 0.00000 0.00000 ( 1)  0.050 +-  0.000
 130 N   0.00025 0.99962 0.00013 ( 2)  1.000 +-  0.016
 131 R   0.95808 0.04192 0.00000 ( 1)  0.090 +-  0.190
 132 C   1.00000 0.00000 0.00000 ( 1)  0.050 +-  0.000
 133 Q   0.30975 0.69006 0.00018 ( 2)  0.706 +-  0.439
 134 M   0.99997 0.00003 0.00000 ( 1)  0.050 +-  0.005
 135 P   1.00000 0.00000 0.00000 ( 1)  0.050 +-  0.000
 136 D   1.00000 0.00000 0.00000 ( 1)  0.050 +-  0.000
 137 T   1.00000 0.00000 0.00000 ( 1)  0.050 +-  0.000
 138 L   0.99984 0.00016 0.00000 ( 1)  0.050 +-  0.012
 139 N   1.00000 0.00000 0.00000 ( 1)  0.050 +-  0.001
 140 S   1.00000 0.00000 0.00000 ( 1)  0.050 +-  0.000
 141 W   0.99986 0.00014 0.00000 ( 1)  0.050 +-  0.011
 142 F   1.00000 0.00000 0.00000 ( 1)  0.050 +-  0.000
 143 L   0.99998 0.00002 0.00000 ( 1)  0.050 +-  0.004
 144 V   1.00000 0.00000 0.00000 ( 1)  0.050 +-  0.000
 145 A   1.00000 0.00000 0.00000 ( 1)  0.050 +-  0.001
 146 Q   0.99993 0.00007 0.00000 ( 1)  0.050 +-  0.008
 147 L   1.00000 0.00000 0.00000 ( 1)  0.050 +-  0.001
 148 H   1.00000 0.00000 0.00000 ( 1)  0.050 +-  0.000
 149 V   1.00000 0.00000 0.00000 ( 1)  0.050 +-  0.000
 150 W   0.99986 0.00014 0.00000 ( 1)  0.050 +-  0.011
 151 M   1.00000 0.00000 0.00000 ( 1)  0.050 +-  0.000
 152 C   1.00000 0.00000 0.00000 ( 1)  0.050 +-  0.001
 153 L   0.99828 0.00172 0.00000 ( 1)  0.052 +-  0.039
 154 V   1.00000 0.00000 0.00000 ( 1)  0.050 +-  0.001
 155 R   1.00000 0.00000 0.00000 ( 1)  0.050 +-  0.000
 156 M   0.99724 0.00276 0.00000 ( 1)  0.053 +-  0.050
 157 K   1.00000 0.00000 0.00000 ( 1)  0.050 +-  0.001
 158 Q   0.99993 0.00007 0.00000 ( 1)  0.050 +-  0.008
 159 E   1.00000 0.00000 0.00000 ( 1)  0.050 +-  0.001
 160 G   1.00000 0.00000 0.00000 ( 1)  0.050 +-  0.000
 161 R   1.00000 0.00000 0.00000 ( 1)  0.050 +-  0.000
 162 T   0.00115 0.99867 0.00019 ( 2)  0.999 +-  0.033
 163 G   1.00000 0.00000 0.00000 ( 1)  0.050 +-  0.000
 164 K   1.00000 0.00000 0.00000 ( 1)  0.050 +-  0.001
 165 Y   1.00000 0.00000 0.00000 ( 1)  0.050 +-  0.001
 166 M   1.00000 0.00000 0.00000 ( 1)  0.050 +-  0.000
 167 C   1.00000 0.00000 0.00000 ( 1)  0.050 +-  0.001
 168 R   1.00000 0.00000 0.00000 ( 1)  0.050 +-  0.001
 169 Y   1.00000 0.00000 0.00000 ( 1)  0.050 +-  0.000
 170 I   1.00000 0.00000 0.00000 ( 1)  0.050 +-  0.000
 171 V   1.00000 0.00000 0.00000 ( 1)  0.050 +-  0.000
 172 H   1.00000 0.00000 0.00000 ( 1)  0.050 +-  0.000
 173 C   1.00000 0.00000 0.00000 ( 1)  0.050 +-  0.000
 174 M   1.00000 0.00000 0.00000 ( 1)  0.050 +-  0.001
 175 W   0.99986 0.00014 0.00000 ( 1)  0.050 +-  0.011
 176 E   1.00000 0.00000 0.00000 ( 1)  0.050 +-  0.001
 177 D   1.00000 0.00000 0.00000 ( 1)  0.050 +-  0.000
 178 V   0.99994 0.00006 0.00000 ( 1)  0.050 +-  0.008
 179 E   1.00000 0.00000 0.00000 ( 1)  0.050 +-  0.001
 180 Q   0.99993 0.00007 0.00000 ( 1)  0.050 +-  0.008
 181 R   1.00000 0.00000 0.00000 ( 1)  0.050 +-  0.000
 182 G   1.00000 0.00000 0.00000 ( 1)  0.050 +-  0.000
 183 K   1.00000 0.00000 0.00000 ( 1)  0.050 +-  0.000
 184 V   0.99997 0.00003 0.00000 ( 1)  0.050 +-  0.005
 185 M   0.99997 0.00003 0.00000 ( 1)  0.050 +-  0.005
 186 G   1.00000 0.00000 0.00000 ( 1)  0.050 +-  0.000
 187 I   1.00000 0.00000 0.00000 ( 1)  0.050 +-  0.001
 188 N   0.99985 0.00015 0.00000 ( 1)  0.050 +-  0.011
 189 S   1.00000 0.00000 0.00000 ( 1)  0.050 +-  0.000
 190 V   0.00000 0.99914 0.00086 ( 2)  1.000 +-  0.015
 191 V   0.11467 0.88519 0.00013 ( 2)  0.891 +-  0.303
 192 L   0.99998 0.00002 0.00000 ( 1)  0.050 +-  0.004
 193 K   0.99999 0.00001 0.00000 ( 1)  0.050 +-  0.003
 194 E   0.44522 0.55475 0.00003 ( 2)  0.577 +-  0.472
 195 D   0.99599 0.00401 0.00000 ( 1)  0.054 +-  0.060
 196 L   0.00000 0.97356 0.02644 ( 2)  1.018 +-  0.130
 197 K   0.99890 0.00110 0.00000 ( 1)  0.051 +-  0.031
 198 T   0.00001 0.99997 0.00002 ( 2)  1.000 +-  0.004
 199 M   1.00000 0.00000 0.00000 ( 1)  0.050 +-  0.000
 200 V   0.99953 0.00047 0.00000 ( 1)  0.050 +-  0.021
 201 E   1.00000 0.00000 0.00000 ( 1)  0.050 +-  0.000
 202 N   0.99999 0.00001 0.00000 ( 1)  0.050 +-  0.003
 203 F   1.00000 0.00000 0.00000 ( 1)  0.050 +-  0.001
 204 Y   1.00000 0.00000 0.00000 ( 1)  0.050 +-  0.000
 205 A   1.00000 0.00000 0.00000 ( 1)  0.050 +-  0.001
 206 A   1.00000 0.00000 0.00000 ( 1)  0.050 +-  0.001
 207 L   0.99987 0.00013 0.00000 ( 1)  0.050 +-  0.011
 208 F   1.00000 0.00000 0.00000 ( 1)  0.050 +-  0.000
 209 G   1.00000 0.00000 0.00000 ( 1)  0.050 +-  0.000
 210 Y   1.00000 0.00000 0.00000 ( 1)  0.050 +-  0.000
 211 D   1.00000 0.00000 0.00000 ( 1)  0.050 +-  0.000
 212 E   1.00000 0.00000 0.00000 ( 1)  0.050 +-  0.001
 213 G   1.00000 0.00000 0.00000 ( 1)  0.050 +-  0.001
 214 I   1.00000 0.00000 0.00000 ( 1)  0.050 +-  0.000
 215 L   0.99962 0.00038 0.00000 ( 1)  0.050 +-  0.019
 216 S   0.99995 0.00005 0.00000 ( 1)  0.050 +-  0.007
 217 D   1.00000 0.00000 0.00000 ( 1)  0.050 +-  0.000
 218 D   1.00000 0.00000 0.00000 ( 1)  0.050 +-  0.000
 219 H   0.07355 0.92643 0.00002 ( 2)  0.930 +-  0.248
 220 V   1.00000 0.00000 0.00000 ( 1)  0.050 +-  0.002
 221 L   0.99838 0.00162 0.00000 ( 1)  0.052 +-  0.038
 222 A   1.00000 0.00000 0.00000 ( 1)  0.050 +-  0.001
 223 A   0.99999 0.00001 0.00000 ( 1)  0.050 +-  0.003
 224 A   1.00000 0.00000 0.00000 ( 1)  0.050 +-  0.000
 225 L   0.99999 0.00001 0.00000 ( 1)  0.050 +-  0.003
 226 W   0.99986 0.00014 0.00000 ( 1)  0.050 +-  0.011
 227 R   1.00000 0.00000 0.00000 ( 1)  0.050 +-  0.000
 228 N   1.00000 0.00000 0.00000 ( 1)  0.050 +-  0.000
 229 L   1.00000 0.00000 0.00000 ( 1)  0.050 +-  0.001
 230 F   0.99990 0.00010 0.00000 ( 1)  0.050 +-  0.010
 231 N   1.00000 0.00000 0.00000 ( 1)  0.050 +-  0.000
 232 K   0.00363 0.99634 0.00003 ( 2)  0.997 +-  0.057
 233 N   0.99904 0.00096 0.00000 ( 1)  0.051 +-  0.029
 234 C   1.00000 0.00000 0.00000 ( 1)  0.050 +-  0.001
 235 D   0.32633 0.67351 0.00017 ( 2)  0.690 +-  0.446
 236 D   1.00000 0.00000 0.00000 ( 1)  0.050 +-  0.000
 237 P   1.00000 0.00000 0.00000 ( 1)  0.050 +-  0.000
 238 R   1.00000 0.00000 0.00000 ( 1)  0.050 +-  0.000
 239 H   0.99999 0.00001 0.00000 ( 1)  0.050 +-  0.003
 240 L   0.99865 0.00135 0.00000 ( 1)  0.051 +-  0.035
 241 E   1.00000 0.00000 0.00000 ( 1)  0.050 +-  0.001
 242 L   0.99998 0.00002 0.00000 ( 1)  0.050 +-  0.004
 243 L   0.99915 0.00085 0.00000 ( 1)  0.051 +-  0.028
 244 V   1.00000 0.00000 0.00000 ( 1)  0.050 +-  0.000
 245 E   1.00000 0.00000 0.00000 ( 1)  0.050 +-  0.000
 246 Y   1.00000 0.00000 0.00000 ( 1)  0.050 +-  0.000
 247 V   1.00000 0.00000 0.00000 ( 1)  0.050 +-  0.001
 248 R   1.00000 0.00000 0.00000 ( 1)  0.050 +-  0.000
 249 K   1.00000 0.00000 0.00000 ( 1)  0.050 +-  0.000
 250 Q   0.99993 0.00007 0.00000 ( 1)  0.050 +-  0.008
 251 V   0.99947 0.00053 0.00000 ( 1)  0.051 +-  0.022
 252 Q   0.99730 0.00270 0.00000 ( 1)  0.053 +-  0.049
 253 H   1.00000 0.00000 0.00000 ( 1)  0.050 +-  0.000
 254 L   0.99822 0.00178 0.00000 ( 1)  0.052 +-  0.040
 255 D   1.00000 0.00000 0.00000 ( 1)  0.050 +-  0.000
 256 A   0.98175 0.01825 0.00000 ( 1)  0.067 +-  0.127
 257 L   0.97841 0.02155 0.00004 ( 1)  0.071 +-  0.138
 258 S   1.00000 0.00000 0.00000 ( 1)  0.050 +-  0.000
 259 G   1.00000 0.00000 0.00000 ( 1)  0.050 +-  0.000
 260 E   0.99941 0.00059 0.00000 ( 1)  0.051 +-  0.023
 261 D   0.99032 0.00968 0.00000 ( 1)  0.059 +-  0.093
 262 L   0.99849 0.00151 0.00000 ( 1)  0.051 +-  0.037
 263 L   0.99838 0.00162 0.00000 ( 1)  0.052 +-  0.038
 264 L   0.99953 0.00047 0.00000 ( 1)  0.050 +-  0.021
 265 T   1.00000 0.00000 0.00000 ( 1)  0.050 +-  0.000
 266 G   1.00000 0.00000 0.00000 ( 1)  0.050 +-  0.000
 267 E   0.99997 0.00003 0.00000 ( 1)  0.050 +-  0.005
 268 V   1.00000 0.00000 0.00000 ( 1)  0.050 +-  0.001
 269 S   0.00012 0.99969 0.00019 ( 2)  1.000 +-  0.012
 270 W   0.99745 0.00254 0.00000 ( 1)  0.052 +-  0.048
 271 R   1.00000 0.00000 0.00000 ( 1)  0.050 +-  0.000
 272 P   1.00000 0.00000 0.00000 ( 1)  0.050 +-  0.000
 273 L   0.99519 0.00480 0.00000 ( 1)  0.055 +-  0.066
 274 V   0.78426 0.21568 0.00005 ( 1)  0.255 +-  0.391
 275 E   0.99917 0.00083 0.00000 ( 1)  0.051 +-  0.027
 276 S   0.00000 0.99796 0.00204 ( 2)  1.001 +-  0.023
 277 N   0.00546 0.99445 0.00008 ( 2)  0.995 +-  0.070
 278 A   0.99996 0.00004 0.00000 ( 1)  0.050 +-  0.006
 279 R   0.99996 0.00004 0.00000 ( 1)  0.050 +-  0.006
 280 S   0.99999 0.00001 0.00000 ( 1)  0.050 +-  0.003
 281 I   0.98373 0.01627 0.00000 ( 1)  0.065 +-  0.120
 282 L   0.99994 0.00006 0.00000 ( 1)  0.050 +-  0.007
 283 K   0.97654 0.02346 0.00000 ( 1)  0.072 +-  0.144
 284 P   1.00000 0.00000 0.00000 ( 1)  0.050 +-  0.000
 285 H   0.00000 0.98510 0.01490 ( 2)  1.008 +-  0.071
 286 S   0.00000 0.98981 0.01019 ( 2)  1.005 +-  0.051
 287 P   1.00000 0.00000 0.00000 ( 1)  0.050 +-  0.000
 288 V   0.99995 0.00005 0.00000 ( 1)  0.050 +-  0.007
 289 Y   0.99999 0.00001 0.00000 ( 1)  0.050 +-  0.003
 290 N   0.99999 0.00001 0.00000 ( 1)  0.050 +-  0.002
 291 D   1.00000 0.00000 0.00000 ( 1)  0.050 +-  0.000
 292 E   1.00000 0.00000 0.00000 ( 1)  0.050 +-  0.000
 293 L   0.84260 0.15734 0.00006 ( 1)  0.200 +-  0.346

Positively selected sites

	Prob(w>1)  mean w

    21 T      0.999**       2.588 +- 0.663
