# Extracted from OG0010829_00.rst: NEB section

Naive Empirical Bayes (NEB) probabilities for 2 classes & postmean_w
(amino acids refer to 1st sequence: Acchl)

   1 D   0.00000 1.00000 ( 2)  1.000
   2 A   0.00021 0.99979 ( 2)  1.000
   3 V   0.99998 0.00002 ( 1)  0.130
   4 S   0.03452 0.96548 ( 2)  0.970
   5 -   0.00000 1.00000 ( 2)  1.000
   6 -   0.88854 0.11146 ( 1)  0.227
   7 -   0.99741 0.00259 ( 1)  0.133
   8 -   0.00034 0.99966 ( 2)  1.000
   9 -   0.00000 1.00000 ( 2)  1.000
  10 -   1.00000 0.00000 ( 1)  0.130
  11 -   0.00000 1.00000 ( 2)  1.000
  12 -   0.99971 0.00029 ( 1)  0.131
  13 -   0.83136 0.16864 ( 1)  0.277
  14 -   0.99995 0.00005 ( 1)  0.130
  15 -   0.00000 1.00000 ( 2)  1.000
  16 -   0.00000 1.00000 ( 2)  1.000
  17 L   1.00000 0.00000 ( 1)  0.130
  18 R   1.00000 0.00000 ( 1)  0.130
  19 -   0.00000 1.00000 ( 2)  1.000
  20 -   1.00000 0.00000 ( 1)  0.130
  21 -   1.00000 0.00000 ( 1)  0.130
  22 -   1.00000 0.00000 ( 1)  0.130
  23 -   0.99908 0.00092 ( 1)  0.131
  24 -   0.78772 0.21228 ( 1)  0.315
  25 -   1.00000 0.00000 ( 1)  0.130
  26 -   0.00000 1.00000 ( 2)  1.000
  27 -   0.00000 1.00000 ( 2)  1.000
  28 -   0.73372 0.26628 ( 1)  0.362
  29 -   0.99992 0.00008 ( 1)  0.130
  30 -   0.93051 0.06949 ( 1)  0.191
  31 -   0.00885 0.99115 ( 2)  0.992
  32 R   1.00000 0.00000 ( 1)  0.130
  33 E   1.00000 0.00000 ( 1)  0.130
  34 F   1.00000 0.00000 ( 1)  0.130
  35 I   0.95590 0.04410 ( 1)  0.169
  36 E   1.00000 0.00000 ( 1)  0.130
  37 Q   0.96822 0.03178 ( 1)  0.158
  38 H   1.00000 0.00000 ( 1)  0.130
  39 Y   1.00000 0.00000 ( 1)  0.130
  40 V   1.00000 0.00000 ( 1)  0.130
  41 T   1.00000 0.00000 ( 1)  0.130
  42 L   0.99994 0.00006 ( 1)  0.130
  43 K   1.00000 0.00000 ( 1)  0.130
  44 K   0.00059 0.99941 ( 2)  0.999
  45 A   1.00000 0.00000 ( 1)  0.130
  46 N   1.00000 0.00000 ( 1)  0.130
  47 P   1.00000 0.00000 ( 1)  0.130
  48 E   0.00000 1.00000 ( 2)  1.000
  49 F   1.00000 0.00000 ( 1)  0.130
  50 P   1.00000 0.00000 ( 1)  0.130
  51 I   0.98693 0.01307 ( 1)  0.142
  52 L   0.99998 0.00002 ( 1)  0.130
  53 I   0.99958 0.00042 ( 1)  0.131
  54 R   1.00000 0.00000 ( 1)  0.130
  55 E   1.00000 0.00000 ( 1)  0.130
  56 C   1.00000 0.00000 ( 1)  0.130
  57 S   1.00000 0.00000 ( 1)  0.130
  58 G   1.00000 0.00000 ( 1)  0.130
  59 V   1.00000 0.00000 ( 1)  0.130
  60 Q   0.99633 0.00367 ( 1)  0.133
  61 P   1.00000 0.00000 ( 1)  0.130
  62 K   0.00000 1.00000 ( 2)  1.000
  63 L   1.00000 0.00000 ( 1)  0.130
  64 W   1.00000 0.00000 ( 1)  0.130
  65 A   1.00000 0.00000 ( 1)  0.130
  66 R   1.00000 0.00000 ( 1)  0.130
  67 Y   1.00000 0.00000 ( 1)  0.130
  68 E   1.00000 0.00000 ( 1)  0.130
  69 F   1.00000 0.00000 ( 1)  0.130
  70 G   1.00000 0.00000 ( 1)  0.130
  71 K   1.00000 0.00000 ( 1)  0.130
  72 E   1.00000 0.00000 ( 1)  0.130
  73 K   0.99990 0.00010 ( 1)  0.130
  74 S   1.00000 0.00000 ( 1)  0.130
  75 I   0.74508 0.25492 ( 1)  0.352
  76 P   0.78851 0.21149 ( 1)  0.314
  77 L   1.00000 0.00000 ( 1)  0.130
  78 N   0.00376 0.99624 ( 2)  0.997
  79 N   1.00000 0.00000 ( 1)  0.130
  80 L   1.00000 0.00000 ( 1)  0.130
  81 T   0.08891 0.91109 ( 2)  0.923
  82 V   0.00003 0.99997 ( 2)  1.000
  83 D   1.00000 0.00000 ( 1)  0.130
  84 E   1.00000 0.00000 ( 1)  0.130
  85 V   1.00000 0.00000 ( 1)  0.130
  86 A   1.00000 0.00000 ( 1)  0.130
  87 K   0.99984 0.00016 ( 1)  0.130
  88 A   1.00000 0.00000 ( 1)  0.130
  89 L   1.00000 0.00000 ( 1)  0.130
  90 E   1.00000 0.00000 ( 1)  0.130
  91 S   0.00000 1.00000 ( 2)  1.000
  92 V   0.00000 1.00000 ( 2)  1.000
  93 V   1.00000 0.00000 ( 1)  0.130
  94 K   1.00000 0.00000 ( 1)  0.130
  95 S   0.00041 0.99959 ( 2)  1.000
  96 Q   0.00000 1.00000 ( 2)  1.000
  97 A   0.00000 1.00000 ( 2)  1.000
