# Extracted from OG0012339_00.rst: NEB section

Naive Empirical Bayes (NEB) probabilities for 2 classes & postmean_w
(amino acids refer to 1st sequence: Acgen)

   1 E   0.00000 1.00000 ( 2)  1.000
   2 V   1.00000 0.00000 ( 1)  0.102
   3 P   0.00001 0.99999 ( 2)  1.000
   4 F   1.00000 0.00000 ( 1)  0.102
   5 A   1.00000 0.00000 ( 1)  0.102
   6 R   0.01864 0.98136 ( 2)  0.983
   7 R   1.00000 0.00000 ( 1)  0.102
   8 I   1.00000 0.00000 ( 1)  0.102
   9 D   1.00000 0.00000 ( 1)  0.102
  10 P   1.00000 0.00000 ( 1)  0.102
  11 V   0.00000 1.00000 ( 2)  1.000
  12 R   0.99997 0.00003 ( 1)  0.102
  13 E   0.99999 0.00001 ( 1)  0.102
  14 P   1.00000 0.00000 ( 1)  0.102
  15 G   1.00000 0.00000 ( 1)  0.102
  16 L   1.00000 0.00000 ( 1)  0.102
  17 S   1.00000 0.00000 ( 1)  0.102
  18 P   1.00000 0.00000 ( 1)  0.102
  19 E   0.00004 0.99996 ( 2)  1.000
  20 Q   1.00000 0.00000 ( 1)  0.102
  21 R   1.00000 0.00000 ( 1)  0.102
  22 L   0.00001 0.99999 ( 2)  1.000
  23 F   0.99301 0.00699 ( 1)  0.108
  24 M   1.00000 0.00000 ( 1)  0.102
  25 A   0.99997 0.00003 ( 1)  0.102
  26 Q   0.00000 1.00000 ( 2)  1.000
  27 V   1.00000 0.00000 ( 1)  0.102
  28 E   1.00000 0.00000 ( 1)  0.102
  29 R   0.00000 1.00000 ( 2)  1.000
  30 A   0.99971 0.00029 ( 1)  0.102
  31 Q   1.00000 0.00000 ( 1)  0.102
  32 R   0.99995 0.00005 ( 1)  0.102
  33 Q   0.00000 1.00000 ( 2)  1.000
  34 R   1.00000 0.00000 ( 1)  0.102
  35 A   0.00033 0.99967 ( 2)  1.000
  36 L   1.00000 0.00000 ( 1)  0.102
  37 Q   1.00000 0.00000 ( 1)  0.102
  38 R   1.00000 0.00000 ( 1)  0.102
  39 R   1.00000 0.00000 ( 1)  0.102
  40 L   1.00000 0.00000 ( 1)  0.102
  41 R   1.00000 0.00000 ( 1)  0.102
  42 S   1.00000 0.00000 ( 1)  0.102
  43 R   1.00000 0.00000 ( 1)  0.102
  44 N   1.00000 0.00000 ( 1)  0.102
  45 A   0.00000 1.00000 ( 2)  1.000
  46 L   1.00000 0.00000 ( 1)  0.102
  47 L   1.00000 0.00000 ( 1)  0.102
  48 A   1.00000 0.00000 ( 1)  0.102
  49 L   1.00000 0.00000 ( 1)  0.102
  50 G   1.00000 0.00000 ( 1)  0.102
  51 I   1.00000 0.00000 ( 1)  0.102
  52 G   1.00000 0.00000 ( 1)  0.102
  53 A   0.99986 0.00014 ( 1)  0.102
  54 V   1.00000 0.00000 ( 1)  0.102
  55 T   0.99966 0.00034 ( 1)  0.102
  56 L   0.00000 1.00000 ( 2)  1.000
  57 G   1.00000 0.00000 ( 1)  0.102
  58 I   1.00000 0.00000 ( 1)  0.102
  59 G   1.00000 0.00000 ( 1)  0.102
  60 Y   0.99999 0.00001 ( 1)  0.102
  61 T   1.00000 0.00000 ( 1)  0.102
  62 F   1.00000 0.00000 ( 1)  0.102
  63 Y   0.99999 0.00001 ( 1)  0.102
  64 S   1.00000 0.00000 ( 1)  0.102
  65 V   1.00000 0.00000 ( 1)  0.102
  66 S   1.00000 0.00000 ( 1)  0.102
  67 Q   1.00000 0.00000 ( 1)  0.102
  68 E   1.00000 0.00000 ( 1)  0.102
  69 R   0.99997 0.00003 ( 1)  0.102
  70 F   1.00000 0.00000 ( 1)  0.102
  71 L   1.00000 0.00000 ( 1)  0.102
  72 D   1.00000 0.00000 ( 1)  0.102
  73 E   0.00243 0.99757 ( 2)  0.998
  74 L   1.00000 0.00000 ( 1)  0.102
  75 E   1.00000 0.00000 ( 1)  0.102
  76 Q   1.00000 0.00000 ( 1)  0.102
  77 E   1.00000 0.00000 ( 1)  0.102
  78 A   0.99979 0.00021 ( 1)  0.102
  79 E   0.99999 0.00001 ( 1)  0.102
  80 A   0.88387 0.11613 ( 1)  0.206
  81 A   1.00000 0.00000 ( 1)  0.102
  82 R   1.00000 0.00000 ( 1)  0.102
  83 A   1.00000 0.00000 ( 1)  0.102
  84 R   1.00000 0.00000 ( 1)  0.102
  85 A   1.00000 0.00000 ( 1)  0.102
