# Extracted from OG0001923_01.rst: BEB section

Bayes Empirical Bayes (BEB) probabilities for 3 classes (class) & postmean_w
(amino acids refer to 1st sequence: Acchl)

   1 L   1.00000 0.00000 0.00000 ( 1)  0.050 +-  0.000
   2 I   1.00000 0.00000 0.00000 ( 1)  0.050 +-  0.001
   3 P   0.99999 0.00001 0.00000 ( 1)  0.050 +-  0.003
   4 L   0.99998 0.00002 0.00000 ( 1)  0.050 +-  0.004
   5 F   1.00000 0.00000 0.00000 ( 1)  0.050 +-  0.000
   6 V   0.00000 1.00000 0.00000 ( 2)  1.000 +-  0.000
   7 I   1.00000 0.00000 0.00000 ( 1)  0.050 +-  0.000
   8 I   1.00000 0.00000 0.00000 ( 1)  0.050 +-  0.000
   9 G   1.00000 0.00000 0.00000 ( 1)  0.050 +-  0.000
  10 S   0.07627 0.92373 0.00000 ( 2)  0.928 +-  0.252
  11 G   1.00000 0.00000 0.00000 ( 1)  0.050 +-  0.000
  12 G   1.00000 0.00000 0.00000 ( 1)  0.050 +-  0.000
  13 V   0.00000 1.00000 0.00000 ( 2)  1.000 +-  0.000
  14 G   1.00000 0.00000 0.00000 ( 1)  0.050 +-  0.000
  15 A   1.00000 0.00000 0.00000 ( 1)  0.050 +-  0.000
  16 G   0.00007 0.99993 0.00000 ( 2)  1.000 +-  0.008
  17 L   0.99092 0.00908 0.00000 ( 1)  0.059 +-  0.090
  18 Y   1.00000 0.00000 0.00000 ( 1)  0.050 +-  0.000
  19 L   1.00000 0.00000 0.00000 ( 1)  0.050 +-  0.000
  20 M   0.99990 0.00010 0.00000 ( 1)  0.050 +-  0.010
  21 R   1.00000 0.00000 0.00000 ( 1)  0.050 +-  0.000
  22 L   1.00000 0.00000 0.00000 ( 1)  0.050 +-  0.000
  23 A   1.00000 0.00000 0.00000 ( 1)  0.050 +-  0.000
  24 M   0.00000 1.00000 0.00000 ( 2)  1.000 +-  0.000
  25 F   0.99772 0.00228 0.00000 ( 1)  0.052 +-  0.045
  26 N   1.00000 0.00000 0.00000 ( 1)  0.050 +-  0.000
  27 P   0.99989 0.00011 0.00000 ( 1)  0.050 +-  0.010
  28 D   1.00000 0.00000 0.00000 ( 1)  0.050 +-  0.000
  29 V   1.00000 0.00000 0.00000 ( 1)  0.050 +-  0.000
  30 S   1.00000 0.00000 0.00000 ( 1)  0.050 +-  0.000
  31 W   1.00000 0.00000 0.00000 ( 1)  0.050 +-  0.002
  32 D   1.00000 0.00000 0.00000 ( 1)  0.050 +-  0.000
  33 K   0.00000 1.00000 0.00000 ( 2)  1.000 +-  0.001
  34 K   0.89655 0.10345 0.00000 ( 1)  0.148 +-  0.289
  35 N   1.00000 0.00000 0.00000 ( 1)  0.050 +-  0.000
  36 N   1.00000 0.00000 0.00000 ( 1)  0.050 +-  0.000
  37 P   1.00000 0.00000 0.00000 ( 1)  0.050 +-  0.001
  38 E   1.00000 0.00000 0.00000 ( 1)  0.050 +-  0.000
  39 P   0.99999 0.00001 0.00000 ( 1)  0.050 +-  0.002
  40 W   1.00000 0.00000 0.00000 ( 1)  0.050 +-  0.002
  41 N   1.00000 0.00000 0.00000 ( 1)  0.050 +-  0.000
  42 K   1.00000 0.00000 0.00000 ( 1)  0.050 +-  0.002
  43 M   0.00000 0.99999 0.00001 ( 2)  1.000 +-  0.006
  44 A   0.00000 1.00000 0.00000 ( 2)  1.000 +-  0.000
  45 P   1.00000 0.00000 0.00000 ( 1)  0.050 +-  0.001
  46 S   0.00000 1.00000 0.00000 ( 2)  1.000 +-  0.001
  47 D   0.99991 0.00009 0.00000 ( 1)  0.050 +-  0.009
  48 Q   1.00000 0.00000 0.00000 ( 1)  0.050 +-  0.001
  49 Y   1.00000 0.00000 0.00000 ( 1)  0.050 +-  0.000
  50 K   1.00000 0.00000 0.00000 ( 1)  0.050 +-  0.000
  51 F   0.00000 0.00000 1.00000 ( 3)  3.314 +-  0.406
  52 Y   0.04189 0.95811 0.00000 ( 2)  0.960 +-  0.190
  53 S   1.00000 0.00000 0.00000 ( 1)  0.050 +-  0.000
  54 V   0.00008 0.99992 0.00000 ( 2)  1.000 +-  0.009
  55 N   1.00000 0.00000 0.00000 ( 1)  0.050 +-  0.000
  56 V   0.99972 0.00028 0.00000 ( 1)  0.050 +-  0.016
  57 D   1.00000 0.00000 0.00000 ( 1)  0.050 +-  0.002
  58 Y   0.99978 0.00022 0.00000 ( 1)  0.050 +-  0.014
  59 S   1.00000 0.00000 0.00000 ( 1)  0.050 +-  0.000
  60 R   0.00000 1.00000 0.00000 ( 2)  1.000 +-  0.000
  61 L   0.02682 0.97318 0.00000 ( 2)  0.975 +-  0.153
  62 K   0.52747 0.47253 0.00000 ( 1)  0.499 +-  0.474
  63 K   0.99314 0.00686 0.00000 ( 1)  0.057 +-  0.078
  64 D   0.97014 0.02986 0.00000 ( 1)  0.078 +-  0.162
  65 R   0.99446 0.00554 0.00000 ( 1)  0.055 +-  0.071
  66 P   0.99661 0.00339 0.00000 ( 1)  0.053 +-  0.055
  67 D   0.99999 0.00001 0.00000 ( 1)  0.050 +-  0.002
  68 F   0.99999 0.00001 0.00000 ( 1)  0.050 +-  0.002

Positively selected sites

	Prob(w>1)  mean w

    51 F      1.000**       3.314 +- 0.406
