# Extracted from OG0004703_00.rst: NEB section

Naive Empirical Bayes (NEB) probabilities for 2 classes & postmean_w
(amino acids refer to 1st sequence: Acchl)

   1 M   1.00000 0.00000 ( 1)  0.119
   2 G   1.00000 0.00000 ( 1)  0.119
   3 H   1.00000 0.00000 ( 1)  0.119
   4 G   1.00000 0.00000 ( 1)  0.119
   5 N   0.07097 0.92903 ( 2)  0.937
   6 E   0.00275 0.99725 ( 2)  0.998
   7 G   0.98908 0.01092 ( 1)  0.129
   8 H   1.00000 0.00000 ( 1)  0.119
   9 G   0.93846 0.06154 ( 1)  0.173
  10 H   1.00000 0.00000 ( 1)  0.119
  11 G   0.99994 0.00006 ( 1)  0.119
  12 H   1.00000 0.00000 ( 1)  0.119
  13 G   0.00003 0.99997 ( 2)  1.000
  14 K   1.00000 0.00000 ( 1)  0.119
  15 M   0.00243 0.99757 ( 2)  0.998
  16 E   0.99999 0.00001 ( 1)  0.119
  17 L   1.00000 0.00000 ( 1)  0.119
  18 P   1.00000 0.00000 ( 1)  0.119
  19 D   1.00000 0.00000 ( 1)  0.119
  20 Y   0.99993 0.00007 ( 1)  0.119
  21 R   1.00000 0.00000 ( 1)  0.119
  22 Q   1.00000 0.00000 ( 1)  0.119
  23 W   0.99997 0.00003 ( 1)  0.119
  24 K   1.00000 0.00000 ( 1)  0.119
  25 I   0.99633 0.00367 ( 1)  0.122
  26 E   1.00000 0.00000 ( 1)  0.119
  27 G   1.00000 0.00000 ( 1)  0.119
  28 T   1.00000 0.00000 ( 1)  0.119
  29 P   1.00000 0.00000 ( 1)  0.119
  30 L   1.00000 0.00000 ( 1)  0.119
  31 E   1.00000 0.00000 ( 1)  0.119
  32 K   0.69706 0.30294 ( 1)  0.386
  33 V   1.00000 0.00000 ( 1)  0.119
  34 Q   1.00000 0.00000 ( 1)  0.119
  35 E   0.72443 0.27557 ( 1)  0.362
  36 R   0.00031 0.99969 ( 2)  1.000
  37 L   1.00000 0.00000 ( 1)  0.119
  38 A   1.00000 0.00000 ( 1)  0.119
  39 K   0.00000 1.00000 ( 2)  1.000
  40 R   1.00000 0.00000 ( 1)  0.119
  41 G   1.00000 0.00000 ( 1)  0.119
  42 L   1.00000 0.00000 ( 1)  0.119
  43 R   1.00000 0.00000 ( 1)  0.119
  44 D   1.00000 0.00000 ( 1)  0.119
  45 P   1.00000 0.00000 ( 1)  0.119
  46 W   0.99997 0.00003 ( 1)  0.119
  47 A   1.00000 0.00000 ( 1)  0.119
  48 R   1.00000 0.00000 ( 1)  0.119
  49 N   1.00000 0.00000 ( 1)  0.119
  50 E   1.00000 0.00000 ( 1)  0.119
  51 A   0.99901 0.00099 ( 1)  0.120
  52 W   0.99997 0.00003 ( 1)  0.119
  53 R   1.00000 0.00000 ( 1)  0.119
  54 Y   0.92625 0.07375 ( 1)  0.184
  55 M   0.93795 0.06205 ( 1)  0.174
  56 G   1.00000 0.00000 ( 1)  0.119
  57 G   0.00000 1.00000 ( 2)  1.000
  58 F   0.04978 0.95022 ( 2)  0.956
  59 A   1.00000 0.00000 ( 1)  0.119
  60 K   1.00000 0.00000 ( 1)  0.119
  61 P   1.00000 0.00000 ( 1)  0.119
  62 V   1.00000 0.00000 ( 1)  0.119
  63 T   1.00000 0.00000 ( 1)  0.119
  64 L   0.00000 1.00000 ( 2)  1.000
  65 T   0.99977 0.00023 ( 1)  0.119
  66 E   0.99993 0.00007 ( 1)  0.119
  67 V   0.99932 0.00068 ( 1)  0.120
  68 F   0.00004 0.99996 ( 2)  1.000
  69 T   0.51855 0.48145 ( 1)  0.543
  70 K   0.99704 0.00296 ( 1)  0.122
  71 G   1.00000 0.00000 ( 1)  0.119
  72 L   0.00000 1.00000 ( 2)  1.000
  73 K   1.00000 0.00000 ( 1)  0.119
  74 W   0.99997 0.00003 ( 1)  0.119
  75 G   1.00000 0.00000 ( 1)  0.119
  76 F   0.00000 1.00000 ( 2)  1.000
  77 A   1.00000 0.00000 ( 1)  0.119
  78 A   1.00000 0.00000 ( 1)  0.119
  79 F   1.00000 0.00000 ( 1)  0.119
  80 V   0.99121 0.00879 ( 1)  0.127
  81 I   1.00000 0.00000 ( 1)  0.119
  82 A   1.00000 0.00000 ( 1)  0.119
  83 L   1.00000 0.00000 ( 1)  0.119
  84 G   0.99912 0.00088 ( 1)  0.120
  85 I   1.00000 0.00000 ( 1)  0.119
  86 E   1.00000 0.00000 ( 1)  0.119
  87 Y   1.00000 0.00000 ( 1)  0.119
  88 T   0.98923 0.01077 ( 1)  0.129
  89 L   0.99999 0.00001 ( 1)  0.119
  90 F   0.99990 0.00010 ( 1)  0.119
  91 P   1.00000 0.00000 ( 1)  0.119
  92 P   1.00000 0.00000 ( 1)  0.119
  93 K   1.00000 0.00000 ( 1)  0.119
  94 K   1.00000 0.00000 ( 1)  0.119
  95 N   0.99169 0.00831 ( 1)  0.126
  96 G   1.00000 0.00000 ( 1)  0.119
  97 G   1.00000 0.00000 ( 1)  0.119
  98 H   1.00000 0.00000 ( 1)  0.119
  99 H   1.00000 0.00000 ( 1)  0.119
