# Extracted from OG0009817_00.rst: NEB section

Naive Empirical Bayes (NEB) probabilities for 2 classes & postmean_w
(amino acids refer to 1st sequence: Acgen)

   1 A   1.00000 0.00000 ( 1)  0.134
   2 P   1.00000 0.00000 ( 1)  0.134
   3 T   1.00000 0.00000 ( 1)  0.134
   4 M   1.00000 0.00000 ( 1)  0.134
   5 E   0.99998 0.00002 ( 1)  0.134
   6 E   1.00000 0.00000 ( 1)  0.134
   7 R   1.00000 0.00000 ( 1)  0.134
   8 K   0.99997 0.00003 ( 1)  0.134
   9 A   1.00000 0.00000 ( 1)  0.134
  10 C   1.00000 0.00000 ( 1)  0.134
  11 W   1.00000 0.00000 ( 1)  0.134
  12 G   1.00000 0.00000 ( 1)  0.134
  13 A   1.00000 0.00000 ( 1)  0.134
  14 R   1.00000 0.00000 ( 1)  0.134
  15 D   1.00000 0.00000 ( 1)  0.134
  16 E   1.00000 0.00000 ( 1)  0.134
  17 F   0.99974 0.00026 ( 1)  0.134
  18 W   1.00000 0.00000 ( 1)  0.134
  19 Q   0.97499 0.02501 ( 1)  0.156
  20 C   1.00000 0.00000 ( 1)  0.134
  21 L   1.00000 0.00000 ( 1)  0.134
  22 D   1.00000 0.00000 ( 1)  0.134
  23 R   0.00000 1.00000 ( 2)  1.000
  24 H   1.00000 0.00000 ( 1)  0.134
  25 G   0.00000 1.00000 ( 2)  1.000
  26 D   0.00003 0.99997 ( 2)  1.000
  27 D   0.99961 0.00039 ( 1)  0.134
  28 A   0.97320 0.02680 ( 1)  0.157
  29 S   0.00000 1.00000 ( 2)  1.000
  30 Q   0.00000 1.00000 ( 2)  1.000
  31 C   1.00000 0.00000 ( 1)  0.134
  32 E   0.99865 0.00135 ( 1)  0.135
  33 K   0.00000 1.00000 ( 2)  1.000
  34 L   1.00000 0.00000 ( 1)  0.134
  35 R   1.00000 0.00000 ( 1)  0.134
  36 L   0.00000 1.00000 ( 2)  1.000
  37 S   0.00000 1.00000 ( 2)  1.000
  38 F   1.00000 0.00000 ( 1)  0.134
  39 E   1.00000 0.00000 ( 1)  0.134
  40 S   0.00000 1.00000 ( 2)  1.000
  41 R   0.99994 0.00006 ( 1)  0.134
  42 C   1.00000 0.00000 ( 1)  0.134
  43 P   1.00000 0.00000 ( 1)  0.134
  44 Q   1.00000 0.00000 ( 1)  0.134
  45 Q   1.00000 0.00000 ( 1)  0.134
  46 W   1.00000 0.00000 ( 1)  0.134
  47 V   1.00000 0.00000 ( 1)  0.134
  48 S   0.99057 0.00943 ( 1)  0.142
  49 S   0.35663 0.64337 ( 2)  0.691
  50 S   1.00000 0.00000 ( 1)  0.134
  51 R   0.99802 0.00198 ( 1)  0.136
  52 R   0.00016 0.99984 ( 2)  1.000
  53 G   1.00000 0.00000 ( 1)  0.134
  54 L   1.00000 0.00000 ( 1)  0.134
  55 P   1.00000 0.00000 ( 1)  0.134
  56 L   1.00000 0.00000 ( 1)  0.134
  57 L   1.00000 0.00000 ( 1)  0.134
  58 G   0.99487 0.00513 ( 1)  0.138
  59 A   1.00000 0.00000 ( 1)  0.134
  60 R   0.99968 0.00032 ( 1)  0.134
  61 R   0.00000 1.00000 ( 2)  1.000
  62 A   0.00000 1.00000 ( 2)  1.000
  63 P   1.00000 0.00000 ( 1)  0.134
  64 S   1.00000 0.00000 ( 1)  0.134
  65 G   0.14725 0.85275 ( 2)  0.872
  66 F   0.91310 0.08690 ( 1)  0.209
  67 T   0.00000 1.00000 ( 2)  1.000
  68 A   1.00000 0.00000 ( 1)  0.134
  69 A   0.00000 1.00000 ( 2)  1.000
  70 T   0.99997 0.00003 ( 1)  0.134
  71 A   0.60069 0.39931 ( 1)  0.480
  72 A   0.00000 1.00000 ( 2)  1.000
  73 S   0.99997 0.00003 ( 1)  0.134
  74 R   0.99994 0.00006 ( 1)  0.134
  75 T   1.00000 0.00000 ( 1)  0.134
