# Extracted from OG0006402_00.rst: BEB section

Bayes Empirical Bayes (BEB) probabilities for 3 classes (class) & postmean_w
(amino acids refer to 1st sequence: Acchl)

   1 A   1.00000 0.00000 0.00000 ( 1)  0.050 +-  0.000
   2 D   1.00000 0.00000 0.00000 ( 1)  0.050 +-  0.000
   3 V   1.00000 0.00000 0.00000 ( 1)  0.050 +-  0.001
   4 L   1.00000 0.00000 0.00000 ( 1)  0.050 +-  0.000
   5 A   1.00000 0.00000 0.00000 ( 1)  0.050 +-  0.000
   6 L   1.00000 0.00000 0.00000 ( 1)  0.050 +-  0.001
   7 S   1.00000 0.00000 0.00000 ( 1)  0.050 +-  0.000
   8 K   1.00000 0.00000 0.00000 ( 1)  0.050 +-  0.000
   9 I   1.00000 0.00000 0.00000 ( 1)  0.050 +-  0.001
  10 E   1.00000 0.00000 0.00000 ( 1)  0.050 +-  0.000
  11 I   1.00000 0.00000 0.00000 ( 1)  0.050 +-  0.000
  12 K   1.00000 0.00000 0.00000 ( 1)  0.050 +-  0.000
  13 L   1.00000 0.00000 0.00000 ( 1)  0.050 +-  0.000
  14 S   0.99990 0.00010 0.00000 ( 1)  0.050 +-  0.009
  15 D   1.00000 0.00000 0.00000 ( 1)  0.050 +-  0.000
  16 I   1.00000 0.00000 0.00000 ( 1)  0.050 +-  0.001
  17 P   1.00000 0.00000 0.00000 ( 1)  0.050 +-  0.000
  18 E   1.00000 0.00000 0.00000 ( 1)  0.050 +-  0.000
  19 G   1.00000 0.00000 0.00000 ( 1)  0.050 +-  0.000
  20 K   1.00000 0.00000 0.00000 ( 1)  0.050 +-  0.000
  21 N   1.00000 0.00000 0.00000 ( 1)  0.050 +-  0.000
  22 M   0.00000 1.00000 0.00000 ( 2)  1.000 +-  0.000
  23 A   0.99999 0.00001 0.00000 ( 1)  0.050 +-  0.002
  24 F   1.00000 0.00000 0.00000 ( 1)  0.050 +-  0.000
  25 K   1.00000 0.00000 0.00000 ( 1)  0.050 +-  0.000
  26 W   0.99901 0.00098 0.00000 ( 1)  0.051 +-  0.030
  27 R   1.00000 0.00000 0.00000 ( 1)  0.050 +-  0.002
  28 G   1.00000 0.00000 0.00000 ( 1)  0.050 +-  0.000
  29 K   1.00000 0.00000 0.00000 ( 1)  0.050 +-  0.000
  30 P   1.00000 0.00000 0.00000 ( 1)  0.050 +-  0.000
  31 L   1.00000 0.00000 0.00000 ( 1)  0.050 +-  0.000
  32 F   1.00000 0.00000 0.00000 ( 1)  0.050 +-  0.000
  33 V   1.00000 0.00000 0.00000 ( 1)  0.050 +-  0.001
  34 R   1.00000 0.00000 0.00000 ( 1)  0.050 +-  0.000
  35 H   1.00000 0.00000 0.00000 ( 1)  0.050 +-  0.000
  36 R   0.99996 0.00004 0.00000 ( 1)  0.050 +-  0.006
  37 T   1.00000 0.00000 0.00000 ( 1)  0.050 +-  0.000
  38 Q   1.00000 0.00000 0.00000 ( 1)  0.050 +-  0.000
  39 A   1.00000 0.00000 0.00000 ( 1)  0.050 +-  0.000
  40 E   1.00000 0.00000 0.00000 ( 1)  0.050 +-  0.000
  41 I   1.00000 0.00000 0.00000 ( 1)  0.050 +-  0.001
  42 N   0.00000 0.99977 0.00023 ( 2)  1.000 +-  0.008
  43 Q   1.00000 0.00000 0.00000 ( 1)  0.050 +-  0.000
  44 E   1.00000 0.00000 0.00000 ( 1)  0.050 +-  0.000
  45 A   0.99999 0.00001 0.00000 ( 1)  0.050 +-  0.003
  46 Q   0.00000 0.94437 0.05563 ( 2)  1.029 +-  0.128
  47 V   1.00000 0.00000 0.00000 ( 1)  0.050 +-  0.000
  48 D   1.00000 0.00000 0.00000 ( 1)  0.050 +-  0.000
  49 L   0.00000 0.00124 0.99876 ( 3)  2.419 +-  0.317
  50 S   0.00044 0.99812 0.00144 ( 2)  1.000 +-  0.028
  51 Q   0.00000 0.99999 0.00001 ( 2)  1.000 +-  0.002
  52 L   1.00000 0.00000 0.00000 ( 1)  0.050 +-  0.001
  53 R   1.00000 0.00000 0.00000 ( 1)  0.050 +-  0.000
  54 D   1.00000 0.00000 0.00000 ( 1)  0.050 +-  0.000
  55 P   1.00000 0.00000 0.00000 ( 1)  0.050 +-  0.000
  56 Q   1.00000 0.00000 0.00000 ( 1)  0.050 +-  0.000
  57 H   1.00000 0.00000 0.00000 ( 1)  0.050 +-  0.000
  58 D   1.00000 0.00000 0.00000 ( 1)  0.050 +-  0.000
  59 L   1.00000 0.00000 0.00000 ( 1)  0.050 +-  0.001
  60 D   1.00000 0.00000 0.00000 ( 1)  0.050 +-  0.000
  61 R   1.00000 0.00000 0.00000 ( 1)  0.050 +-  0.002
  62 V   1.00000 0.00000 0.00000 ( 1)  0.050 +-  0.000
  63 K   0.00000 0.05573 0.94427 ( 3)  2.332 +-  0.435
  64 K   1.00000 0.00000 0.00000 ( 1)  0.050 +-  0.000
  65 P   1.00000 0.00000 0.00000 ( 1)  0.050 +-  0.000
  66 E   1.00000 0.00000 0.00000 ( 1)  0.050 +-  0.000
  67 W   0.99901 0.00098 0.00000 ( 1)  0.051 +-  0.030
  68 V   1.00000 0.00000 0.00000 ( 1)  0.050 +-  0.000
  69 I   1.00000 0.00000 0.00000 ( 1)  0.050 +-  0.000
  70 L   0.64325 0.35655 0.00021 ( 1)  0.389 +-  0.455
  71 V   0.00059 0.99929 0.00013 ( 2)  1.000 +-  0.024

Positively selected sites

	Prob(w>1)  mean w

    49 L      0.999**       2.419 +- 0.317
    63 K      0.944         2.332 +- 0.435
