# Extracted from OG0011856_00.rst: NEB section

Naive Empirical Bayes (NEB) probabilities for 2 classes & postmean_w
(amino acids refer to 1st sequence: Acgen)

   1 M   1.00000 0.00000 ( 1)  0.123
   2 P   1.00000 0.00000 ( 1)  0.123
   3 F   1.00000 0.00000 ( 1)  0.123
   4 W   0.22024 0.77976 ( 2)  0.807
   5 D   0.00000 1.00000 ( 2)  1.000
   6 L   1.00000 0.00000 ( 1)  0.123
   7 Q   1.00000 0.00000 ( 1)  0.123
   8 R   0.19494 0.80506 ( 2)  0.829
   9 Q   0.99999 0.00001 ( 1)  0.123
  10 L   1.00000 0.00000 ( 1)  0.123
  11 G   1.00000 0.00000 ( 1)  0.123
  12 I   0.99870 0.00130 ( 1)  0.125
  13 D   1.00000 0.00000 ( 1)  0.123
  14 V   0.00738 0.99262 ( 2)  0.994
  15 D   1.00000 0.00000 ( 1)  0.123
  16 R   0.03279 0.96721 ( 2)  0.971
  17 W   0.21684 0.78316 ( 2)  0.810
  18 L   0.99912 0.00088 ( 1)  0.124
  19 L   0.17334 0.82666 ( 2)  0.848
  20 R   1.00000 0.00000 ( 1)  0.123
  21 Q   1.00000 0.00000 ( 1)  0.123
  22 S   1.00000 0.00000 ( 1)  0.123
  23 M   0.00023 0.99977 ( 2)  1.000
  24 P   0.00000 1.00000 ( 2)  1.000
  25 Q   1.00000 0.00000 ( 1)  0.123
  26 P   1.00000 0.00000 ( 1)  0.123
  27 Y   0.00000 1.00000 ( 2)  1.000
  28 G   0.00000 1.00000 ( 2)  1.000
  29 K   0.00000 1.00000 ( 2)  1.000
  30 A   1.00000 0.00000 ( 1)  0.123
  31 A   0.00000 1.00000 ( 2)  1.000
  32 A   0.00000 1.00000 ( 2)  1.000
  33 C   1.00000 0.00000 ( 1)  0.123
  34 H   1.00000 0.00000 ( 1)  0.123
  35 A   1.00000 0.00000 ( 1)  0.123
  36 F   0.99997 0.00003 ( 1)  0.123
  37 E   1.00000 0.00000 ( 1)  0.123
  38 R   1.00000 0.00000 ( 1)  0.123
  39 E   1.00000 0.00000 ( 1)  0.123
  40 W   1.00000 0.00000 ( 1)  0.123
  41 V   1.00000 0.00000 ( 1)  0.123
  42 E   0.99980 0.00020 ( 1)  0.124
  43 C   1.00000 0.00000 ( 1)  0.123
  44 G   1.00000 0.00000 ( 1)  0.123
  45 Q   0.00000 1.00000 ( 2)  1.000
  46 T   0.00085 0.99915 ( 2)  0.999
  47 R   1.00000 0.00000 ( 1)  0.123
  48 A   0.99983 0.00017 ( 1)  0.124
  49 R   0.00018 0.99982 ( 2)  1.000
  50 R   1.00000 0.00000 ( 1)  0.123
  51 E   0.08734 0.91266 ( 2)  0.923
  52 C   0.98889 0.01111 ( 1)  0.133
  53 Q   0.00000 1.00000 ( 2)  1.000
  54 L   0.00000 1.00000 ( 2)  1.000
  55 E   0.01766 0.98234 ( 2)  0.985
  56 Y   0.00615 0.99385 ( 2)  0.995
  57 E   0.00000 1.00000 ( 2)  1.000
  58 D   0.98908 0.01092 ( 1)  0.133
  59 F   0.00000 1.00000 ( 2)  1.000
  60 M   0.00000 1.00000 ( 2)  1.000
  61 E   0.00631 0.99369 ( 2)  0.994
  62 C   0.99998 0.00002 ( 1)  0.123
  63 M   0.00002 0.99998 ( 2)  1.000
  64 H   0.00000 1.00000 ( 2)  1.000
  65 A   0.07282 0.92718 ( 2)  0.936
  66 M   0.00000 1.00000 ( 2)  1.000
  67 R   1.00000 0.00000 ( 1)  0.123
  68 L   0.99958 0.00042 ( 1)  0.124
  69 R   0.00000 1.00000 ( 2)  1.000
  70 T   0.00000 1.00000 ( 2)  1.000
  71 I   1.00000 0.00000 ( 1)  0.123
  72 L   1.00000 0.00000 ( 1)  0.123
  73 E   0.00000 1.00000 ( 2)  1.000
  74 Q   1.00000 0.00000 ( 1)  0.123
  75 R   1.00000 0.00000 ( 1)  0.123
  76 D   0.99976 0.00024 ( 1)  0.124
  77 K   0.00026 0.99974 ( 2)  1.000
  78 M   0.00000 1.00000 ( 2)  1.000
  79 I   1.00000 0.00000 ( 1)  0.123
  80 K   0.99999 0.00001 ( 1)  0.123
  81 E   0.83619 0.16381 ( 1)  0.267
  82 G   1.00000 0.00000 ( 1)  0.123
  83 K   1.00000 0.00000 ( 1)  0.123
  84 Y   1.00000 0.00000 ( 1)  0.123
  85 T   0.99998 0.00002 ( 1)  0.123
  86 M   0.99953 0.00047 ( 1)  0.124
  87 P   1.00000 0.00000 ( 1)  0.123
  88 D   0.00015 0.99985 ( 2)  1.000
  89 Y   0.00000 1.00000 ( 2)  1.000
  90 H   1.00000 0.00000 ( 1)  0.123
  91 K   0.00000 1.00000 ( 2)  1.000
  92 G   1.00000 0.00000 ( 1)  0.123
  93 K   0.94745 0.05255 ( 1)  0.170
  94 E   0.00301 0.99699 ( 2)  0.997
  95 E   0.00000 1.00000 ( 2)  1.000
  96 P   0.00000 1.00000 ( 2)  1.000
  97 R   1.00000 0.00000 ( 1)  0.123
  98 P   1.00000 0.00000 ( 1)  0.123
