# Extracted from OG0006232_00.rst: BEB section

Bayes Empirical Bayes (BEB) probabilities for 3 classes (class) & postmean_w
(amino acids refer to 1st sequence: Acchl)

   1 M   1.00000 0.00000 0.00000 ( 1)  0.050 +-  0.000
   2 A   1.00000 0.00000 0.00000 ( 1)  0.050 +-  0.000
   3 T   1.00000 0.00000 0.00000 ( 1)  0.050 +-  0.000
   4 L   0.99996 0.00004 0.00000 ( 1)  0.050 +-  0.006
   5 K   1.00000 0.00000 0.00000 ( 1)  0.050 +-  0.000
   6 D   1.00000 0.00000 0.00000 ( 1)  0.050 +-  0.000
   7 I   0.00000 0.00000 1.00000 ( 3)  2.500 +-  0.021
   8 T   1.00000 0.00000 0.00000 ( 1)  0.050 +-  0.000
   9 R   1.00000 0.00000 0.00000 ( 1)  0.050 +-  0.000
  10 R   1.00000 0.00000 0.00000 ( 1)  0.050 +-  0.000
  11 L   1.00000 0.00000 0.00000 ( 1)  0.050 +-  0.001
  12 K   1.00000 0.00000 0.00000 ( 1)  0.050 +-  0.000
  13 S   1.00000 0.00000 0.00000 ( 1)  0.050 +-  0.000
  14 I   1.00000 0.00000 0.00000 ( 1)  0.050 +-  0.000
  15 K   1.00000 0.00000 0.00000 ( 1)  0.050 +-  0.000
  16 N   1.00000 0.00000 0.00000 ( 1)  0.050 +-  0.000
  17 I   1.00000 0.00000 0.00000 ( 1)  0.050 +-  0.000
  18 Q   1.00000 0.00000 0.00000 ( 1)  0.050 +-  0.000
  19 K   1.00000 0.00000 0.00000 ( 1)  0.050 +-  0.000
  20 I   1.00000 0.00000 0.00000 ( 1)  0.050 +-  0.000
  21 T   1.00000 0.00000 0.00000 ( 1)  0.050 +-  0.000
  22 K   1.00000 0.00000 0.00000 ( 1)  0.050 +-  0.000
  23 S   1.00000 0.00000 0.00000 ( 1)  0.050 +-  0.000
  24 M   1.00000 0.00000 0.00000 ( 1)  0.050 +-  0.000
  25 K   1.00000 0.00000 0.00000 ( 1)  0.050 +-  0.000
  26 M   1.00000 0.00000 0.00000 ( 1)  0.050 +-  0.000
  27 V   1.00000 0.00000 0.00000 ( 1)  0.050 +-  0.000
  28 S   1.00000 0.00000 0.00000 ( 1)  0.050 +-  0.000
  29 A   1.00000 0.00000 0.00000 ( 1)  0.050 +-  0.000
  30 A   1.00000 0.00000 0.00000 ( 1)  0.050 +-  0.000
  31 K   1.00000 0.00000 0.00000 ( 1)  0.050 +-  0.000
  32 Y   1.00000 0.00000 0.00000 ( 1)  0.050 +-  0.000
  33 A   1.00000 0.00000 0.00000 ( 1)  0.050 +-  0.000
  34 R   1.00000 0.00000 0.00000 ( 1)  0.050 +-  0.000
  35 A   1.00000 0.00000 0.00000 ( 1)  0.050 +-  0.000
  36 E   1.00000 0.00000 0.00000 ( 1)  0.050 +-  0.000
  37 R   1.00000 0.00000 0.00000 ( 1)  0.050 +-  0.000
  38 E   1.00000 0.00000 0.00000 ( 1)  0.050 +-  0.000
  39 L   0.99993 0.00007 0.00000 ( 1)  0.050 +-  0.008
  40 K   1.00000 0.00000 0.00000 ( 1)  0.050 +-  0.000
  41 P   1.00000 0.00000 0.00000 ( 1)  0.050 +-  0.000
  42 A   1.00000 0.00000 0.00000 ( 1)  0.050 +-  0.000
  43 R   1.00000 0.00000 0.00000 ( 1)  0.050 +-  0.000
  44 I   0.00000 0.99989 0.00011 ( 2)  1.000 +-  0.015
  45 Y   1.00000 0.00000 0.00000 ( 1)  0.050 +-  0.000
  46 G   1.00000 0.00000 0.00000 ( 1)  0.050 +-  0.000
  47 T   0.01071 0.98929 0.00000 ( 2)  0.990 +-  0.098
  48 G   1.00000 0.00000 0.00000 ( 1)  0.050 +-  0.000
  49 A   1.00000 0.00000 0.00000 ( 1)  0.050 +-  0.000
  50 L   0.99993 0.00007 0.00000 ( 1)  0.050 +-  0.008
  51 A   0.83573 0.16427 0.00000 ( 1)  0.206 +-  0.352
  52 L   1.00000 0.00000 0.00000 ( 1)  0.050 +-  0.000
  53 Y   1.00000 0.00000 0.00000 ( 1)  0.050 +-  0.000
  54 E   1.00000 0.00000 0.00000 ( 1)  0.050 +-  0.000
  55 K   1.00000 0.00000 0.00000 ( 1)  0.050 +-  0.000
  56 A   1.00000 0.00000 0.00000 ( 1)  0.050 +-  0.000
  57 E   1.00000 0.00000 0.00000 ( 1)  0.050 +-  0.000
  58 I   1.00000 0.00000 0.00000 ( 1)  0.050 +-  0.000
  59 K   1.00000 0.00000 0.00000 ( 1)  0.050 +-  0.000
  60 A   0.00354 0.99646 0.00000 ( 2)  0.997 +-  0.056
  61 P   1.00000 0.00000 0.00000 ( 1)  0.050 +-  0.000
  62 E   1.00000 0.00000 0.00000 ( 1)  0.050 +-  0.000
  63 D   1.00000 0.00000 0.00000 ( 1)  0.050 +-  0.000
  64 R   1.00000 0.00000 0.00000 ( 1)  0.050 +-  0.001
  65 K   1.00000 0.00000 0.00000 ( 1)  0.050 +-  0.000
  66 K   1.00000 0.00000 0.00000 ( 1)  0.050 +-  0.000
  67 H   1.00000 0.00000 0.00000 ( 1)  0.050 +-  0.000
  68 L   1.00000 0.00000 0.00000 ( 1)  0.050 +-  0.000
  69 L   1.00000 0.00000 0.00000 ( 1)  0.050 +-  0.000
  70 I   1.00000 0.00000 0.00000 ( 1)  0.050 +-  0.000
  71 G   1.00000 0.00000 0.00000 ( 1)  0.050 +-  0.000
  72 V   1.00000 0.00000 0.00000 ( 1)  0.050 +-  0.000
  73 S   1.00000 0.00000 0.00000 ( 1)  0.050 +-  0.000
  74 S   1.00000 0.00000 0.00000 ( 1)  0.050 +-  0.000
  75 D   1.00000 0.00000 0.00000 ( 1)  0.050 +-  0.000
  76 R   1.00000 0.00000 0.00000 ( 1)  0.050 +-  0.000
  77 G   1.00000 0.00000 0.00000 ( 1)  0.050 +-  0.000
  78 L   0.99998 0.00002 0.00000 ( 1)  0.050 +-  0.005
  79 C   1.00000 0.00000 0.00000 ( 1)  0.050 +-  0.000
  80 G   1.00000 0.00000 0.00000 ( 1)  0.050 +-  0.000
  81 A   1.00000 0.00000 0.00000 ( 1)  0.050 +-  0.000
  82 I   1.00000 0.00000 0.00000 ( 1)  0.050 +-  0.000
  83 H   1.00000 0.00000 0.00000 ( 1)  0.050 +-  0.000
  84 T   1.00000 0.00000 0.00000 ( 1)  0.050 +-  0.000
  85 S   1.00000 0.00000 0.00000 ( 1)  0.050 +-  0.000
  86 I   0.48169 0.51831 0.00000 ( 2)  0.542 +-  0.475
  87 A   1.00000 0.00000 0.00000 ( 1)  0.050 +-  0.000
  88 K   1.00000 0.00000 0.00000 ( 1)  0.050 +-  0.000
  89 T   1.00000 0.00000 0.00000 ( 1)  0.050 +-  0.000
  90 L   0.00000 0.99928 0.00072 ( 2)  1.001 +-  0.040
  91 K   1.00000 0.00000 0.00000 ( 1)  0.050 +-  0.000
  92 N   0.03886 0.96114 0.00000 ( 2)  0.963 +-  0.184
  93 E   0.99961 0.00039 0.00000 ( 1)  0.050 +-  0.019
  94 I   1.00000 0.00000 0.00000 ( 1)  0.050 +-  0.000
  95 T   0.04746 0.95254 0.00000 ( 2)  0.955 +-  0.202
  96 N   1.00000 0.00000 0.00000 ( 1)  0.050 +-  0.000
  97 L   1.00000 0.00000 0.00000 ( 1)  0.050 +-  0.000
  98 S   0.15229 0.84771 0.00000 ( 2)  0.855 +-  0.341
  99 N   1.00000 0.00000 0.00000 ( 1)  0.050 +-  0.000
 100 A   1.00000 0.00000 0.00000 ( 1)  0.050 +-  0.000
 101 G   1.00000 0.00000 0.00000 ( 1)  0.050 +-  0.000
 102 K   1.00000 0.00000 0.00000 ( 1)  0.050 +-  0.000
 103 E   1.00000 0.00000 0.00000 ( 1)  0.050 +-  0.000
 104 V   1.00000 0.00000 0.00000 ( 1)  0.050 +-  0.000
 105 M   1.00000 0.00000 0.00000 ( 1)  0.050 +-  0.000
 106 V   1.00000 0.00000 0.00000 ( 1)  0.050 +-  0.000
 107 V   1.00000 0.00000 0.00000 ( 1)  0.050 +-  0.000
 108 G   1.00000 0.00000 0.00000 ( 1)  0.050 +-  0.000
 109 V   1.00000 0.00000 0.00000 ( 1)  0.050 +-  0.000
 110 G   1.00000 0.00000 0.00000 ( 1)  0.050 +-  0.000
 111 D   1.00000 0.00000 0.00000 ( 1)  0.050 +-  0.000
 112 K   1.00000 0.00000 0.00000 ( 1)  0.050 +-  0.000
 113 I   1.00000 0.00000 0.00000 ( 1)  0.050 +-  0.000
 114 R   1.00000 0.00000 0.00000 ( 1)  0.050 +-  0.000
 115 G   1.00000 0.00000 0.00000 ( 1)  0.050 +-  0.000
 116 L   1.00000 0.00000 0.00000 ( 1)  0.050 +-  0.002
 117 L   1.00000 0.00000 0.00000 ( 1)  0.050 +-  0.000
 118 Q   1.00000 0.00000 0.00000 ( 1)  0.050 +-  0.000
 119 R   1.00000 0.00000 0.00000 ( 1)  0.050 +-  0.000
 120 T   1.00000 0.00000 0.00000 ( 1)  0.050 +-  0.000
 121 H   1.00000 0.00000 0.00000 ( 1)  0.050 +-  0.000
 122 G   0.00000 1.00000 0.00000 ( 2)  1.000 +-  0.000
 123 N   1.00000 0.00000 0.00000 ( 1)  0.050 +-  0.000
 124 Y   1.00000 0.00000 0.00000 ( 1)  0.050 +-  0.000
 125 F   0.00000 1.00000 0.00000 ( 2)  1.000 +-  0.000
 126 -   0.99850 0.00150 0.00000 ( 1)  0.051 +-  0.037
 127 -   0.00000 0.11560 0.88440 ( 3)  2.327 +-  0.480
 128 -   1.00000 0.00000 0.00000 ( 1)  0.050 +-  0.000
 129 -   1.00000 0.00000 0.00000 ( 1)  0.050 +-  0.000
 130 -   0.99944 0.00056 0.00000 ( 1)  0.051 +-  0.023
 131 P   1.00000 0.00000 0.00000 ( 1)  0.050 +-  0.000
 132 -   1.00000 0.00000 0.00000 ( 1)  0.050 +-  0.000
 133 -   1.00000 0.00000 0.00000 ( 1)  0.050 +-  0.000
 134 -   1.00000 0.00000 0.00000 ( 1)  0.050 +-  0.000
 135 -   1.00000 0.00000 0.00000 ( 1)  0.050 +-  0.000
 136 -   1.00000 0.00000 0.00000 ( 1)  0.050 +-  0.000
 137 *   1.00000 0.00000 0.00000 ( 1)  0.050 +-  0.000
 138 S   1.00000 0.00000 0.00000 ( 1)  0.050 +-  0.000
 139 F   1.00000 0.00000 0.00000 ( 1)  0.050 +-  0.000
 140 G   1.00000 0.00000 0.00000 ( 1)  0.050 +-  0.000
 141 D   1.00000 0.00000 0.00000 ( 1)  0.050 +-  0.000
 142 A   1.00000 0.00000 0.00000 ( 1)  0.050 +-  0.000
 143 S   1.00000 0.00000 0.00000 ( 1)  0.050 +-  0.000
 144 I   0.00000 0.00001 0.99999 ( 3)  2.500 +-  0.021
 145 I   1.00000 0.00000 0.00000 ( 1)  0.050 +-  0.000
 146 A   1.00000 0.00000 0.00000 ( 1)  0.050 +-  0.000
 147 L   0.00000 1.00000 0.00000 ( 2)  1.000 +-  0.001
 148 E   1.00000 0.00000 0.00000 ( 1)  0.050 +-  0.000
 149 L   0.99999 0.00001 0.00000 ( 1)  0.050 +-  0.003
 150 L   1.00000 0.00000 0.00000 ( 1)  0.050 +-  0.000
 151 N   1.00000 0.00000 0.00000 ( 1)  0.050 +-  0.000
 152 S   1.00000 0.00000 0.00000 ( 1)  0.050 +-  0.001
 153 G   1.00000 0.00000 0.00000 ( 1)  0.050 +-  0.000
 154 Y   0.97109 0.02891 0.00000 ( 1)  0.077 +-  0.159
 155 E   1.00000 0.00000 0.00000 ( 1)  0.050 +-  0.000
 156 F   1.00000 0.00000 0.00000 ( 1)  0.050 +-  0.000
 157 D   1.00000 0.00000 0.00000 ( 1)  0.050 +-  0.000
 158 E   0.00018 0.99982 0.00000 ( 2)  1.000 +-  0.013
 159 G   1.00000 0.00000 0.00000 ( 1)  0.050 +-  0.000
 160 S   0.99969 0.00031 0.00000 ( 1)  0.050 +-  0.017
 161 V   1.00000 0.00000 0.00000 ( 1)  0.050 +-  0.000
 162 I   1.00000 0.00000 0.00000 ( 1)  0.050 +-  0.000
 163 Y   0.99977 0.00023 0.00000 ( 1)  0.050 +-  0.014
 164 N   1.00000 0.00000 0.00000 ( 1)  0.050 +-  0.000
 165 R   1.00000 0.00000 0.00000 ( 1)  0.050 +-  0.000
 166 F   1.00000 0.00000 0.00000 ( 1)  0.050 +-  0.000
 167 R   1.00000 0.00000 0.00000 ( 1)  0.050 +-  0.000
 168 S   1.00000 0.00000 0.00000 ( 1)  0.050 +-  0.000
 169 V   1.00000 0.00000 0.00000 ( 1)  0.050 +-  0.000
 170 I   1.00000 0.00000 0.00000 ( 1)  0.050 +-  0.000
 171 S   1.00000 0.00000 0.00000 ( 1)  0.050 +-  0.000
 172 Y   1.00000 0.00000 0.00000 ( 1)  0.050 +-  0.001
 173 K   1.00000 0.00000 0.00000 ( 1)  0.050 +-  0.000
 174 T   1.00000 0.00000 0.00000 ( 1)  0.050 +-  0.000
 175 D   1.00000 0.00000 0.00000 ( 1)  0.050 +-  0.000
 176 E   1.00000 0.00000 0.00000 ( 1)  0.050 +-  0.000
 177 K   1.00000 0.00000 0.00000 ( 1)  0.050 +-  0.000
 178 P   1.00000 0.00000 0.00000 ( 1)  0.050 +-  0.000
 179 I   1.00000 0.00000 0.00000 ( 1)  0.050 +-  0.000
 180 F   1.00000 0.00000 0.00000 ( 1)  0.050 +-  0.000
 181 S   1.00000 0.00000 0.00000 ( 1)  0.050 +-  0.000
 182 F   0.79818 0.20182 0.00000 ( 1)  0.242 +-  0.381
 183 E   1.00000 0.00000 0.00000 ( 1)  0.050 +-  0.000
 184 T   1.00000 0.00000 0.00000 ( 1)  0.050 +-  0.000
 185 V   0.99998 0.00002 0.00000 ( 1)  0.050 +-  0.004
 186 A   0.99997 0.00003 0.00000 ( 1)  0.050 +-  0.006
 187 G   1.00000 0.00000 0.00000 ( 1)  0.050 +-  0.000
 188 S   0.99648 0.00352 0.00000 ( 1)  0.053 +-  0.056
 189 D   1.00000 0.00000 0.00000 ( 1)  0.050 +-  0.000
 190 S   1.00000 0.00000 0.00000 ( 1)  0.050 +-  0.000
 191 L   0.99972 0.00028 0.00000 ( 1)  0.050 +-  0.016
 192 S   1.00000 0.00000 0.00000 ( 1)  0.050 +-  0.000
 193 I   1.00000 0.00000 0.00000 ( 1)  0.050 +-  0.000
 194 Y   1.00000 0.00000 0.00000 ( 1)  0.050 +-  0.000
 195 D   1.00000 0.00000 0.00000 ( 1)  0.050 +-  0.000
 196 D   1.00000 0.00000 0.00000 ( 1)  0.050 +-  0.000
 197 I   0.99724 0.00276 0.00000 ( 1)  0.053 +-  0.050
 198 D   1.00000 0.00000 0.00000 ( 1)  0.050 +-  0.000
 199 A   1.00000 0.00000 0.00000 ( 1)  0.050 +-  0.000
 200 D   1.00000 0.00000 0.00000 ( 1)  0.050 +-  0.000
 201 V   1.00000 0.00000 0.00000 ( 1)  0.050 +-  0.000
 202 L   0.99994 0.00006 0.00000 ( 1)  0.050 +-  0.007
 203 R   1.00000 0.00000 0.00000 ( 1)  0.050 +-  0.000
 204 N   1.00000 0.00000 0.00000 ( 1)  0.050 +-  0.000
 205 Y   1.00000 0.00000 0.00000 ( 1)  0.050 +-  0.001
 206 Q   1.00000 0.00000 0.00000 ( 1)  0.050 +-  0.000
 207 E   1.00000 0.00000 0.00000 ( 1)  0.050 +-  0.000
 208 F   1.00000 0.00000 0.00000 ( 1)  0.050 +-  0.000
 209 T   1.00000 0.00000 0.00000 ( 1)  0.050 +-  0.000
 210 L   1.00000 0.00000 0.00000 ( 1)  0.050 +-  0.001
 211 A   1.00000 0.00000 0.00000 ( 1)  0.050 +-  0.000
 212 N   1.00000 0.00000 0.00000 ( 1)  0.050 +-  0.000
 213 I   1.00000 0.00000 0.00000 ( 1)  0.050 +-  0.000
 214 L   0.99997 0.00003 0.00000 ( 1)  0.050 +-  0.006
 215 Y   1.00000 0.00000 0.00000 ( 1)  0.050 +-  0.001
 216 Y   1.00000 0.00000 0.00000 ( 1)  0.050 +-  0.001
 217 S   1.00000 0.00000 0.00000 ( 1)  0.050 +-  0.000
 218 M   0.99920 0.00080 0.00000 ( 1)  0.051 +-  0.027
 219 K   1.00000 0.00000 0.00000 ( 1)  0.050 +-  0.000
 220 E   1.00000 0.00000 0.00000 ( 1)  0.050 +-  0.000
 221 S   1.00000 0.00000 0.00000 ( 1)  0.050 +-  0.000
 222 T   1.00000 0.00000 0.00000 ( 1)  0.050 +-  0.000
 223 T   1.00000 0.00000 0.00000 ( 1)  0.050 +-  0.000
 224 S   1.00000 0.00000 0.00000 ( 1)  0.050 +-  0.000
 225 E   1.00000 0.00000 0.00000 ( 1)  0.050 +-  0.000
 226 Q   1.00000 0.00000 0.00000 ( 1)  0.050 +-  0.000
 227 S   1.00000 0.00000 0.00000 ( 1)  0.050 +-  0.000
 228 A   1.00000 0.00000 0.00000 ( 1)  0.050 +-  0.000
 229 R   1.00000 0.00000 0.00000 ( 1)  0.050 +-  0.000
 230 M   1.00000 0.00000 0.00000 ( 1)  0.050 +-  0.000
 231 T   1.00000 0.00000 0.00000 ( 1)  0.050 +-  0.000
 232 A   1.00000 0.00000 0.00000 ( 1)  0.050 +-  0.000
 233 M   1.00000 0.00000 0.00000 ( 1)  0.050 +-  0.000
 234 D   1.00000 0.00000 0.00000 ( 1)  0.050 +-  0.000
 235 N   1.00000 0.00000 0.00000 ( 1)  0.050 +-  0.000
 236 A   1.00000 0.00000 0.00000 ( 1)  0.050 +-  0.000
 237 S   1.00000 0.00000 0.00000 ( 1)  0.050 +-  0.000
 238 K   1.00000 0.00000 0.00000 ( 1)  0.050 +-  0.000
 239 N   1.00000 0.00000 0.00000 ( 1)  0.050 +-  0.000
 240 A   1.00000 0.00000 0.00000 ( 1)  0.050 +-  0.000
 241 S   1.00000 0.00000 0.00000 ( 1)  0.050 +-  0.001
 242 E   1.00000 0.00000 0.00000 ( 1)  0.050 +-  0.000
 243 M   1.00000 0.00000 0.00000 ( 1)  0.050 +-  0.000
 244 I   1.00000 0.00000 0.00000 ( 1)  0.050 +-  0.001
 245 D   1.00000 0.00000 0.00000 ( 1)  0.050 +-  0.000
 246 K   1.00000 0.00000 0.00000 ( 1)  0.050 +-  0.000
 247 L   0.99999 0.00001 0.00000 ( 1)  0.050 +-  0.003
 248 T   1.00000 0.00000 0.00000 ( 1)  0.050 +-  0.000
 249 L   1.00000 0.00000 0.00000 ( 1)  0.050 +-  0.002
 250 T   1.00000 0.00000 0.00000 ( 1)  0.050 +-  0.000
 251 F   1.00000 0.00000 0.00000 ( 1)  0.050 +-  0.000
 252 N   1.00000 0.00000 0.00000 ( 1)  0.050 +-  0.000
 253 R   1.00000 0.00000 0.00000 ( 1)  0.050 +-  0.000
 254 T   1.00000 0.00000 0.00000 ( 1)  0.050 +-  0.000
 255 R   1.00000 0.00000 0.00000 ( 1)  0.050 +-  0.000
 256 Q   1.00000 0.00000 0.00000 ( 1)  0.050 +-  0.000
 257 A   1.00000 0.00000 0.00000 ( 1)  0.050 +-  0.000
 258 V   1.00000 0.00000 0.00000 ( 1)  0.050 +-  0.000
 259 I   1.00000 0.00000 0.00000 ( 1)  0.050 +-  0.000
 260 T   1.00000 0.00000 0.00000 ( 1)  0.050 +-  0.000
 261 K   1.00000 0.00000 0.00000 ( 1)  0.050 +-  0.000
 262 E   1.00000 0.00000 0.00000 ( 1)  0.050 +-  0.000
 263 L   1.00000 0.00000 0.00000 ( 1)  0.050 +-  0.000
 264 I   0.99999 0.00001 0.00000 ( 1)  0.050 +-  0.003
 265 E   1.00000 0.00000 0.00000 ( 1)  0.050 +-  0.000
 266 I   1.00000 0.00000 0.00000 ( 1)  0.050 +-  0.000
 267 I   1.00000 0.00000 0.00000 ( 1)  0.050 +-  0.000
 268 S   1.00000 0.00000 0.00000 ( 1)  0.050 +-  0.001
 269 G   1.00000 0.00000 0.00000 ( 1)  0.050 +-  0.000
 270 A   0.68029 0.31971 0.00000 ( 1)  0.354 +-  0.443
 271 A   0.96324 0.03676 0.00000 ( 1)  0.085 +-  0.179
 272 A   0.46936 0.53064 0.00000 ( 2)  0.554 +-  0.474
 273 L   0.97306 0.02693 0.00001 ( 1)  0.076 +-  0.154

Positively selected sites

	Prob(w>1)  mean w

     7 I      1.000**       2.500 +- 0.021
   127 -      0.884         2.327 +- 0.480
   144 I      1.000**       2.500 +- 0.021
