# Extracted from OG0011930_00.rst: BEB section

Bayes Empirical Bayes (BEB) probabilities for 3 classes (class) & postmean_w
(amino acids refer to 1st sequence: Acgen)

   1 A   1.00000 0.00000 0.00000 ( 1)  0.051 +-  0.011
   2 G   0.00460 0.99540 0.00000 ( 2)  0.996 +-  0.058
   3 G   0.88261 0.11739 0.00000 ( 1)  0.163 +-  0.306
   4 E   0.00039 0.99961 0.00000 ( 2)  1.000 +-  0.017
   5 V   1.00000 0.00000 0.00000 ( 1)  0.051 +-  0.011
   6 H   1.00000 0.00000 0.00000 ( 1)  0.051 +-  0.011
   7 I   0.99451 0.00549 0.00000 ( 1)  0.056 +-  0.071
   8 R   0.00000 1.00000 0.00000 ( 2)  1.000 +-  0.000
   9 P   1.00000 0.00000 0.00000 ( 1)  0.051 +-  0.011
  10 R   1.00000 0.00000 0.00000 ( 1)  0.051 +-  0.011
  11 Y   1.00000 0.00000 0.00000 ( 1)  0.051 +-  0.011
  12 R   1.00000 0.00000 0.00000 ( 1)  0.051 +-  0.011
  13 Q   1.00000 0.00000 0.00000 ( 1)  0.051 +-  0.011
  14 F   0.04461 0.95533 0.00006 ( 2)  0.959 +-  0.193
  15 P   1.00000 0.00000 0.00000 ( 1)  0.051 +-  0.011
  16 E   0.99154 0.00846 0.00000 ( 1)  0.059 +-  0.088
  17 L   1.00000 0.00000 0.00000 ( 1)  0.051 +-  0.011
  18 T   1.00000 0.00000 0.00000 ( 1)  0.051 +-  0.011
  19 R   1.00000 0.00000 0.00000 ( 1)  0.051 +-  0.011
  20 A   0.10662 0.89338 0.00000 ( 2)  0.900 +-  0.290
  21 Q   1.00000 0.00000 0.00000 ( 1)  0.051 +-  0.011
  22 V   0.91383 0.08617 0.00000 ( 1)  0.133 +-  0.266
  23 I   0.00000 0.99687 0.00313 ( 2)  1.005 +-  0.084
  24 R   0.01431 0.98569 0.00000 ( 2)  0.988 +-  0.103
  25 S   0.00000 1.00000 0.00000 ( 2)  1.000 +-  0.000
  26 E   1.00000 0.00000 0.00000 ( 1)  0.051 +-  0.011
  27 L   0.00000 0.00000 1.00000 ( 3)  2.996 +-  0.536
  28 L   0.97894 0.02106 0.00000 ( 1)  0.071 +-  0.137
  29 S   0.00930 0.99070 0.00000 ( 2)  0.992 +-  0.082
  30 G   1.00000 0.00000 0.00000 ( 1)  0.051 +-  0.011
  31 F   0.00000 0.26589 0.73411 ( 3)  2.365 +-  0.919
  32 M   1.00000 0.00000 0.00000 ( 1)  0.051 +-  0.011
  33 W   0.99998 0.00002 0.00000 ( 1)  0.051 +-  0.012
  34 F   0.99982 0.00018 0.00000 ( 1)  0.051 +-  0.017
  35 W   0.99998 0.00002 0.00000 ( 1)  0.051 +-  0.012
  36 I   0.99984 0.00016 0.00000 ( 1)  0.051 +-  0.016
  37 F   0.00000 1.00000 0.00000 ( 2)  1.000 +-  0.003
  38 W   0.99998 0.00002 0.00000 ( 1)  0.051 +-  0.012
  39 H   0.01106 0.98894 0.00000 ( 2)  0.991 +-  0.089
  40 F   0.00953 0.99042 0.00005 ( 2)  0.992 +-  0.088
  41 W   0.99925 0.00075 0.00000 ( 1)  0.052 +-  0.028
  42 H   1.00000 0.00000 0.00000 ( 1)  0.051 +-  0.011
  43 S   0.00000 1.00000 0.00000 ( 2)  1.000 +-  0.000
  44 S   0.99925 0.00075 0.00000 ( 1)  0.052 +-  0.028
  45 D   1.00000 0.00000 0.00000 ( 1)  0.051 +-  0.011
  46 A   0.95445 0.04555 0.00000 ( 1)  0.094 +-  0.198
  47 V   1.00000 0.00000 0.00000 ( 1)  0.051 +-  0.011
  48 L   1.00000 0.00000 0.00000 ( 1)  0.051 +-  0.011
  49 G   1.00000 0.00000 0.00000 ( 1)  0.051 +-  0.011
  50 H   1.00000 0.00000 0.00000 ( 1)  0.051 +-  0.011
  51 F   0.99985 0.00015 0.00000 ( 1)  0.051 +-  0.016
  52 P   1.00000 0.00000 0.00000 ( 1)  0.051 +-  0.011
  53 Y   1.00000 0.00000 0.00000 ( 1)  0.051 +-  0.011
  54 P   1.00000 0.00000 0.00000 ( 1)  0.051 +-  0.011
  55 D   1.00000 0.00000 0.00000 ( 1)  0.051 +-  0.011
  56 P   0.00000 1.00000 0.00000 ( 2)  1.000 +-  0.001
  57 S   0.03036 0.96964 0.00000 ( 2)  0.972 +-  0.157
  58 A   1.00000 0.00000 0.00000 ( 1)  0.051 +-  0.011
  59 W   0.99998 0.00002 0.00000 ( 1)  0.051 +-  0.012
  60 T   1.00000 0.00000 0.00000 ( 1)  0.051 +-  0.011
  61 D   1.00000 0.00000 0.00000 ( 1)  0.051 +-  0.011
  62 E   0.99992 0.00008 0.00000 ( 1)  0.051 +-  0.014
  63 E   1.00000 0.00000 0.00000 ( 1)  0.051 +-  0.011
  64 L   1.00000 0.00000 0.00000 ( 1)  0.051 +-  0.011
  65 G   1.00000 0.00000 0.00000 ( 1)  0.051 +-  0.011
  66 I   0.99999 0.00001 0.00000 ( 1)  0.051 +-  0.011
  67 P   1.00000 0.00000 0.00000 ( 1)  0.051 +-  0.011
  68 P   1.00000 0.00000 0.00000 ( 1)  0.051 +-  0.011
  69 D   1.00000 0.00000 0.00000 ( 1)  0.051 +-  0.011
  70 D   1.00000 0.00000 0.00000 ( 1)  0.051 +-  0.011
  71 A   0.00386 0.99614 0.00000 ( 2)  0.997 +-  0.053
  72 E   1.00000 0.00000 0.00000 ( 1)  0.051 +-  0.011

Positively selected sites

	Prob(w>1)  mean w

    27 L      1.000**       2.996 +- 0.536
    31 F      0.734         2.365 +- 0.919
