# Extracted from OG0003150_00.rst: BEB section

Bayes Empirical Bayes (BEB) probabilities for 3 classes (class) & postmean_w
(amino acids refer to 1st sequence: Acchl)

   1 -   0.00000 1.00000 0.00000 ( 2)  1.000 +-  0.000
   2 -   0.00000 0.00000 1.00000 ( 3)  4.904 +-  0.491
   3 M   0.00000 0.00000 1.00000 ( 3)  4.904 +-  0.491
   4 F   0.00000 0.00000 1.00000 ( 3)  4.904 +-  0.491
   5 S   0.00000 0.00000 1.00000 ( 3)  4.904 +-  0.491
   6 V   0.00000 0.00000 1.00000 ( 3)  4.904 +-  0.491
   7 Q   0.00000 0.00001 0.99999 ( 3)  4.904 +-  0.491
   8 T   1.00000 0.00000 0.00000 ( 1)  0.050 +-  0.002
   9 T   1.00000 0.00000 0.00000 ( 1)  0.050 +-  0.001
  10 G   1.00000 0.00000 0.00000 ( 1)  0.050 +-  0.001
  11 L   1.00000 0.00000 0.00000 ( 1)  0.050 +-  0.001
  12 V   1.00000 0.00000 0.00000 ( 1)  0.050 +-  0.001
  13 G   1.00000 0.00000 0.00000 ( 1)  0.050 +-  0.001
  14 L   1.00000 0.00000 0.00000 ( 1)  0.050 +-  0.001
  15 T   1.00000 0.00000 0.00000 ( 1)  0.050 +-  0.001
  16 V   1.00000 0.00000 0.00000 ( 1)  0.050 +-  0.001
  17 V   0.00000 1.00000 0.00000 ( 2)  1.000 +-  0.000
  18 E   0.60082 0.39918 0.00000 ( 1)  0.429 +-  0.465
  19 N   1.00000 0.00000 0.00000 ( 1)  0.050 +-  0.001
  20 P   1.00000 0.00000 0.00000 ( 1)  0.050 +-  0.001
  21 H   1.00000 0.00000 0.00000 ( 1)  0.050 +-  0.001
  22 E   1.00000 0.00000 0.00000 ( 1)  0.050 +-  0.001
  23 R   1.00000 0.00000 0.00000 ( 1)  0.050 +-  0.001
  24 L   0.99986 0.00014 0.00000 ( 1)  0.050 +-  0.011
  25 R   1.00000 0.00000 0.00000 ( 1)  0.050 +-  0.001
  26 I   0.99996 0.00004 0.00000 ( 1)  0.050 +-  0.006
  27 L   0.99881 0.00119 0.00000 ( 1)  0.051 +-  0.033
  28 Y   1.00000 0.00000 0.00000 ( 1)  0.050 +-  0.001
  29 S   1.00000 0.00000 0.00000 ( 1)  0.050 +-  0.001
  30 K   1.00000 0.00000 0.00000 ( 1)  0.050 +-  0.001
  31 I   1.00000 0.00000 0.00000 ( 1)  0.050 +-  0.001
  32 L   1.00000 0.00000 0.00000 ( 1)  0.050 +-  0.001
  33 S   0.00000 1.00000 0.00000 ( 2)  1.000 +-  0.000
  34 V   0.99985 0.00015 0.00000 ( 1)  0.050 +-  0.012
  35 L   0.99993 0.00007 0.00000 ( 1)  0.050 +-  0.008
  36 Q   0.99787 0.00213 0.00000 ( 1)  0.052 +-  0.044
  37 N   0.00000 1.00000 0.00000 ( 2)  1.000 +-  0.000
  38 I   0.99995 0.00005 0.00000 ( 1)  0.050 +-  0.006
  39 P   1.00000 0.00000 0.00000 ( 1)  0.050 +-  0.001
  40 K   0.00000 1.00000 0.00000 ( 2)  1.000 +-  0.001
  41 D   1.00000 0.00000 0.00000 ( 1)  0.050 +-  0.001
  42 A   1.00000 0.00000 0.00000 ( 1)  0.050 +-  0.001
  43 A   1.00000 0.00000 0.00000 ( 1)  0.050 +-  0.001
  44 Y   1.00000 0.00000 0.00000 ( 1)  0.050 +-  0.001
  45 R   1.00000 0.00000 0.00000 ( 1)  0.050 +-  0.001
  46 K   1.00000 0.00000 0.00000 ( 1)  0.050 +-  0.002
  47 Y   1.00000 0.00000 0.00000 ( 1)  0.050 +-  0.001
  48 T   1.00000 0.00000 0.00000 ( 1)  0.050 +-  0.001
  49 E   1.00000 0.00000 0.00000 ( 1)  0.050 +-  0.001
  50 Q   0.23840 0.76160 0.00000 ( 2)  0.774 +-  0.405
  51 I   1.00000 0.00000 0.00000 ( 1)  0.050 +-  0.001
  52 V   0.07341 0.92659 0.00000 ( 2)  0.930 +-  0.248
  53 N   1.00000 0.00000 0.00000 ( 1)  0.050 +-  0.002
  54 E   0.99977 0.00023 0.00000 ( 1)  0.050 +-  0.014
  55 R   1.00000 0.00000 0.00000 ( 1)  0.050 +-  0.001
  56 M   0.11863 0.88137 0.00000 ( 2)  0.887 +-  0.307
  57 N   0.89870 0.10130 0.00000 ( 1)  0.146 +-  0.287
  58 L   1.00000 0.00000 0.00000 ( 1)  0.050 +-  0.001
  59 V   1.00000 0.00000 0.00000 ( 1)  0.050 +-  0.001
  60 K   0.83976 0.16024 0.00000 ( 1)  0.202 +-  0.348
  61 K   0.99730 0.00270 0.00000 ( 1)  0.053 +-  0.049
  62 E   1.00000 0.00000 0.00000 ( 1)  0.050 +-  0.001
  63 N   0.00000 1.00000 0.00000 ( 2)  1.000 +-  0.000
  64 D   1.00000 0.00000 0.00000 ( 1)  0.050 +-  0.001
  65 V   1.00000 0.00000 0.00000 ( 1)  0.050 +-  0.001
  66 Q   0.99049 0.00951 0.00000 ( 1)  0.059 +-  0.092
  67 K   1.00000 0.00000 0.00000 ( 1)  0.050 +-  0.001
  68 L   1.00000 0.00000 0.00000 ( 1)  0.050 +-  0.001
  69 Q   0.00013 0.99987 0.00000 ( 2)  1.000 +-  0.011
  70 D   0.99998 0.00002 0.00000 ( 1)  0.050 +-  0.004
  71 K   1.00000 0.00000 0.00000 ( 1)  0.050 +-  0.001
  72 L   0.99986 0.00014 0.00000 ( 1)  0.050 +-  0.011
  73 N   1.00000 0.00000 0.00000 ( 1)  0.050 +-  0.001
  74 S   1.00000 0.00000 0.00000 ( 1)  0.050 +-  0.002
  75 G   1.00000 0.00000 0.00000 ( 1)  0.050 +-  0.001
  76 V   0.00000 1.00000 0.00000 ( 2)  1.000 +-  0.000
  77 I   1.00000 0.00000 0.00000 ( 1)  0.050 +-  0.001
  78 E   1.00000 0.00000 0.00000 ( 1)  0.050 +-  0.001
  79 E   1.00000 0.00000 0.00000 ( 1)  0.050 +-  0.001
  80 V   1.00000 0.00000 0.00000 ( 1)  0.050 +-  0.001
  81 I   1.00000 0.00000 0.00000 ( 1)  0.050 +-  0.001
  82 V   0.00000 1.00000 0.00000 ( 2)  1.000 +-  0.000
  83 Q   0.99998 0.00002 0.00000 ( 1)  0.050 +-  0.004
  84 A   1.00000 0.00000 0.00000 ( 1)  0.050 +-  0.001
  85 E   1.00000 0.00000 0.00000 ( 1)  0.050 +-  0.001
  86 N   0.00263 0.99737 0.00000 ( 2)  0.998 +-  0.049
  87 E   1.00000 0.00000 0.00000 ( 1)  0.050 +-  0.001
  88 L   1.00000 0.00000 0.00000 ( 1)  0.050 +-  0.001
  89 S   1.00000 0.00000 0.00000 ( 1)  0.050 +-  0.001
  90 L   0.99992 0.00008 0.00000 ( 1)  0.050 +-  0.008
  91 A   1.00000 0.00000 0.00000 ( 1)  0.050 +-  0.001
  92 R   1.00000 0.00000 0.00000 ( 1)  0.050 +-  0.001
  93 K   0.99635 0.00365 0.00000 ( 1)  0.053 +-  0.057
  94 M   1.00000 0.00000 0.00000 ( 1)  0.050 +-  0.001
  95 V   0.00000 1.00000 0.00000 ( 2)  1.000 +-  0.000
  96 Q   0.99998 0.00002 0.00000 ( 1)  0.050 +-  0.004
  97 W   0.99967 0.00033 0.00000 ( 1)  0.050 +-  0.017
  98 K   1.00000 0.00000 0.00000 ( 1)  0.050 +-  0.001
  99 P   1.00000 0.00000 0.00000 ( 1)  0.050 +-  0.001
 100 W   0.99967 0.00033 0.00000 ( 1)  0.050 +-  0.017
 101 E   1.00000 0.00000 0.00000 ( 1)  0.050 +-  0.001
 102 P   1.00000 0.00000 0.00000 ( 1)  0.050 +-  0.001
 103 L   1.00000 0.00000 0.00000 ( 1)  0.050 +-  0.001
 104 V   1.00000 0.00000 0.00000 ( 1)  0.050 +-  0.001
 105 E   1.00000 0.00000 0.00000 ( 1)  0.050 +-  0.001
 106 E   1.00000 0.00000 0.00000 ( 1)  0.050 +-  0.001
 107 P   1.00000 0.00000 0.00000 ( 1)  0.050 +-  0.001
 108 P   1.00000 0.00000 0.00000 ( 1)  0.050 +-  0.001
 109 S   1.00000 0.00000 0.00000 ( 1)  0.050 +-  0.001
 110 D   0.24332 0.75668 0.00000 ( 2)  0.769 +-  0.408
 111 Q   0.99998 0.00002 0.00000 ( 1)  0.050 +-  0.004
 112 W   0.99967 0.00033 0.00000 ( 1)  0.050 +-  0.017
 113 R   1.00000 0.00000 0.00000 ( 1)  0.050 +-  0.001
 114 W   0.99967 0.00033 0.00000 ( 1)  0.050 +-  0.017
 115 P   1.00000 0.00000 0.00000 ( 1)  0.050 +-  0.001
 116 I   0.06372 0.93628 0.00000 ( 2)  0.939 +-  0.232

Positively selected sites

	Prob(w>1)  mean w

     2 -      1.000**       4.904 +- 0.491
     3 M      1.000**       4.904 +- 0.491
     4 F      1.000**       4.904 +- 0.491
     5 S      1.000**       4.904 +- 0.491
     6 V      1.000**       4.904 +- 0.491
     7 Q      1.000**       4.904 +- 0.491
