# Extracted from OG0010669_00.rst: NEB section

Naive Empirical Bayes (NEB) probabilities for 2 classes & postmean_w
(amino acids refer to 1st sequence: Acchl)

   1 M   1.00000 0.00000 ( 1)  0.103
   2 V   0.99932 0.00068 ( 1)  0.104
   3 N   1.00000 0.00000 ( 1)  0.103
   4 F   0.96415 0.03585 ( 1)  0.136
   5 A   0.00000 1.00000 ( 2)  1.000
   6 Q   1.00000 0.00000 ( 1)  0.103
   7 A   1.00000 0.00000 ( 1)  0.103
   8 V   0.14703 0.85297 ( 2)  0.868
   9 R   1.00000 0.00000 ( 1)  0.103
  10 E   0.00000 1.00000 ( 2)  1.000
  11 H   0.99979 0.00021 ( 1)  0.104
  12 W   0.99983 0.00017 ( 1)  0.104
  13 V   0.99979 0.00021 ( 1)  0.104
  14 H   0.99977 0.00023 ( 1)  0.104
  15 I   1.00000 0.00000 ( 1)  0.103
  16 F   0.99977 0.00023 ( 1)  0.104
  17 V   1.00000 0.00000 ( 1)  0.103
  18 P   1.00000 0.00000 ( 1)  0.103
  19 L   0.99820 0.00180 ( 1)  0.105
  20 G   1.00000 0.00000 ( 1)  0.103
  21 F   1.00000 0.00000 ( 1)  0.103
  22 V   0.99999 0.00001 ( 1)  0.103
  23 I   0.00411 0.99589 ( 2)  0.996
  24 G   1.00000 0.00000 ( 1)  0.103
  25 C   1.00000 0.00000 ( 1)  0.103
  26 Y   1.00000 0.00000 ( 1)  0.103
  27 L   0.00447 0.99553 ( 2)  0.996
  28 D   1.00000 0.00000 ( 1)  0.103
  29 R   1.00000 0.00000 ( 1)  0.103
  30 W   0.00000 1.00000 ( 2)  1.000
  31 N   1.00000 0.00000 ( 1)  0.103
  32 D   1.00000 0.00000 ( 1)  0.103
  33 E   1.00000 0.00000 ( 1)  0.103
  34 K   0.00000 1.00000 ( 2)  1.000
  35 L   0.29107 0.70893 ( 2)  0.739
  36 S   0.99999 0.00001 ( 1)  0.103
  37 A   0.00000 1.00000 ( 2)  1.000
  38 F   1.00000 0.00000 ( 1)  0.103
  39 R   1.00000 0.00000 ( 1)  0.103
  40 N   1.00000 0.00000 ( 1)  0.103
  41 K   1.00000 0.00000 ( 1)  0.103
  42 S   1.00000 0.00000 ( 1)  0.103
  43 L   0.00000 1.00000 ( 2)  1.000
  44 L   0.99998 0.00002 ( 1)  0.103
  45 Y   1.00000 0.00000 ( 1)  0.103
  46 R   0.00004 0.99996 ( 2)  1.000
  47 R   1.00000 0.00000 ( 1)  0.103
  48 E   0.00000 1.00000 ( 2)  1.000
  49 L   0.98105 0.01895 ( 1)  0.120
  50 K   0.01884 0.98116 ( 2)  0.983
  51 P   1.00000 0.00000 ( 1)  0.103
  52 G   0.99999 0.00001 ( 1)  0.103
  53 E   0.87784 0.12216 ( 1)  0.213
  54 E   0.76117 0.23883 ( 1)  0.318
  55 V   0.00000 1.00000 ( 2)  1.000
  56 T   0.51826 0.48174 ( 1)  0.535
  57 W   0.36371 0.63629 ( 2)  0.674
  58 K   0.14224 0.85776 ( 2)  0.872
