# Extracted from OG0000416_02.rst: BEB section

Bayes Empirical Bayes (BEB) probabilities for 3 classes (class) & postmean_w
(amino acids refer to 1st sequence: Acchl)

   1 W   0.00000 0.00004 0.99996 ( 3)  4.367 +-  1.062
   2 N   0.00000 0.95022 0.04978 ( 2)  1.080 +-  0.356
   3 G   0.00000 0.00000 1.00000 ( 3)  4.368 +-  1.062
   4 C   0.00000 0.79788 0.20212 ( 2)  1.362 +-  0.752
   5 D   0.00000 0.00000 1.00000 ( 3)  4.368 +-  1.062
   6 Q   0.00000 0.86576 0.13424 ( 2)  1.215 +-  0.560
   7 -   0.00001 0.99924 0.00076 ( 2)  1.001 +-  0.041
   8 -   0.00000 0.18684 0.81316 ( 3)  3.600 +-  1.554
   9 -   0.00000 0.93011 0.06989 ( 2)  1.105 +-  0.384
  10 -   0.00000 0.83076 0.16924 ( 2)  1.361 +-  0.871
  11 -   0.00000 0.97516 0.02484 ( 2)  1.037 +-  0.235
  12 S   0.00000 0.96329 0.03671 ( 2)  1.056 +-  0.288
  13 L   0.00016 0.83759 0.16225 ( 2)  1.386 +-  0.962
  14 I   0.99998 0.00002 0.00000 ( 1)  0.050 +-  0.004
  15 R   0.99967 0.00033 0.00000 ( 1)  0.050 +-  0.017
  16 A   0.00000 0.99664 0.00336 ( 2)  1.005 +-  0.088
  17 G   1.00000 0.00000 0.00000 ( 1)  0.050 +-  0.002
  18 S   0.99910 0.00090 0.00000 ( 1)  0.051 +-  0.028
  19 R   0.96752 0.03248 0.00000 ( 1)  0.081 +-  0.168
  20 V   0.00000 0.72622 0.27378 ( 2)  1.538 +-  0.920
  21 L   0.96422 0.03578 0.00000 ( 1)  0.084 +-  0.176
  22 Y   0.99999 0.00001 0.00000 ( 1)  0.050 +-  0.003
  23 R   1.00000 0.00000 0.00000 ( 1)  0.050 +-  0.002
  24 P   1.00000 0.00000 0.00000 ( 1)  0.050 +-  0.000
  25 I   0.00000 0.99969 0.00031 ( 2)  1.000 +-  0.027
  26 S   0.98636 0.01364 0.00000 ( 1)  0.063 +-  0.110
  27 A   0.99996 0.00004 0.00000 ( 1)  0.050 +-  0.006
  28 S   0.99986 0.00014 0.00000 ( 1)  0.050 +-  0.011
  29 V   0.00242 0.99758 0.00000 ( 2)  0.998 +-  0.047
  30 L   0.82347 0.17653 0.00000 ( 1)  0.218 +-  0.362
  31 S   0.99986 0.00014 0.00000 ( 1)  0.050 +-  0.011
  32 R   1.00000 0.00000 0.00000 ( 1)  0.050 +-  0.001
  33 P   1.00000 0.00000 0.00000 ( 1)  0.050 +-  0.001
  34 E   1.00000 0.00000 0.00000 ( 1)  0.050 +-  0.001
  35 V   0.15862 0.84138 0.00000 ( 2)  0.849 +-  0.347
  36 K   0.99850 0.00150 0.00000 ( 1)  0.051 +-  0.037
  37 N   0.80724 0.19276 0.00000 ( 1)  0.233 +-  0.375
  38 G   1.00000 0.00000 0.00000 ( 1)  0.050 +-  0.002
  39 E   1.00000 0.00000 0.00000 ( 1)  0.050 +-  0.000
  40 G   1.00000 0.00000 0.00000 ( 1)  0.050 +-  0.000
  41 N   0.00003 0.99997 0.00000 ( 2)  1.000 +-  0.006
  42 S   0.98584 0.01416 0.00000 ( 1)  0.063 +-  0.112
  43 T   0.00000 0.99968 0.00032 ( 2)  1.000 +-  0.027
  44 V   0.33764 0.66236 0.00000 ( 2)  0.679 +-  0.449
  45 N   0.00000 0.99900 0.00100 ( 2)  1.001 +-  0.047
  46 G   0.99866 0.00134 0.00000 ( 1)  0.051 +-  0.035
  47 A   0.00689 0.99164 0.00147 ( 2)  0.996 +-  0.098
  48 Q   0.99506 0.00494 0.00000 ( 1)  0.055 +-  0.067
  49 N   0.79859 0.20141 0.00000 ( 1)  0.241 +-  0.381
  50 T   0.99996 0.00004 0.00000 ( 1)  0.050 +-  0.006
  51 V   1.00000 0.00000 0.00000 ( 1)  0.050 +-  0.001
  52 S   0.99982 0.00018 0.00000 ( 1)  0.050 +-  0.013
  53 R   0.00000 0.84365 0.15635 ( 2)  1.247 +-  0.585
  54 L   0.00091 0.99839 0.00070 ( 2)  1.000 +-  0.049
  55 A   0.99992 0.00008 0.00000 ( 1)  0.050 +-  0.009
  56 L   0.99996 0.00004 0.00000 ( 1)  0.050 +-  0.006
  57 R   1.00000 0.00000 0.00000 ( 1)  0.050 +-  0.002
  58 E   0.99999 0.00001 0.00000 ( 1)  0.050 +-  0.003
  59 F   0.99312 0.00688 0.00000 ( 1)  0.057 +-  0.079
  60 Q   0.99780 0.00220 0.00000 ( 1)  0.052 +-  0.045
  61 T   1.00000 0.00000 0.00000 ( 1)  0.050 +-  0.000
  62 S   1.00000 0.00000 0.00000 ( 1)  0.050 +-  0.000
  63 A   0.99972 0.00028 0.00000 ( 1)  0.050 +-  0.016
  64 I   0.00000 0.99045 0.00955 ( 2)  1.014 +-  0.146
  65 S   1.00000 0.00000 0.00000 ( 1)  0.050 +-  0.001
  66 R   1.00000 0.00000 0.00000 ( 1)  0.050 +-  0.001
  67 D   1.00000 0.00000 0.00000 ( 1)  0.050 +-  0.000
  68 I   0.99998 0.00002 0.00000 ( 1)  0.050 +-  0.004
  69 D   1.00000 0.00000 0.00000 ( 1)  0.050 +-  0.000
  70 T   1.00000 0.00000 0.00000 ( 1)  0.050 +-  0.000
  71 A   0.99972 0.00028 0.00000 ( 1)  0.050 +-  0.016
  72 A   0.99909 0.00091 0.00000 ( 1)  0.051 +-  0.029
  73 K   1.00000 0.00000 0.00000 ( 1)  0.050 +-  0.000
  74 F   1.00000 0.00000 0.00000 ( 1)  0.050 +-  0.001
  75 I   0.99998 0.00002 0.00000 ( 1)  0.050 +-  0.004
  76 G   0.99865 0.00135 0.00000 ( 1)  0.051 +-  0.035
  77 A   0.99971 0.00029 0.00000 ( 1)  0.050 +-  0.016
  78 G   0.99961 0.00039 0.00000 ( 1)  0.050 +-  0.019
  79 A   0.99998 0.00002 0.00000 ( 1)  0.050 +-  0.004
  80 A   0.99904 0.00096 0.00000 ( 1)  0.051 +-  0.029
  81 T   0.99999 0.00001 0.00000 ( 1)  0.050 +-  0.004
  82 V   1.00000 0.00000 0.00000 ( 1)  0.050 +-  0.001
  83 G   0.99906 0.00094 0.00000 ( 1)  0.051 +-  0.029
  84 V   1.00000 0.00000 0.00000 ( 1)  0.050 +-  0.001
  85 A   0.99970 0.00030 0.00000 ( 1)  0.050 +-  0.016
  86 G   0.99900 0.00100 0.00000 ( 1)  0.051 +-  0.030
  87 S   0.99986 0.00014 0.00000 ( 1)  0.050 +-  0.011
  88 G   0.99868 0.00132 0.00000 ( 1)  0.051 +-  0.035
  89 A   0.99975 0.00025 0.00000 ( 1)  0.050 +-  0.015
  90 G   0.99921 0.00079 0.00000 ( 1)  0.051 +-  0.027
  91 I   0.99998 0.00002 0.00000 ( 1)  0.050 +-  0.004
  92 G   1.00000 0.00000 0.00000 ( 1)  0.050 +-  0.002
  93 T   1.00000 0.00000 0.00000 ( 1)  0.050 +-  0.001
  94 V   1.00000 0.00000 0.00000 ( 1)  0.050 +-  0.000
  95 F   0.99967 0.00033 0.00000 ( 1)  0.050 +-  0.017
  96 G   0.99873 0.00127 0.00000 ( 1)  0.051 +-  0.034
  97 S   1.00000 0.00000 0.00000 ( 1)  0.050 +-  0.000
  98 L   0.99914 0.00086 0.00000 ( 1)  0.051 +-  0.028
  99 I   0.99998 0.00002 0.00000 ( 1)  0.050 +-  0.004
 100 I   0.99998 0.00002 0.00000 ( 1)  0.050 +-  0.004
 101 G   0.99964 0.00036 0.00000 ( 1)  0.050 +-  0.018
 102 Y   0.99996 0.00004 0.00000 ( 1)  0.050 +-  0.006
 103 A   0.99910 0.00090 0.00000 ( 1)  0.051 +-  0.028
 104 R   1.00000 0.00000 0.00000 ( 1)  0.050 +-  0.002
 105 N   1.00000 0.00000 0.00000 ( 1)  0.050 +-  0.002
 106 P   1.00000 0.00000 0.00000 ( 1)  0.050 +-  0.000
 107 S   0.99987 0.00013 0.00000 ( 1)  0.050 +-  0.011
 108 L   0.98630 0.01368 0.00002 ( 1)  0.063 +-  0.111
 109 K   1.00000 0.00000 0.00000 ( 1)  0.050 +-  0.000
 110 Q   0.99755 0.00245 0.00000 ( 1)  0.052 +-  0.047
 111 Q   0.99752 0.00248 0.00000 ( 1)  0.052 +-  0.047
 112 L   0.98649 0.01349 0.00002 ( 1)  0.063 +-  0.110
 113 F   0.99962 0.00038 0.00000 ( 1)  0.050 +-  0.019
 114 S   0.99894 0.00106 0.00000 ( 1)  0.051 +-  0.031
 115 Y   0.99997 0.00003 0.00000 ( 1)  0.050 +-  0.005
 116 A   0.99973 0.00027 0.00000 ( 1)  0.050 +-  0.016
 117 I   0.99998 0.00002 0.00000 ( 1)  0.050 +-  0.004
 118 L   0.98716 0.01282 0.00002 ( 1)  0.062 +-  0.107
 119 G   1.00000 0.00000 0.00000 ( 1)  0.050 +-  0.002
 120 F   0.99977 0.00023 0.00000 ( 1)  0.050 +-  0.014
 121 A   0.99907 0.00093 0.00000 ( 1)  0.051 +-  0.029
 122 L   0.98820 0.01179 0.00001 ( 1)  0.061 +-  0.103
 123 S   0.99987 0.00013 0.00000 ( 1)  0.050 +-  0.011
 124 E   1.00000 0.00000 0.00000 ( 1)  0.050 +-  0.000
 125 A   0.99971 0.00029 0.00000 ( 1)  0.050 +-  0.016
 126 M   1.00000 0.00000 0.00000 ( 1)  0.050 +-  0.001
 127 G   0.99861 0.00139 0.00000 ( 1)  0.051 +-  0.035
 128 L   1.00000 0.00000 0.00000 ( 1)  0.050 +-  0.001
 129 F   0.99962 0.00038 0.00000 ( 1)  0.050 +-  0.019
 130 C   1.00000 0.00000 0.00000 ( 1)  0.050 +-  0.000
 131 L   0.98668 0.01330 0.00002 ( 1)  0.063 +-  0.109
 132 M   1.00000 0.00000 0.00000 ( 1)  0.050 +-  0.001
 133 V   1.00000 0.00000 0.00000 ( 1)  0.050 +-  0.000
 134 A   0.99977 0.00023 0.00000 ( 1)  0.050 +-  0.015
 135 F   0.99962 0.00038 0.00000 ( 1)  0.050 +-  0.019
 136 L   0.99989 0.00011 0.00000 ( 1)  0.050 +-  0.010
 137 I   0.99998 0.00002 0.00000 ( 1)  0.050 +-  0.004
 138 L   0.99853 0.00147 0.00000 ( 1)  0.051 +-  0.036
 139 F   1.00000 0.00000 0.00000 ( 1)  0.050 +-  0.000
 140 A   0.99902 0.00098 0.00000 ( 1)  0.051 +-  0.030
 141 M   1.00000 0.00000 0.00000 ( 1)  0.050 +-  0.001

Positively selected sites

	Prob(w>1)  mean w

     1 W      1.000**       4.367 +- 1.062
     3 G      1.000**       4.368 +- 1.062
     5 D      1.000**       4.368 +- 1.062
     8 -      0.813         3.600 +- 1.554
