# Extracted from OG0004245_00.rst: BEB section

Bayes Empirical Bayes (BEB) probabilities for 3 classes (class) & postmean_w
(amino acids refer to 1st sequence: Acchl)

   1 M   1.00000 0.00000 0.00000 ( 1)  0.150 +-  0.000
   2 A   1.00000 0.00000 0.00000 ( 1)  0.150 +-  0.000
   3 G   1.00000 0.00000 0.00000 ( 1)  0.150 +-  0.000
   4 R   1.00000 0.00000 0.00000 ( 1)  0.150 +-  0.000
   5 R   0.04342 0.95658 0.00000 ( 2)  0.963 +-  0.173
   6 A   0.83050 0.16947 0.00003 ( 1)  0.294 +-  0.319
   7 A   0.99997 0.00003 0.00000 ( 1)  0.150 +-  0.004
   8 I   0.00597 0.99403 0.00000 ( 2)  0.995 +-  0.065
   9 K   0.99996 0.00004 0.00000 ( 1)  0.150 +-  0.006
  10 A   0.99999 0.00001 0.00000 ( 1)  0.150 +-  0.002
  11 I   0.78431 0.21569 0.00000 ( 1)  0.333 +-  0.350
  12 D   1.00000 0.00000 0.00000 ( 1)  0.150 +-  0.000
  13 W   0.99999 0.00001 0.00000 ( 1)  0.150 +-  0.002
  14 A   1.00000 0.00000 0.00000 ( 1)  0.150 +-  0.000
  15 A   0.99997 0.00003 0.00000 ( 1)  0.150 +-  0.005
  16 F   1.00000 0.00000 0.00000 ( 1)  0.150 +-  0.001
  17 A   0.98102 0.01898 0.00000 ( 1)  0.166 +-  0.116
  18 E   1.00000 0.00000 0.00000 ( 1)  0.150 +-  0.000
  19 R   1.00000 0.00000 0.00000 ( 1)  0.150 +-  0.000
  20 V   1.00000 0.00000 0.00000 ( 1)  0.150 +-  0.000
  21 P   1.00000 0.00000 0.00000 ( 1)  0.150 +-  0.000
  22 P   0.00000 0.99957 0.00043 ( 2)  1.000 +-  0.010
  23 N   0.00051 0.99949 0.00000 ( 2)  1.000 +-  0.019
  24 Q   1.00000 0.00000 0.00000 ( 1)  0.150 +-  0.000
  25 R   0.99998 0.00002 0.00000 ( 1)  0.150 +-  0.004
  26 A   0.32963 0.67003 0.00035 ( 2)  0.720 +-  0.400
  27 M   1.00000 0.00000 0.00000 ( 1)  0.150 +-  0.000
  28 F   0.99486 0.00514 0.00000 ( 1)  0.154 +-  0.061
  29 N   1.00000 0.00000 0.00000 ( 1)  0.150 +-  0.000
  30 A   1.00000 0.00000 0.00000 ( 1)  0.150 +-  0.000
  31 L   1.00000 0.00000 0.00000 ( 1)  0.150 +-  0.000
  32 K   1.00000 0.00000 0.00000 ( 1)  0.150 +-  0.000
  33 T   1.00000 0.00000 0.00000 ( 1)  0.150 +-  0.000
  34 R   1.00000 0.00000 0.00000 ( 1)  0.150 +-  0.000
  35 S   1.00000 0.00000 0.00000 ( 1)  0.150 +-  0.002
  36 D   1.00000 0.00000 0.00000 ( 1)  0.150 +-  0.000
  37 A   1.00000 0.00000 0.00000 ( 1)  0.150 +-  0.001
  38 L   1.00000 0.00000 0.00000 ( 1)  0.150 +-  0.000
  39 S   1.00000 0.00000 0.00000 ( 1)  0.150 +-  0.000
  40 A   0.90518 0.09481 0.00001 ( 1)  0.231 +-  0.249
  41 R   1.00000 0.00000 0.00000 ( 1)  0.150 +-  0.000
  42 L   1.00000 0.00000 0.00000 ( 1)  0.150 +-  0.001
  43 A   0.99823 0.00177 0.00000 ( 1)  0.152 +-  0.036
  44 T   0.00000 0.99956 0.00044 ( 2)  1.000 +-  0.011
  45 L   1.00000 0.00000 0.00000 ( 1)  0.150 +-  0.001
  46 P   1.00000 0.00000 0.00000 ( 1)  0.150 +-  0.000
  47 E   1.00000 0.00000 0.00000 ( 1)  0.150 +-  0.000
  48 K   1.00000 0.00000 0.00000 ( 1)  0.150 +-  0.000
  49 P   1.00000 0.00000 0.00000 ( 1)  0.150 +-  0.000
  50 P   1.00000 0.00000 0.00000 ( 1)  0.150 +-  0.000
  51 A   0.00000 0.60646 0.39354 ( 2)  1.547 +-  0.707
  52 I   1.00000 0.00000 0.00000 ( 1)  0.150 +-  0.000
  53 D   1.00000 0.00000 0.00000 ( 1)  0.150 +-  0.000
  54 W   0.99999 0.00001 0.00000 ( 1)  0.150 +-  0.002
  55 A   0.99739 0.00261 0.00000 ( 1)  0.152 +-  0.043
  56 Y   0.09405 0.90595 0.00000 ( 2)  0.920 +-  0.248
  57 Y   1.00000 0.00000 0.00000 ( 1)  0.150 +-  0.000
  58 K   1.00000 0.00000 0.00000 ( 1)  0.150 +-  0.000
  59 A   0.00021 0.99904 0.00075 ( 2)  1.000 +-  0.019
  60 T   0.00000 0.99991 0.00009 ( 2)  1.000 +-  0.005
  61 V   0.99968 0.00032 0.00000 ( 1)  0.150 +-  0.015
  62 A   1.00000 0.00000 0.00000 ( 1)  0.150 +-  0.001
  63 K   1.00000 0.00000 0.00000 ( 1)  0.150 +-  0.000
  64 A   0.99960 0.00040 0.00000 ( 1)  0.150 +-  0.017
  65 G   1.00000 0.00000 0.00000 ( 1)  0.150 +-  0.000
  66 M   1.00000 0.00000 0.00000 ( 1)  0.150 +-  0.000
  67 V   1.00000 0.00000 0.00000 ( 1)  0.150 +-  0.000
  68 D   1.00000 0.00000 0.00000 ( 1)  0.150 +-  0.000
  69 E   1.00000 0.00000 0.00000 ( 1)  0.150 +-  0.001
  70 F   1.00000 0.00000 0.00000 ( 1)  0.150 +-  0.000
  71 Q   0.99217 0.00783 0.00000 ( 1)  0.157 +-  0.075
  72 K   0.69419 0.30580 0.00002 ( 1)  0.410 +-  0.392
  73 K   1.00000 0.00000 0.00000 ( 1)  0.150 +-  0.000
  74 F   1.00000 0.00000 0.00000 ( 1)  0.150 +-  0.001
  75 S   0.99995 0.00005 0.00000 ( 1)  0.150 +-  0.006
  76 A   1.00000 0.00000 0.00000 ( 1)  0.150 +-  0.000
  77 L   1.00000 0.00000 0.00000 ( 1)  0.150 +-  0.000
  78 K   1.00000 0.00000 0.00000 ( 1)  0.150 +-  0.000
  79 I   1.00000 0.00000 0.00000 ( 1)  0.150 +-  0.000
  80 P   1.00000 0.00000 0.00000 ( 1)  0.150 +-  0.000
  81 E   1.00000 0.00000 0.00000 ( 1)  0.150 +-  0.000
  82 P   1.00000 0.00000 0.00000 ( 1)  0.150 +-  0.000
  83 V   1.00000 0.00000 0.00000 ( 1)  0.150 +-  0.000
  84 D   1.00000 0.00000 0.00000 ( 1)  0.150 +-  0.000
  85 T   1.00000 0.00000 0.00000 ( 1)  0.150 +-  0.000
  86 Q   1.00000 0.00000 0.00000 ( 1)  0.150 +-  0.000
  87 S   0.99770 0.00230 0.00000 ( 1)  0.152 +-  0.041
  88 A   0.99881 0.00119 0.00000 ( 1)  0.151 +-  0.029
  89 K   0.99899 0.00101 0.00000 ( 1)  0.151 +-  0.027
  90 I   1.00000 0.00000 0.00000 ( 1)  0.150 +-  0.001
  91 D   0.99998 0.00002 0.00000 ( 1)  0.150 +-  0.004
  92 A   0.99996 0.00004 0.00000 ( 1)  0.150 +-  0.006
  93 Q   1.00000 0.00000 0.00000 ( 1)  0.150 +-  0.000
  94 E   1.00000 0.00000 0.00000 ( 1)  0.150 +-  0.000
  95 Q   0.00002 0.99933 0.00065 ( 2)  1.000 +-  0.013
  96 E   1.00000 0.00000 0.00000 ( 1)  0.150 +-  0.000
  97 A   0.64967 0.35025 0.00008 ( 1)  0.448 +-  0.406
  98 A   0.00031 0.99939 0.00030 ( 2)  1.000 +-  0.017
  99 K   0.96709 0.03291 0.00000 ( 1)  0.178 +-  0.152
 100 S   0.98482 0.01518 0.00000 ( 1)  0.163 +-  0.104
 101 T   0.00000 0.99999 0.00000 ( 2)  1.000 +-  0.002
 102 A   0.97458 0.02542 0.00000 ( 1)  0.172 +-  0.134
 103 E   1.00000 0.00000 0.00000 ( 1)  0.150 +-  0.000
 104 Y   1.00000 0.00000 0.00000 ( 1)  0.150 +-  0.001
 105 V   0.99993 0.00007 0.00000 ( 1)  0.150 +-  0.007
 106 Q   0.95656 0.04344 0.00000 ( 1)  0.187 +-  0.173
 107 A   0.99944 0.00056 0.00000 ( 1)  0.150 +-  0.020
 108 S   1.00000 0.00000 0.00000 ( 1)  0.150 +-  0.000
 109 K   1.00000 0.00000 0.00000 ( 1)  0.150 +-  0.000
 110 A   0.99989 0.00011 0.00000 ( 1)  0.150 +-  0.009
 111 R   1.00000 0.00000 0.00000 ( 1)  0.150 +-  0.000
 112 I   1.00000 0.00000 0.00000 ( 1)  0.150 +-  0.001
 113 V   0.00000 0.97771 0.02229 ( 2)  1.020 +-  0.150
 114 Q   0.00000 0.99793 0.00207 ( 2)  1.001 +-  0.023
 115 Y   1.00000 0.00000 0.00000 ( 1)  0.150 +-  0.000
 116 E   1.00000 0.00000 0.00000 ( 1)  0.150 +-  0.000
 117 Q   0.99981 0.00019 0.00000 ( 1)  0.150 +-  0.012
 118 Q   0.00000 0.99978 0.00022 ( 2)  1.000 +-  0.008
 119 L   1.00000 0.00000 0.00000 ( 1)  0.150 +-  0.000
 120 Q   0.99999 0.00001 0.00000 ( 1)  0.150 +-  0.002
 121 K   1.00000 0.00000 0.00000 ( 1)  0.150 +-  0.000
 122 L   0.99970 0.00030 0.00000 ( 1)  0.150 +-  0.015
 123 K   0.02483 0.97516 0.00001 ( 2)  0.979 +-  0.132
 124 N   0.00000 0.99894 0.00106 ( 2)  1.001 +-  0.016
 125 M   1.00000 0.00000 0.00000 ( 1)  0.150 +-  0.000
 126 I   1.00000 0.00000 0.00000 ( 1)  0.150 +-  0.000
 127 P   1.00000 0.00000 0.00000 ( 1)  0.150 +-  0.000
 128 F   1.00000 0.00000 0.00000 ( 1)  0.150 +-  0.000
 129 E   1.00000 0.00000 0.00000 ( 1)  0.150 +-  0.002
 130 Q   1.00000 0.00000 0.00000 ( 1)  0.150 +-  0.000
 131 M   1.00000 0.00000 0.00000 ( 1)  0.150 +-  0.000
 132 T   1.00000 0.00000 0.00000 ( 1)  0.150 +-  0.000
 133 F   0.00000 0.00001 0.99999 ( 3)  2.534 +-  0.360
 134 E   1.00000 0.00000 0.00000 ( 1)  0.150 +-  0.001
 135 D   1.00000 0.00000 0.00000 ( 1)  0.150 +-  0.000
 136 L   0.99989 0.00011 0.00000 ( 1)  0.150 +-  0.009
 137 H   0.00000 1.00000 0.00000 ( 2)  1.000 +-  0.001
 138 D   0.04579 0.95419 0.00002 ( 2)  0.961 +-  0.178
 139 A   0.08386 0.91564 0.00049 ( 2)  0.929 +-  0.236
 140 F   1.00000 0.00000 0.00000 ( 1)  0.150 +-  0.001
 141 P   1.00000 0.00000 0.00000 ( 1)  0.150 +-  0.000
 142 E   1.00000 0.00000 0.00000 ( 1)  0.150 +-  0.000
 143 T   1.00000 0.00000 0.00000 ( 1)  0.150 +-  0.000
 144 K   0.00000 0.99979 0.00021 ( 2)  1.000 +-  0.007
 145 L   0.99892 0.00108 0.00000 ( 1)  0.151 +-  0.028
 146 D   0.00360 0.99639 0.00000 ( 2)  0.997 +-  0.051
 147 K   0.99954 0.00046 0.00000 ( 1)  0.150 +-  0.018
 148 E   1.00000 0.00000 0.00000 ( 1)  0.150 +-  0.001
 149 K   1.00000 0.00000 0.00000 ( 1)  0.150 +-  0.000
 150 Y   0.99975 0.00025 0.00000 ( 1)  0.150 +-  0.013
 151 P   1.00000 0.00000 0.00000 ( 1)  0.150 +-  0.000
 152 Y   0.00000 0.82192 0.17808 ( 2)  1.234 +-  0.529
 153 W   0.99999 0.00001 0.00000 ( 1)  0.150 +-  0.002
 154 P   1.00000 0.00000 0.00000 ( 1)  0.150 +-  0.000
 155 H   1.00000 0.00000 0.00000 ( 1)  0.150 +-  0.000
 156 R   0.25364 0.74633 0.00003 ( 2)  0.784 +-  0.370
 157 P   1.00000 0.00000 0.00000 ( 1)  0.150 +-  0.001
 158 I   1.00000 0.00000 0.00000 ( 1)  0.150 +-  0.000
 159 A   0.90781 0.09217 0.00002 ( 1)  0.228 +-  0.246
 160 D   1.00000 0.00000 0.00000 ( 1)  0.150 +-  0.000
 161 L   1.00000 0.00000 0.00000 ( 1)  0.150 +-  0.002

Positively selected sites

	Prob(w>1)  mean w

   133 F      1.000**       2.534 +- 0.360
