# Extracted from OG0008359_00.rst: NEB section

Naive Empirical Bayes (NEB) probabilities for 2 classes & postmean_w
(amino acids refer to 1st sequence: Acchl)

   1 S   0.99988 0.00012 ( 1)  0.058
   2 V   1.00000 0.00000 ( 1)  0.058
   3 T   1.00000 0.00000 ( 1)  0.058
   4 V   1.00000 0.00000 ( 1)  0.058
   5 H   1.00000 0.00000 ( 1)  0.058
   6 P   1.00000 0.00000 ( 1)  0.058
   7 D   1.00000 0.00000 ( 1)  0.058
   8 S   0.99981 0.00019 ( 1)  0.058
   9 T   1.00000 0.00000 ( 1)  0.058
  10 V   1.00000 0.00000 ( 1)  0.058
  11 Q   1.00000 0.00000 ( 1)  0.058
  12 V   1.00000 0.00000 ( 1)  0.058
  13 L   1.00000 0.00000 ( 1)  0.058
  14 A   1.00000 0.00000 ( 1)  0.058
  15 E   1.00000 0.00000 ( 1)  0.058
  16 E   1.00000 0.00000 ( 1)  0.058
  17 A   1.00000 0.00000 ( 1)  0.058
  18 V   1.00000 0.00000 ( 1)  0.058
  19 T   1.00000 0.00000 ( 1)  0.058
  20 I   1.00000 0.00000 ( 1)  0.058
  21 D   1.00000 0.00000 ( 1)  0.058
  22 M   1.00000 0.00000 ( 1)  0.058
  23 L   1.00000 0.00000 ( 1)  0.058
  24 D   1.00000 0.00000 ( 1)  0.058
  25 L   1.00000 0.00000 ( 1)  0.058
  26 A   0.99984 0.00016 ( 1)  0.058
  27 -   1.00000 0.00000 ( 1)  0.058
  28 -   1.00000 0.00000 ( 1)  0.058
  29 -   1.00000 0.00000 ( 1)  0.058
  30 -   0.99995 0.00005 ( 1)  0.058
  31 -   1.00000 0.00000 ( 1)  0.058
  32 -   1.00000 0.00000 ( 1)  0.058
  33 -   1.00000 0.00000 ( 1)  0.058
  34 -   1.00000 0.00000 ( 1)  0.058
  35 -   1.00000 0.00000 ( 1)  0.058
  36 -   1.00000 0.00000 ( 1)  0.058
  37 -   0.99999 0.00001 ( 1)  0.058
  38 -   1.00000 0.00000 ( 1)  0.058
  39 -   0.00000 1.00000 ( 2)  1.000
  40 -   1.00000 0.00000 ( 1)  0.058
  41 -   1.00000 0.00000 ( 1)  0.058
  42 -   1.00000 0.00000 ( 1)  0.058
  43 -   0.83710 0.16290 ( 1)  0.212
  44 -   1.00000 0.00000 ( 1)  0.058
  45 -   1.00000 0.00000 ( 1)  0.058
  46 -   1.00000 0.00000 ( 1)  0.058
  47 -   0.99781 0.00219 ( 1)  0.060
  48 -   0.99994 0.00006 ( 1)  0.058
  49 -   1.00000 0.00000 ( 1)  0.058
  50 -   1.00000 0.00000 ( 1)  0.058
  51 -   1.00000 0.00000 ( 1)  0.058
  52 -   1.00000 0.00000 ( 1)  0.058
  53 -   1.00000 0.00000 ( 1)  0.058
  54 -   1.00000 0.00000 ( 1)  0.058
  55 -   1.00000 0.00000 ( 1)  0.058
  56 -   1.00000 0.00000 ( 1)  0.058
  57 -   1.00000 0.00000 ( 1)  0.058
  58 -   1.00000 0.00000 ( 1)  0.058
  59 -   1.00000 0.00000 ( 1)  0.058
  60 -   1.00000 0.00000 ( 1)  0.058
  61 -   1.00000 0.00000 ( 1)  0.058
  62 -   1.00000 0.00000 ( 1)  0.058
