# Extracted from OG0011474_00.rst: NEB section

Naive Empirical Bayes (NEB) probabilities for 2 classes & postmean_w
(amino acids refer to 1st sequence: Acgen)

   1 R   1.00000 0.00000 ( 1)  0.157
   2 P   0.00005 0.99995 ( 2)  1.000
   3 G   1.00000 0.00000 ( 1)  0.157
   4 H   1.00000 0.00000 ( 1)  0.157
   5 A   0.00000 1.00000 ( 2)  1.000
   6 R   0.98455 0.01545 ( 1)  0.170
   7 N   0.99998 0.00002 ( 1)  0.157
   8 R   1.00000 0.00000 ( 1)  0.157
   9 L   1.00000 0.00000 ( 1)  0.157
  10 D   1.00000 0.00000 ( 1)  0.157
  11 A   1.00000 0.00000 ( 1)  0.157
  12 M   0.00000 1.00000 ( 2)  1.000
  13 I   1.00000 0.00000 ( 1)  0.157
  14 S   0.00008 0.99992 ( 2)  1.000
  15 R   1.00000 0.00000 ( 1)  0.157
  16 T   1.00000 0.00000 ( 1)  0.157
  17 G   1.00000 0.00000 ( 1)  0.157
  18 C   0.99998 0.00002 ( 1)  0.157
  19 A   0.00000 1.00000 ( 2)  1.000
  20 A   0.99987 0.00013 ( 1)  0.157
  21 Q   1.00000 0.00000 ( 1)  0.157
  22 H   1.00000 0.00000 ( 1)  0.157
  23 R   0.99998 0.00002 ( 1)  0.157
  24 E   0.00023 0.99977 ( 2)  1.000
  25 L   0.99983 0.00017 ( 1)  0.157
  26 Q   1.00000 0.00000 ( 1)  0.157
  27 E   1.00000 0.00000 ( 1)  0.157
  28 C   1.00000 0.00000 ( 1)  0.157
  29 M   1.00000 0.00000 ( 1)  0.157
  30 A   1.00000 0.00000 ( 1)  0.157
  31 A   0.00000 1.00000 ( 2)  1.000
  32 R   0.00000 1.00000 ( 2)  1.000
  33 Q   0.00000 1.00000 ( 2)  1.000
  34 D   1.00000 0.00000 ( 1)  0.157
  35 W   1.00000 0.00000 ( 1)  0.157
  36 R   1.00000 0.00000 ( 1)  0.157
  37 H   0.00000 1.00000 ( 2)  1.000
  38 C   1.00000 0.00000 ( 1)  0.157
  39 Q   1.00000 0.00000 ( 1)  0.157
  40 T   0.00000 1.00000 ( 2)  1.000
  41 Q   0.00024 0.99976 ( 2)  1.000
  42 V   1.00000 0.00000 ( 1)  0.157
  43 R   1.00000 0.00000 ( 1)  0.157
  44 A   0.99999 0.00001 ( 1)  0.157
  45 F   1.00000 0.00000 ( 1)  0.157
  46 G   1.00000 0.00000 ( 1)  0.157
  47 E   0.00670 0.99330 ( 2)  0.994
  48 C   1.00000 0.00000 ( 1)  0.157
  49 M   1.00000 0.00000 ( 1)  0.157
  50 A   0.99394 0.00606 ( 1)  0.162
  51 R   0.00000 1.00000 ( 2)  1.000
  52 R   0.00142 0.99858 ( 2)  0.999
  53 Q   1.00000 0.00000 ( 1)  0.157
  54 H   0.00000 1.00000 ( 2)  1.000
  55 T   0.00000 1.00000 ( 2)  1.000
