# Extracted from OG0010387_00.rst: NEB section

Naive Empirical Bayes (NEB) probabilities for 2 classes & postmean_w
(amino acids refer to 1st sequence: Acchl)

   1 M   1.00000 0.00000 ( 1)  0.152
   2 P   1.00000 0.00000 ( 1)  0.152
   3 A   0.99987 0.00013 ( 1)  0.152
   4 S   1.00000 0.00000 ( 1)  0.152
   5 L   1.00000 0.00000 ( 1)  0.152
   6 R   1.00000 0.00000 ( 1)  0.152
   7 K   1.00000 0.00000 ( 1)  0.152
   8 L   0.99989 0.00011 ( 1)  0.152
   9 Q   0.00003 0.99997 ( 2)  1.000
  10 Q   0.99932 0.00068 ( 1)  0.152
  11 M   1.00000 0.00000 ( 1)  0.152
  12 A   1.00000 0.00000 ( 1)  0.152
  13 V   0.99990 0.00010 ( 1)  0.152
  14 F   1.00000 0.00000 ( 1)  0.152
  15 M   0.99998 0.00002 ( 1)  0.152
  16 G   1.00000 0.00000 ( 1)  0.152
  17 L   0.95916 0.04084 ( 1)  0.187
  18 F   1.00000 0.00000 ( 1)  0.152
  19 S   1.00000 0.00000 ( 1)  0.152
  20 G   0.00001 0.99999 ( 2)  1.000
  21 R   0.51449 0.48551 ( 1)  0.564
  22 G   1.00000 0.00000 ( 1)  0.152
  23 C   1.00000 0.00000 ( 1)  0.152
  24 I   0.00005 0.99995 ( 2)  1.000
  25 V   0.00000 1.00000 ( 2)  1.000
  26 M   1.00000 0.00000 ( 1)  0.152
  27 Y   0.99994 0.00006 ( 1)  0.152
  28 N   0.00885 0.99115 ( 2)  0.992
  29 L   1.00000 0.00000 ( 1)  0.152
  30 M   0.99991 0.00009 ( 1)  0.152
  31 Q   0.99992 0.00008 ( 1)  0.152
  32 K   0.42240 0.57760 ( 2)  0.642
  33 S   0.00000 1.00000 ( 2)  1.000
  34 F   1.00000 0.00000 ( 1)  0.152
  35 A   0.53474 0.46526 ( 1)  0.546
  36 R   1.00000 0.00000 ( 1)  0.152
  37 T   1.00000 0.00000 ( 1)  0.152
  38 Q   0.99978 0.00022 ( 1)  0.152
  39 Y   1.00000 0.00000 ( 1)  0.152
  40 Y   1.00000 0.00000 ( 1)  0.152
  41 Q   0.99940 0.00060 ( 1)  0.152
  42 Q   0.99805 0.00195 ( 1)  0.154
  43 A   0.19950 0.80050 ( 2)  0.831
  44 L   1.00000 0.00000 ( 1)  0.152
  45 E   1.00000 0.00000 ( 1)  0.152
  46 Q   0.00021 0.99979 ( 2)  1.000
  47 L   0.99989 0.00011 ( 1)  0.152
  48 N   0.86952 0.13048 ( 1)  0.263
  49 S   0.00098 0.99902 ( 2)  0.999
  50 S   0.00000 1.00000 ( 2)  1.000
  51 P   0.14328 0.85672 ( 2)  0.878
  52 D   0.00000 1.00000 ( 2)  1.000
  53 A   1.00000 0.00000 ( 1)  0.152
  54 L   0.99941 0.00059 ( 1)  0.152
  55 E   1.00000 0.00000 ( 1)  0.152
  56 A   0.99964 0.00036 ( 1)  0.152
  57 L   0.99992 0.00008 ( 1)  0.152
  58 G   1.00000 0.00000 ( 1)  0.152
  59 A   0.99865 0.00135 ( 1)  0.153
  60 P   1.00000 0.00000 ( 1)  0.152
  61 P   1.00000 0.00000 ( 1)  0.152
  62 L   1.00000 0.00000 ( 1)  0.152
  63 K   1.00000 0.00000 ( 1)  0.152
  64 V   1.00000 0.00000 ( 1)  0.152
  65 H   1.00000 0.00000 ( 1)  0.152
  66 N   1.00000 0.00000 ( 1)  0.152
  67 I   1.00000 0.00000 ( 1)  0.152
  68 R   0.00000 1.00000 ( 2)  1.000
  69 L   0.99991 0.00009 ( 1)  0.152
  70 T   0.80895 0.19105 ( 1)  0.314
  71 D   1.00000 0.00000 ( 1)  0.152
  72 G   0.05074 0.94926 ( 2)  0.957
  73 S   1.00000 0.00000 ( 1)  0.152
  74 N   1.00000 0.00000 ( 1)  0.152
  75 R   0.93007 0.06993 ( 1)  0.211
  76 V   1.00000 0.00000 ( 1)  0.152
  77 D   1.00000 0.00000 ( 1)  0.152
  78 T   0.01563 0.98437 ( 2)  0.987
  79 E   1.00000 0.00000 ( 1)  0.152
  80 R   1.00000 0.00000 ( 1)  0.152
  81 A   1.00000 0.00000 ( 1)  0.152
  82 I   1.00000 0.00000 ( 1)  0.152
  83 K   1.00000 0.00000 ( 1)  0.152
  84 L   1.00000 0.00000 ( 1)  0.152
  85 P   1.00000 0.00000 ( 1)  0.152
  86 V   1.00000 0.00000 ( 1)  0.152
  87 S   0.99999 0.00001 ( 1)  0.152
  88 G   1.00000 0.00000 ( 1)  0.152
  89 T   0.00100 0.99900 ( 2)  0.999
  90 K   1.00000 0.00000 ( 1)  0.152
  91 S   0.98074 0.01926 ( 1)  0.168
  92 A   0.00088 0.99912 ( 2)  0.999
  93 G   1.00000 0.00000 ( 1)  0.152
  94 Y   0.02515 0.97485 ( 2)  0.979
  95 L   1.00000 0.00000 ( 1)  0.152
  96 Y   0.00000 1.00000 ( 2)  1.000
  97 I   0.99987 0.00013 ( 1)  0.152
  98 N   0.00130 0.99870 ( 2)  0.999
  99 S   0.00050 0.99950 ( 2)  1.000
 100 E   0.00701 0.99299 ( 2)  0.994
 101 M   0.99982 0.00018 ( 1)  0.152
 102 D   1.00000 0.00000 ( 1)  0.152
 103 H   0.38733 0.61267 ( 2)  0.671
 104 S   0.23629 0.76371 ( 2)  0.800
 105 R   0.00000 1.00000 ( 2)  1.000
 106 Q   0.00000 1.00000 ( 2)  1.000
 107 C   0.00000 1.00000 ( 2)  1.000
 108 C   0.97420 0.02580 ( 1)  0.174
 109 L   0.81665 0.18335 ( 1)  0.307
 110 Q   0.00000 1.00000 ( 2)  1.000
 111 D   0.99995 0.00005 ( 1)  0.152
 112 V   1.00000 0.00000 ( 1)  0.152
 113 T   1.00000 0.00000 ( 1)  0.152
 114 L   0.99976 0.00024 ( 1)  0.152
 115 K   1.00000 0.00000 ( 1)  0.152
 116 L   0.70597 0.29403 ( 1)  0.401
 117 R   0.00000 1.00000 ( 2)  1.000
 118 D   1.00000 0.00000 ( 1)  0.152
 119 G   1.00000 0.00000 ( 1)  0.152
 120 Q   0.00000 1.00000 ( 2)  1.000
 121 N   0.00000 1.00000 ( 2)  1.000
 122 I   0.99996 0.00004 ( 1)  0.152
 123 P   0.00001 0.99999 ( 2)  1.000
 124 V   0.00000 1.00000 ( 2)  1.000
 125 Y   0.89607 0.10393 ( 1)  0.240
 126 H   0.00001 0.99999 ( 2)  1.000
 127 S   0.00748 0.99252 ( 2)  0.994
 128 P   0.00000 1.00000 ( 2)  1.000
 129 V   0.00000 1.00000 ( 2)  1.000
 130 E   0.98164 0.01836 ( 1)  0.167
 131 R   0.00000 1.00000 ( 2)  1.000
 132 I   0.00000 1.00000 ( 2)  1.000
 133 G   0.00000 1.00000 ( 2)  1.000
 134 V   0.00010 0.99990 ( 2)  1.000
 135 -   0.08189 0.91811 ( 2)  0.931
 136 -   0.99412 0.00588 ( 1)  0.157
 137 -   0.99904 0.00096 ( 1)  0.153
