# Extracted from OG0003736_00.rst: NEB section

Naive Empirical Bayes (NEB) probabilities for 2 classes & postmean_w
(amino acids refer to 1st sequence: Acchl)

   1 R   1.00000 0.00000 ( 1)  0.056
   2 G   0.00000 1.00000 ( 2)  1.000
   3 F   1.00000 0.00000 ( 1)  0.056
   4 W   0.48146 0.51854 ( 2)  0.546
   5 G   1.00000 0.00000 ( 1)  0.056
   6 W   1.00000 0.00000 ( 1)  0.056
   7 L   0.00000 1.00000 ( 2)  1.000
   8 V   1.00000 0.00000 ( 1)  0.056
   9 D   1.00000 0.00000 ( 1)  0.056
  10 Y   1.00000 0.00000 ( 1)  0.056
  11 E   1.00000 0.00000 ( 1)  0.056
  12 R   1.00000 0.00000 ( 1)  0.056
  13 I   1.00000 0.00000 ( 1)  0.056
  14 Q   0.00000 1.00000 ( 2)  1.000
  15 A   1.00000 0.00000 ( 1)  0.056
  16 V   1.00000 0.00000 ( 1)  0.056
  17 G   1.00000 0.00000 ( 1)  0.056
  18 P   1.00000 0.00000 ( 1)  0.056
  19 D   1.00000 0.00000 ( 1)  0.056
  20 R   1.00000 0.00000 ( 1)  0.056
  21 A   1.00000 0.00000 ( 1)  0.056
  22 A   1.00000 0.00000 ( 1)  0.056
  23 S   1.00000 0.00000 ( 1)  0.056
  24 E   1.00000 0.00000 ( 1)  0.056
  25 W   1.00000 0.00000 ( 1)  0.056
  26 L   0.99979 0.00021 ( 1)  0.056
  27 L   0.64405 0.35595 ( 1)  0.392
  28 R   1.00000 0.00000 ( 1)  0.056
  29 C   1.00000 0.00000 ( 1)  0.056
  30 G   1.00000 0.00000 ( 1)  0.056
  31 A   1.00000 0.00000 ( 1)  0.056
  32 L   0.00000 1.00000 ( 2)  1.000
  33 V   1.00000 0.00000 ( 1)  0.056
  34 R   1.00000 0.00000 ( 1)  0.056
  35 F   0.00000 1.00000 ( 2)  1.000
  36 Q   0.00000 1.00000 ( 2)  1.000
  37 G   1.00000 0.00000 ( 1)  0.056
  38 S   0.00000 1.00000 ( 2)  1.000
  39 R   0.00112 0.99888 ( 2)  0.999
  40 K   0.00679 0.99321 ( 2)  0.994
  41 W   1.00000 0.00000 ( 1)  0.056
  42 Q   1.00000 0.00000 ( 1)  0.056
  43 Q   0.00679 0.99321 ( 2)  0.994
  44 D   1.00000 0.00000 ( 1)  0.056
  45 Y   1.00000 0.00000 ( 1)  0.056
  46 N   1.00000 0.00000 ( 1)  0.056
  47 G   1.00000 0.00000 ( 1)  0.056
  48 L   1.00000 0.00000 ( 1)  0.056
  49 P   1.00000 0.00000 ( 1)  0.056
  50 T   1.00000 0.00000 ( 1)  0.056
  51 G   1.00000 0.00000 ( 1)  0.056
  52 P   1.00000 0.00000 ( 1)  0.056
  53 L   0.00000 1.00000 ( 2)  1.000
  54 G   1.00000 0.00000 ( 1)  0.056
  55 K   0.99999 0.00001 ( 1)  0.056
  56 Y   1.00000 0.00000 ( 1)  0.056
  57 R   0.00123 0.99877 ( 2)  0.999
  58 I   1.00000 0.00000 ( 1)  0.056
  59 E   1.00000 0.00000 ( 1)  0.056
  60 A   1.00000 0.00000 ( 1)  0.056
  61 I   1.00000 0.00000 ( 1)  0.056
  62 N   0.00000 1.00000 ( 2)  1.000
  63 A   1.00000 0.00000 ( 1)  0.056
  64 T   1.00000 0.00000 ( 1)  0.056
  65 D   0.00000 1.00000 ( 2)  1.000
  66 S   1.00000 0.00000 ( 1)  0.056
  67 C   1.00000 0.00000 ( 1)  0.056
  68 I   1.00000 0.00000 ( 1)  0.056
  69 M   1.00000 0.00000 ( 1)  0.056
  70 Y   0.99990 0.00010 ( 1)  0.056
  71 R   1.00000 0.00000 ( 1)  0.056
  72 G   1.00000 0.00000 ( 1)  0.056
  73 F   1.00000 0.00000 ( 1)  0.056
  74 D   0.85221 0.14779 ( 1)  0.196
  75 Y   1.00000 0.00000 ( 1)  0.056
  76 L   0.65624 0.34376 ( 1)  0.381
  77 D   1.00000 0.00000 ( 1)  0.056
  78 G   1.00000 0.00000 ( 1)  0.056
  79 L   1.00000 0.00000 ( 1)  0.056
  80 E   1.00000 0.00000 ( 1)  0.056
  81 H   1.00000 0.00000 ( 1)  0.056
  82 V   1.00000 0.00000 ( 1)  0.056
  83 T   0.00000 1.00000 ( 2)  1.000
  84 D   1.00000 0.00000 ( 1)  0.056
  85 I   1.00000 0.00000 ( 1)  0.056
  86 K   0.00000 1.00000 ( 2)  1.000
  87 L   0.99958 0.00042 ( 1)  0.056
  88 E   0.99475 0.00525 ( 1)  0.061
  89 K   1.00000 0.00000 ( 1)  0.056
  90 C   1.00000 0.00000 ( 1)  0.056
  91 I   1.00000 0.00000 ( 1)  0.056
  92 Y   1.00000 0.00000 ( 1)  0.056
  93 I   1.00000 0.00000 ( 1)  0.056
  94 Q   1.00000 0.00000 ( 1)  0.056
  95 D   1.00000 0.00000 ( 1)  0.056
  96 E   0.00000 1.00000 ( 2)  1.000
  97 C   1.00000 0.00000 ( 1)  0.056
  98 L   0.99944 0.00056 ( 1)  0.057
  99 Q   0.53822 0.46178 ( 1)  0.492
 100 R   1.00000 0.00000 ( 1)  0.056
 101 L   1.00000 0.00000 ( 1)  0.056
 102 S   1.00000 0.00000 ( 1)  0.056
 103 E   0.00000 1.00000 ( 2)  1.000
 104 T   1.00000 0.00000 ( 1)  0.056
 105 N   0.00000 1.00000 ( 2)  1.000
 106 N   0.99810 0.00190 ( 1)  0.058
 107 L   1.00000 0.00000 ( 1)  0.056
 108 Q   1.00000 0.00000 ( 1)  0.056
 109 K   0.33452 0.66548 ( 2)  0.684
 110 S   1.00000 0.00000 ( 1)  0.056
 111 L   1.00000 0.00000 ( 1)  0.056
 112 L   0.91064 0.08936 ( 1)  0.140
 113 K   0.02542 0.97458 ( 2)  0.976
 114 L   0.99355 0.00645 ( 1)  0.062
 115 K   0.00000 1.00000 ( 2)  1.000
 116 I   1.00000 0.00000 ( 1)  0.056
 117 I   1.00000 0.00000 ( 1)  0.056
 118 S   1.00000 0.00000 ( 1)  0.056
 119 C   1.00000 0.00000 ( 1)  0.056
 120 G   1.00000 0.00000 ( 1)  0.056
 121 N   1.00000 0.00000 ( 1)  0.056
 122 V   1.00000 0.00000 ( 1)  0.056
 123 T   1.00000 0.00000 ( 1)  0.056
 124 D   1.00000 0.00000 ( 1)  0.056
 125 K   0.00080 0.99920 ( 2)  0.999
 126 G   1.00000 0.00000 ( 1)  0.056
 127 I   0.00000 1.00000 ( 2)  1.000
 128 L   0.00000 1.00000 ( 2)  1.000
 129 A   1.00000 0.00000 ( 1)  0.056
 130 L   1.00000 0.00000 ( 1)  0.056
 131 H   1.00000 0.00000 ( 1)  0.056
 132 K   1.00000 0.00000 ( 1)  0.056
 133 L   0.99951 0.00049 ( 1)  0.057
 134 T   0.00000 1.00000 ( 2)  1.000
 135 N   1.00000 0.00000 ( 1)  0.056
 136 L   1.00000 0.00000 ( 1)  0.056
 137 E   0.89744 0.10256 ( 1)  0.153
 138 Y   1.00000 0.00000 ( 1)  0.056
 139 L   1.00000 0.00000 ( 1)  0.056
 140 Y   0.99996 0.00004 ( 1)  0.056
 141 L   0.99116 0.00884 ( 1)  0.064
 142 S   1.00000 0.00000 ( 1)  0.056
 143 D   1.00000 0.00000 ( 1)  0.056
 144 L   1.00000 0.00000 ( 1)  0.056
 145 P   1.00000 0.00000 ( 1)  0.056
 146 G   1.00000 0.00000 ( 1)  0.056
 147 I   0.98319 0.01681 ( 1)  0.072
 148 R   0.83511 0.16489 ( 1)  0.212
 149 E   0.00000 1.00000 ( 2)  1.000
 150 R   1.00000 0.00000 ( 1)  0.056
 151 K   0.98938 0.01062 ( 1)  0.066
 152 T   0.00000 1.00000 ( 2)  1.000
 153 T   1.00000 0.00000 ( 1)  0.056
 154 L   0.00000 1.00000 ( 2)  1.000
 155 H   0.00000 1.00000 ( 2)  1.000
 156 A   0.00000 1.00000 ( 2)  1.000
 157 L   1.00000 0.00000 ( 1)  0.056
 158 Q   0.00066 0.99934 ( 2)  0.999
 159 L   0.00000 1.00000 ( 2)  1.000
 160 A   1.00000 0.00000 ( 1)  0.056
 161 L   0.99969 0.00031 ( 1)  0.056
 162 P   1.00000 0.00000 ( 1)  0.056
 163 N   0.00000 1.00000 ( 2)  1.000
 164 L   0.99992 0.00008 ( 1)  0.056
 165 E   0.00000 1.00000 ( 2)  1.000
 166 L   0.02366 0.97634 ( 2)  0.978
 167 E   1.00000 0.00000 ( 1)  0.056
 168 L   0.99089 0.00911 ( 1)  0.065
 169 D   1.00000 0.00000 ( 1)  0.056
 170 L   1.00000 0.00000 ( 1)  0.056
 171 D   0.88622 0.11378 ( 1)  0.163
