# Extracted from OG0010687_00.rst: NEB section

Naive Empirical Bayes (NEB) probabilities for 2 classes & postmean_w
(amino acids refer to 1st sequence: Acgen)

   1 R   0.00000 1.00000 ( 2)  1.000
   2 V   0.00000 1.00000 ( 2)  1.000
   3 A   0.00000 1.00000 ( 2)  1.000
   4 A   0.00000 1.00000 ( 2)  1.000
   5 R   0.00000 1.00000 ( 2)  1.000
   6 G   0.00000 1.00000 ( 2)  1.000
   7 P   1.00000 0.00000 ( 1)  0.059
   8 A   1.00000 0.00000 ( 1)  0.059
   9 A   1.00000 0.00000 ( 1)  0.059
  10 V   1.00000 0.00000 ( 1)  0.059
  11 A   1.00000 0.00000 ( 1)  0.059
  12 Y   0.10064 0.89936 ( 2)  0.905
  13 S   1.00000 0.00000 ( 1)  0.059
  14 K   1.00000 0.00000 ( 1)  0.059
  15 P   1.00000 0.00000 ( 1)  0.059
  16 R   1.00000 0.00000 ( 1)  0.059
  17 L   1.00000 0.00000 ( 1)  0.059
  18 A   1.00000 0.00000 ( 1)  0.059
  19 T   1.00000 0.00000 ( 1)  0.059
  20 F   1.00000 0.00000 ( 1)  0.059
  21 W   1.00000 0.00000 ( 1)  0.059
  22 Y   0.00000 1.00000 ( 2)  1.000
  23 Y   0.99985 0.00015 ( 1)  0.060
  24 A   1.00000 0.00000 ( 1)  0.059
  25 K   1.00000 0.00000 ( 1)  0.059
  26 V   1.00000 0.00000 ( 1)  0.059
  27 E   1.00000 0.00000 ( 1)  0.059
  28 L   1.00000 0.00000 ( 1)  0.059
  29 A   1.00000 0.00000 ( 1)  0.059
  30 P   1.00000 0.00000 ( 1)  0.059
  31 P   1.00000 0.00000 ( 1)  0.059
  32 T   1.00000 0.00000 ( 1)  0.059
  33 P   1.00000 0.00000 ( 1)  0.059
  34 A   1.00000 0.00000 ( 1)  0.059
  35 E   1.00000 0.00000 ( 1)  0.059
  36 I   1.00000 0.00000 ( 1)  0.059
  37 P   1.00000 0.00000 ( 1)  0.059
  38 R   1.00000 0.00000 ( 1)  0.059
  39 A   1.00000 0.00000 ( 1)  0.059
  40 I   1.00000 0.00000 ( 1)  0.059
  41 D   1.00000 0.00000 ( 1)  0.059
  42 G   1.00000 0.00000 ( 1)  0.059
  43 M   0.99998 0.00002 ( 1)  0.059
  44 K   1.00000 0.00000 ( 1)  0.059
  45 A   0.00059 0.99941 ( 2)  0.999
  46 L   0.00119 0.99881 ( 2)  0.999
  47 V   1.00000 0.00000 ( 1)  0.059
  48 R   1.00000 0.00000 ( 1)  0.059
  49 S   0.00000 1.00000 ( 2)  1.000
  50 F   1.00000 0.00000 ( 1)  0.059
  51 Q   1.00000 0.00000 ( 1)  0.059
  52 T   1.00000 0.00000 ( 1)  0.059
  53 G   1.00000 0.00000 ( 1)  0.059
  54 R   1.00000 0.00000 ( 1)  0.059
  55 L   1.00000 0.00000 ( 1)  0.059
  56 A   0.99999 0.00001 ( 1)  0.059
  57 Q   1.00000 0.00000 ( 1)  0.059
  58 L   1.00000 0.00000 ( 1)  0.059
  59 T   1.00000 0.00000 ( 1)  0.059
  60 V   1.00000 0.00000 ( 1)  0.059
  61 K   1.00000 0.00000 ( 1)  0.059
  62 E   1.00000 0.00000 ( 1)  0.059
  63 A   1.00000 0.00000 ( 1)  0.059
  64 L   0.97715 0.02285 ( 1)  0.081
  65 R   1.00000 0.00000 ( 1)  0.059
  66 N   1.00000 0.00000 ( 1)  0.059
  67 G   1.00000 0.00000 ( 1)  0.059
  68 L   1.00000 0.00000 ( 1)  0.059
  69 V   1.00000 0.00000 ( 1)  0.059
  70 A   1.00000 0.00000 ( 1)  0.059
  71 T   1.00000 0.00000 ( 1)  0.059
  72 E   1.00000 0.00000 ( 1)  0.059
  73 V   1.00000 0.00000 ( 1)  0.059
  74 L   0.99998 0.00002 ( 1)  0.059
  75 M   1.00000 0.00000 ( 1)  0.059
  76 W   1.00000 0.00000 ( 1)  0.059
  77 F   1.00000 0.00000 ( 1)  0.059
  78 Y   0.99985 0.00015 ( 1)  0.060
  79 I   1.00000 0.00000 ( 1)  0.059
  80 G   1.00000 0.00000 ( 1)  0.059
  81 E   1.00000 0.00000 ( 1)  0.059
  82 I   1.00000 0.00000 ( 1)  0.059
  83 I   1.00000 0.00000 ( 1)  0.059
  84 G   1.00000 0.00000 ( 1)  0.059
  85 K   1.00000 0.00000 ( 1)  0.059
  86 G   0.00000 1.00000 ( 2)  1.000
  87 G   1.00000 0.00000 ( 1)  0.059
  88 L   0.00000 1.00000 ( 2)  1.000
  89 I   1.00000 0.00000 ( 1)  0.059
  90 G   1.00000 0.00000 ( 1)  0.059
  91 Y   0.99983 0.00017 ( 1)  0.060
  92 N   1.00000 0.00000 ( 1)  0.059
  93 V   1.00000 0.00000 ( 1)  0.059
