# Extracted from OG0011172_00.rst: NEB section

Naive Empirical Bayes (NEB) probabilities for 2 classes & postmean_w
(amino acids refer to 1st sequence: Acgen)

   1 M   1.00000 0.00000 ( 1)  0.124
   2 W   0.99984 0.00016 ( 1)  0.124
   3 Y   1.00000 0.00000 ( 1)  0.124
   4 E   1.00000 0.00000 ( 1)  0.124
   5 I   1.00000 0.00000 ( 1)  0.124
   6 L   1.00000 0.00000 ( 1)  0.124
   7 P   1.00000 0.00000 ( 1)  0.124
   8 G   1.00000 0.00000 ( 1)  0.124
   9 M   0.99990 0.00010 ( 1)  0.124
  10 A   1.00000 0.00000 ( 1)  0.124
  11 V   0.00001 0.99999 ( 2)  1.000
  12 M   1.00000 0.00000 ( 1)  0.124
  13 G   1.00000 0.00000 ( 1)  0.124
  14 V   0.00000 1.00000 ( 2)  1.000
  15 C   1.00000 0.00000 ( 1)  0.124
  16 L   1.00000 0.00000 ( 1)  0.124
  17 S   1.00000 0.00000 ( 1)  0.124
  18 I   0.95407 0.04593 ( 1)  0.164
  19 P   1.00000 0.00000 ( 1)  0.124
  20 G   1.00000 0.00000 ( 1)  0.124
  21 L   0.00000 1.00000 ( 2)  1.000
  22 S   1.00000 0.00000 ( 1)  0.124
  23 T   1.00000 0.00000 ( 1)  0.124
  24 F   0.00000 1.00000 ( 2)  1.000
  25 Y   0.99998 0.00002 ( 1)  0.124
  26 M   0.00000 1.00000 ( 2)  1.000
  27 H   1.00000 0.00000 ( 1)  0.124
  28 R   1.00000 0.00000 ( 1)  0.124
  29 W   0.00000 1.00000 ( 2)  1.000
  30 C   0.00001 0.99999 ( 2)  1.000
  31 N   1.00000 0.00000 ( 1)  0.124
  32 G   1.00000 0.00000 ( 1)  0.124
  33 G   0.66044 0.33956 ( 1)  0.421
  34 K   1.00000 0.00000 ( 1)  0.124
  35 E   1.00000 0.00000 ( 1)  0.124
  36 K   1.00000 0.00000 ( 1)  0.124
  37 R   1.00000 0.00000 ( 1)  0.124
  38 I   0.00000 1.00000 ( 2)  1.000
  39 A   1.00000 0.00000 ( 1)  0.124
  40 R   1.00000 0.00000 ( 1)  0.124
  41 Y   0.00588 0.99412 ( 2)  0.995
  42 P   1.00000 0.00000 ( 1)  0.124
  43 Y   0.00000 1.00000 ( 2)  1.000
  44 Q   1.00000 0.00000 ( 1)  0.124
  45 W   1.00000 0.00000 ( 1)  0.124
  46 T   0.99999 0.00001 ( 1)  0.124
  47 L   0.99981 0.00019 ( 1)  0.124
  48 M   0.99781 0.00219 ( 1)  0.126
  49 E   1.00000 0.00000 ( 1)  0.124
  50 R   1.00000 0.00000 ( 1)  0.124
  51 D   1.00000 0.00000 ( 1)  0.124
  52 R   1.00000 0.00000 ( 1)  0.124
  53 R   1.00000 0.00000 ( 1)  0.124
  54 V   0.00000 1.00000 ( 2)  1.000
  55 S   1.00000 0.00000 ( 1)  0.124
  56 G   1.00000 0.00000 ( 1)  0.124
  57 V   0.99991 0.00009 ( 1)  0.124
  58 N   1.00000 0.00000 ( 1)  0.124
  59 K   1.00000 0.00000 ( 1)  0.124
  60 Y   1.00000 0.00000 ( 1)  0.124
  61 Y   0.99986 0.00014 ( 1)  0.124
  62 V   1.00000 0.00000 ( 1)  0.124
  63 S   1.00000 0.00000 ( 1)  0.124
  64 K   1.00000 0.00000 ( 1)  0.124
  65 G   0.00000 1.00000 ( 2)  1.000
