# Extracted from OG0012297_00.rst: NEB section

Naive Empirical Bayes (NEB) probabilities for 2 classes & postmean_w
(amino acids refer to 1st sequence: Acgen)

   1 M   1.00000 0.00000 ( 1)  0.132
   2 G   1.00000 0.00000 ( 1)  0.132
   3 T   1.00000 0.00000 ( 1)  0.132
   4 T   1.00000 0.00000 ( 1)  0.132
   5 A   1.00000 0.00000 ( 1)  0.132
   6 K   1.00000 0.00000 ( 1)  0.132
   7 E   1.00000 0.00000 ( 1)  0.132
   8 E   1.00000 0.00000 ( 1)  0.132
   9 M   1.00000 0.00000 ( 1)  0.132
  10 A   1.00000 0.00000 ( 1)  0.132
  11 R   1.00000 0.00000 ( 1)  0.132
  12 F   1.00000 0.00000 ( 1)  0.132
  13 W   1.00000 0.00000 ( 1)  0.132
  14 E   1.00000 0.00000 ( 1)  0.132
  15 K   1.00000 0.00000 ( 1)  0.132
  16 N   1.00000 0.00000 ( 1)  0.132
  17 T   1.00000 0.00000 ( 1)  0.132
  18 K   1.00000 0.00000 ( 1)  0.132
  19 S   1.00000 0.00000 ( 1)  0.132
  20 N   1.00000 0.00000 ( 1)  0.132
  21 R   1.00000 0.00000 ( 1)  0.132
  22 P   1.00000 0.00000 ( 1)  0.132
  23 L   1.00000 0.00000 ( 1)  0.132
  24 S   1.00000 0.00000 ( 1)  0.132
  25 P   1.00000 0.00000 ( 1)  0.132
  26 H   1.00000 0.00000 ( 1)  0.132
  27 I   1.00000 0.00000 ( 1)  0.132
  28 T   1.00000 0.00000 ( 1)  0.132
  29 I   1.00000 0.00000 ( 1)  0.132
  30 Y   1.00000 0.00000 ( 1)  0.132
  31 K   1.00000 0.00000 ( 1)  0.132
  32 W   1.00000 0.00000 ( 1)  0.132
  33 S   1.00000 0.00000 ( 1)  0.132
  34 L   1.00000 0.00000 ( 1)  0.132
  35 P   1.00000 0.00000 ( 1)  0.132
  36 M   1.00000 0.00000 ( 1)  0.132
  37 A   1.00000 0.00000 ( 1)  0.132
  38 M   1.00000 0.00000 ( 1)  0.132
  39 S   1.00000 0.00000 ( 1)  0.132
  40 I   1.00000 0.00000 ( 1)  0.132
  41 T   1.00000 0.00000 ( 1)  0.132
  42 H   1.00000 0.00000 ( 1)  0.132
  43 R   1.00000 0.00000 ( 1)  0.132
  44 G   1.00000 0.00000 ( 1)  0.132
  45 T   1.00000 0.00000 ( 1)  0.132
  46 G   1.00000 0.00000 ( 1)  0.132
  47 V   1.00000 0.00000 ( 1)  0.132
  48 A   1.00000 0.00000 ( 1)  0.132
  49 L   1.00000 0.00000 ( 1)  0.132
  50 S   1.00000 0.00000 ( 1)  0.132
  51 L   0.99991 0.00009 ( 1)  0.132
  52 V   1.00000 0.00000 ( 1)  0.132
  53 S   1.00000 0.00000 ( 1)  0.132
  54 L   0.00033 0.99967 ( 2)  1.000
  55 F   1.00000 0.00000 ( 1)  0.132
  56 S   0.99890 0.00110 ( 1)  0.133
  57 L   0.00064 0.99936 ( 2)  0.999
  58 A   1.00000 0.00000 ( 1)  0.132
  59 A   1.00000 0.00000 ( 1)  0.132
  60 L   0.99926 0.00074 ( 1)  0.132
  61 L   0.00218 0.99782 ( 2)  0.998
  62 L   1.00000 0.00000 ( 1)  0.132
  63 P   1.00000 0.00000 ( 1)  0.132
  64 E   1.00000 0.00000 ( 1)  0.132
  65 Q   1.00000 0.00000 ( 1)  0.132
  66 F   1.00000 0.00000 ( 1)  0.132
  67 P   1.00000 0.00000 ( 1)  0.132
  68 H   1.00000 0.00000 ( 1)  0.132
  69 Y   1.00000 0.00000 ( 1)  0.132
  70 L   0.99997 0.00003 ( 1)  0.132
  71 A   1.00000 0.00000 ( 1)  0.132
  72 M   0.00013 0.99987 ( 2)  1.000
  73 V   1.00000 0.00000 ( 1)  0.132
  74 K   1.00000 0.00000 ( 1)  0.132
  75 S   1.00000 0.00000 ( 1)  0.132
  76 L   1.00000 0.00000 ( 1)  0.132
  77 A   0.43537 0.56463 ( 2)  0.622
  78 L   1.00000 0.00000 ( 1)  0.132
  79 I   0.99727 0.00273 ( 1)  0.134
  80 Y   0.99982 0.00018 ( 1)  0.132
  81 S   1.00000 0.00000 ( 1)  0.132
  82 A   1.00000 0.00000 ( 1)  0.132
  83 K   1.00000 0.00000 ( 1)  0.132
  84 F   1.00000 0.00000 ( 1)  0.132
  85 A   0.00000 1.00000 ( 2)  1.000
  86 L   0.99920 0.00080 ( 1)  0.132
  87 A   0.95298 0.04702 ( 1)  0.173
  88 F   0.00000 1.00000 ( 2)  1.000
  89 S   0.99951 0.00049 ( 1)  0.132
  90 Y   1.00000 0.00000 ( 1)  0.132
  91 H   1.00000 0.00000 ( 1)  0.132
  92 T   1.00000 0.00000 ( 1)  0.132
  93 W   1.00000 0.00000 ( 1)  0.132
  94 N   1.00000 0.00000 ( 1)  0.132
  95 G   1.00000 0.00000 ( 1)  0.132
  96 V   0.99997 0.00003 ( 1)  0.132
  97 R   1.00000 0.00000 ( 1)  0.132
