# Extracted from OG0009551_00.rst: BEB section

Bayes Empirical Bayes (BEB) probabilities for 3 classes (class) & postmean_w
(amino acids refer to 1st sequence: Acchl)

   1 -   0.00000 0.92814 0.07186 ( 2)  1.107 +-  0.386
   2 -   0.00000 0.99999 0.00001 ( 2)  1.000 +-  0.001
   3 -   0.02253 0.97747 0.00000 ( 2)  0.983 +-  0.111
   4 -   0.00518 0.99481 0.00000 ( 2)  0.996 +-  0.054
   5 -   0.00000 0.96348 0.03652 ( 2)  1.054 +-  0.280
   6 -   0.00000 0.98998 0.01002 ( 2)  1.015 +-  0.147
   7 -   0.45638 0.54361 0.00001 ( 2)  0.648 +-  0.385
   8 -   0.00114 0.99886 0.00000 ( 2)  0.999 +-  0.025
   9 -   0.97522 0.02478 0.00000 ( 1)  0.222 +-  0.133
  10 -   1.00000 0.00000 0.00000 ( 1)  0.201 +-  0.050
  11 -   0.00000 0.00002 0.99998 ( 3)  2.499 +-  0.025
  12 -   0.00000 0.16131 0.83869 ( 3)  2.258 +-  0.552
  13 -   1.00000 0.00000 0.00000 ( 1)  0.201 +-  0.050
  14 -   1.00000 0.00000 0.00000 ( 1)  0.201 +-  0.050
  15 -   0.99111 0.00889 0.00000 ( 1)  0.208 +-  0.090
  16 -   1.00000 0.00000 0.00000 ( 1)  0.201 +-  0.050
  17 -   0.83148 0.16852 0.00000 ( 1)  0.343 +-  0.299
  18 -   0.99924 0.00076 0.00000 ( 1)  0.202 +-  0.055
  19 -   1.00000 0.00000 0.00000 ( 1)  0.201 +-  0.050
  20 -   0.97444 0.02556 0.00000 ( 1)  0.223 +-  0.135
  21 -   0.99878 0.00122 0.00000 ( 1)  0.202 +-  0.057
  22 -   0.00000 0.30212 0.69788 ( 3)  2.046 +-  0.689
  23 -   1.00000 0.00000 0.00000 ( 1)  0.201 +-  0.050
  24 -   0.00000 0.89095 0.10905 ( 2)  1.163 +-  0.467
  25 -   1.00000 0.00000 0.00000 ( 1)  0.201 +-  0.050
  26 -   0.00000 0.00089 0.99911 ( 3)  2.498 +-  0.051
  27 -   1.00000 0.00000 0.00000 ( 1)  0.201 +-  0.050
  28 -   0.01918 0.98082 0.00000 ( 2)  0.986 +-  0.103
  29 -   0.99999 0.00001 0.00000 ( 1)  0.201 +-  0.050
  30 -   0.99998 0.00002 0.00000 ( 1)  0.201 +-  0.050
  31 -   0.10655 0.89344 0.00001 ( 2)  0.920 +-  0.232
  32 -   0.97305 0.02695 0.00000 ( 1)  0.223 +-  0.138
  33 -   0.59487 0.40513 0.00000 ( 1)  0.541 +-  0.380
  34 -   0.92178 0.07822 0.00000 ( 1)  0.267 +-  0.219
  35 -   0.00654 0.99346 0.00000 ( 2)  0.995 +-  0.060
  36 -   0.99998 0.00002 0.00000 ( 1)  0.201 +-  0.050
  37 -   0.99997 0.00003 0.00000 ( 1)  0.201 +-  0.050
  38 -   0.99989 0.00011 0.00000 ( 1)  0.201 +-  0.051
  39 -   0.99991 0.00009 0.00000 ( 1)  0.201 +-  0.051
  40 -   1.00000 0.00000 0.00000 ( 1)  0.201 +-  0.050
  41 -   0.99984 0.00016 0.00000 ( 1)  0.201 +-  0.051
  42 -   0.57703 0.42297 0.00000 ( 1)  0.558 +-  0.380
  43 -   0.45723 0.54277 0.00000 ( 2)  0.655 +-  0.376
  44 -   1.00000 0.00000 0.00000 ( 1)  0.201 +-  0.050
  45 -   0.99131 0.00869 0.00000 ( 1)  0.208 +-  0.089
  46 -   1.00000 0.00000 0.00000 ( 1)  0.201 +-  0.050
  47 -   0.99996 0.00004 0.00000 ( 1)  0.201 +-  0.050
  48 -   0.01828 0.98165 0.00007 ( 2)  0.986 +-  0.101
  49 -   0.81422 0.18578 0.00000 ( 1)  0.358 +-  0.310
  50 -   0.99951 0.00049 0.00000 ( 1)  0.201 +-  0.053
  51 -   0.98704 0.01296 0.00000 ( 1)  0.212 +-  0.103
  52 -   0.99225 0.00775 0.00000 ( 1)  0.207 +-  0.086
  53 -   0.61379 0.38621 0.00000 ( 1)  0.528 +-  0.375
  54 -   0.00000 1.00000 0.00000 ( 2)  1.000 +-  0.001
  55 -   1.00000 0.00000 0.00000 ( 1)  0.201 +-  0.050
  56 N   0.55299 0.44701 0.00000 ( 1)  0.580 +-  0.378
  57 P   1.00000 0.00000 0.00000 ( 1)  0.201 +-  0.050
  58 A   1.00000 0.00000 0.00000 ( 1)  0.201 +-  0.050
  59 L   1.00000 0.00000 0.00000 ( 1)  0.201 +-  0.050
  60 L   0.00000 0.70417 0.29583 ( 2)  1.443 +-  0.684
  61 R   1.00000 0.00000 0.00000 ( 1)  0.201 +-  0.050
  62 W   1.00000 0.00000 0.00000 ( 1)  0.201 +-  0.050
  63 A   0.00000 0.99999 0.00001 ( 2)  1.000 +-  0.002
  64 Y   0.01498 0.98502 0.00000 ( 2)  0.989 +-  0.091
  65 A   1.00000 0.00000 0.00000 ( 1)  0.201 +-  0.050
  66 R   1.00000 0.00000 0.00000 ( 1)  0.201 +-  0.050
  67 S   0.33896 0.66104 0.00000 ( 2)  0.746 +-  0.355
  68 H   0.00000 1.00000 0.00000 ( 2)  1.000 +-  0.000
  69 N   1.00000 0.00000 0.00000 ( 1)  0.201 +-  0.050
  70 V   1.00000 0.00000 0.00000 ( 1)  0.201 +-  0.050
  71 Y   0.99999 0.00001 0.00000 ( 1)  0.201 +-  0.050
  72 P   1.00000 0.00000 0.00000 ( 1)  0.201 +-  0.050
  73 T   1.00000 0.00000 0.00000 ( 1)  0.201 +-  0.050
  74 F   1.00000 0.00000 0.00000 ( 1)  0.201 +-  0.050
  75 R   1.00000 0.00000 0.00000 ( 1)  0.201 +-  0.050
  76 P   1.00000 0.00000 0.00000 ( 1)  0.201 +-  0.050
  77 T   1.00000 0.00000 0.00000 ( 1)  0.201 +-  0.050
  78 P   0.99992 0.00008 0.00000 ( 1)  0.201 +-  0.050
  79 K   0.00003 0.99997 0.00000 ( 2)  1.000 +-  0.004
  80 T   1.00000 0.00000 0.00000 ( 1)  0.201 +-  0.050
  81 S   1.00000 0.00000 0.00000 ( 1)  0.201 +-  0.050
  82 F   0.99816 0.00184 0.00000 ( 1)  0.202 +-  0.061
  83 L   0.99997 0.00003 0.00000 ( 1)  0.201 +-  0.050
  84 G   1.00000 0.00000 0.00000 ( 1)  0.201 +-  0.050
  85 A   0.85069 0.14931 0.00000 ( 1)  0.327 +-  0.285
  86 V   0.00000 1.00000 0.00000 ( 2)  1.000 +-  0.000
  87 F   0.00000 0.99981 0.00019 ( 2)  1.000 +-  0.010
  88 G   0.00045 0.99955 0.00000 ( 2)  1.000 +-  0.016
  89 I   0.28106 0.71894 0.00000 ( 2)  0.789 +-  0.337
  90 G   1.00000 0.00000 0.00000 ( 1)  0.201 +-  0.050
  91 P   1.00000 0.00000 0.00000 ( 1)  0.201 +-  0.050
  92 I   0.00000 0.99996 0.00004 ( 2)  1.000 +-  0.003
  93 L   0.94502 0.05498 0.00000 ( 1)  0.248 +-  0.188
  94 F   1.00000 0.00000 0.00000 ( 1)  0.201 +-  0.050
  95 W   1.00000 0.00000 0.00000 ( 1)  0.201 +-  0.050
  96 M   0.00000 0.99973 0.00027 ( 2)  1.000 +-  0.008
  97 A   0.00000 0.99928 0.00072 ( 2)  1.001 +-  0.033
  98 V   0.00000 1.00000 0.00000 ( 2)  1.000 +-  0.001
  99 F   1.00000 0.00000 0.00000 ( 1)  0.201 +-  0.050
 100 K   1.00000 0.00000 0.00000 ( 1)  0.201 +-  0.050
 101 M   0.00000 0.00000 1.00000 ( 3)  2.500 +-  0.025
 102 D   0.00120 0.99880 0.00000 ( 2)  0.999 +-  0.026
 103 R   1.00000 0.00000 0.00000 ( 1)  0.201 +-  0.050
 104 D   1.00000 0.00000 0.00000 ( 1)  0.201 +-  0.050
 105 R   0.00022 0.99978 0.00000 ( 2)  1.000 +-  0.011
 106 R   0.01186 0.98814 0.00000 ( 2)  0.991 +-  0.081
 107 E   0.92676 0.07324 0.00000 ( 1)  0.263 +-  0.213
 108 K   0.76799 0.23201 0.00000 ( 1)  0.397 +-  0.334
 109 L   0.00000 1.00000 0.00000 ( 2)  1.000 +-  0.001
 110 I   0.21626 0.78374 0.00000 ( 2)  0.838 +-  0.309
 111 Q   0.00003 0.99997 0.00000 ( 2)  1.000 +-  0.004
 112 E   1.00000 0.00000 0.00000 ( 1)  0.201 +-  0.050
 113 G   1.00000 0.00000 0.00000 ( 1)  0.201 +-  0.050
 114 K   0.99663 0.00337 0.00000 ( 1)  0.204 +-  0.068
 115 Y   0.00000 0.20011 0.79989 ( 3)  2.199 +-  0.600
 116 E   0.00001 0.99999 0.00000 ( 2)  1.000 +-  0.002
 117 R   0.00000 0.99998 0.00002 ( 2)  1.000 +-  0.002

Positively selected sites

	Prob(w>1)  mean w

    11 -      1.000**       2.499 +- 0.025
    12 -      0.839         2.258 +- 0.552
    22 -      0.698         2.046 +- 0.689
    26 -      0.999**       2.498 +- 0.051
   101 M      1.000**       2.500 +- 0.025
   115 Y      0.800         2.199 +- 0.600
