# Extracted from OG0004234_00.rst: BEB section

Bayes Empirical Bayes (BEB) probabilities for 3 classes (class) & postmean_w
(amino acids refer to 1st sequence: Acchl)

   1 G   1.00000 0.00000 0.00000 ( 1)  0.050 +-  0.000
   2 V   1.00000 0.00000 0.00000 ( 1)  0.050 +-  0.000
   3 R   0.99907 0.00093 0.00000 ( 1)  0.051 +-  0.029
   4 D   1.00000 0.00000 0.00000 ( 1)  0.050 +-  0.001
   5 I   0.00009 0.99991 0.00000 ( 2)  1.000 +-  0.009
   6 H   0.99841 0.00159 0.00000 ( 1)  0.052 +-  0.038
   7 A   1.00000 0.00000 0.00000 ( 1)  0.050 +-  0.000
   8 D   1.00000 0.00000 0.00000 ( 1)  0.050 +-  0.000
   9 H   1.00000 0.00000 0.00000 ( 1)  0.050 +-  0.002
  10 A   1.00000 0.00000 0.00000 ( 1)  0.050 +-  0.000
  11 A   1.00000 0.00000 0.00000 ( 1)  0.050 +-  0.000
  12 S   1.00000 0.00000 0.00000 ( 1)  0.050 +-  0.000
  13 H   0.99998 0.00002 0.00000 ( 1)  0.050 +-  0.004
  14 I   0.99999 0.00001 0.00000 ( 1)  0.050 +-  0.003
  15 G   1.00000 0.00000 0.00000 ( 1)  0.050 +-  0.000
  16 K   1.00000 0.00000 0.00000 ( 1)  0.050 +-  0.000
  17 A   1.00000 0.00000 0.00000 ( 1)  0.050 +-  0.000
  18 Q   0.99963 0.00037 0.00000 ( 1)  0.050 +-  0.018
  19 G   1.00000 0.00000 0.00000 ( 1)  0.050 +-  0.000
  20 I   1.00000 0.00000 0.00000 ( 1)  0.050 +-  0.000
  21 V   1.00000 0.00000 0.00000 ( 1)  0.050 +-  0.001
  22 T   1.00000 0.00000 0.00000 ( 1)  0.050 +-  0.000
  23 C   1.00000 0.00000 0.00000 ( 1)  0.050 +-  0.000
  24 L   1.00000 0.00000 0.00000 ( 1)  0.050 +-  0.000
  25 R   1.00000 0.00000 0.00000 ( 1)  0.050 +-  0.000
  26 A   1.00000 0.00000 0.00000 ( 1)  0.050 +-  0.000
  27 T   1.00000 0.00000 0.00000 ( 1)  0.050 +-  0.000
  28 P   1.00000 0.00000 0.00000 ( 1)  0.050 +-  0.000
  29 Y   1.00000 0.00000 0.00000 ( 1)  0.050 +-  0.000
  30 H   0.99999 0.00001 0.00000 ( 1)  0.050 +-  0.003
  31 S   0.00000 1.00000 0.00000 ( 2)  1.000 +-  0.001
  32 T   0.00000 1.00000 0.00000 ( 2)  1.000 +-  0.000
  33 R   0.96666 0.03334 0.00000 ( 1)  0.082 +-  0.171
  34 Q   0.00000 0.55496 0.44504 ( 2)  1.668 +-  0.746
  35 K   1.00000 0.00000 0.00000 ( 1)  0.050 +-  0.000
  36 V   1.00000 0.00000 0.00000 ( 1)  0.050 +-  0.000
  37 F   1.00000 0.00000 0.00000 ( 1)  0.050 +-  0.000
  38 L   1.00000 0.00000 0.00000 ( 1)  0.050 +-  0.000
  39 P   0.99998 0.00002 0.00000 ( 1)  0.050 +-  0.004
  40 M   1.00000 0.00000 0.00000 ( 1)  0.050 +-  0.000
  41 D   1.00000 0.00000 0.00000 ( 1)  0.050 +-  0.000
  42 I   0.00020 0.99980 0.00000 ( 2)  1.000 +-  0.013
  43 C   1.00000 0.00000 0.00000 ( 1)  0.050 +-  0.000
  44 M   1.00000 0.00000 0.00000 ( 1)  0.050 +-  0.000
  45 L   0.99944 0.00056 0.00000 ( 1)  0.051 +-  0.022
  46 H   0.99994 0.00006 0.00000 ( 1)  0.050 +-  0.007
  47 G   1.00000 0.00000 0.00000 ( 1)  0.050 +-  0.000
  48 I   1.00000 0.00000 0.00000 ( 1)  0.050 +-  0.000
  49 S   1.00000 0.00000 0.00000 ( 1)  0.050 +-  0.000
  50 Q   1.00000 0.00000 0.00000 ( 1)  0.050 +-  0.001
  51 E   1.00000 0.00000 0.00000 ( 1)  0.050 +-  0.000
  52 D   1.00000 0.00000 0.00000 ( 1)  0.050 +-  0.000
  53 V   0.98315 0.01685 0.00000 ( 1)  0.066 +-  0.122
  54 I   1.00000 0.00000 0.00000 ( 1)  0.050 +-  0.000
  55 R   1.00000 0.00000 0.00000 ( 1)  0.050 +-  0.000
  56 G   1.00000 0.00000 0.00000 ( 1)  0.050 +-  0.000
  57 K   1.00000 0.00000 0.00000 ( 1)  0.050 +-  0.000
  58 Q   0.99374 0.00626 0.00000 ( 1)  0.056 +-  0.075
  59 E   1.00000 0.00000 0.00000 ( 1)  0.050 +-  0.002
  60 K   1.00000 0.00000 0.00000 ( 1)  0.050 +-  0.000
  61 N   1.00000 0.00000 0.00000 ( 1)  0.050 +-  0.000
  62 V   0.00421 0.99578 0.00000 ( 2)  0.996 +-  0.062
  63 R   1.00000 0.00000 0.00000 ( 1)  0.050 +-  0.001
  64 D   1.00000 0.00000 0.00000 ( 1)  0.050 +-  0.000
  65 V   1.00000 0.00000 0.00000 ( 1)  0.050 +-  0.000
  66 I   1.00000 0.00000 0.00000 ( 1)  0.050 +-  0.001
  67 Y   1.00000 0.00000 0.00000 ( 1)  0.050 +-  0.000
  68 D   0.99999 0.00001 0.00000 ( 1)  0.050 +-  0.003
  69 I   0.99212 0.00788 0.00000 ( 1)  0.057 +-  0.084
  70 A   0.99268 0.00732 0.00000 ( 1)  0.057 +-  0.081
  71 S   1.00000 0.00000 0.00000 ( 1)  0.050 +-  0.000
  72 Q   1.00000 0.00000 0.00000 ( 1)  0.050 +-  0.000
  73 A   1.00000 0.00000 0.00000 ( 1)  0.050 +-  0.000
  74 H   0.99993 0.00007 0.00000 ( 1)  0.050 +-  0.008
  75 I   0.00000 1.00000 0.00000 ( 2)  1.000 +-  0.001
  76 H   1.00000 0.00000 0.00000 ( 1)  0.050 +-  0.002
  77 L   1.00000 0.00000 0.00000 ( 1)  0.050 +-  0.000
  78 E   1.00000 0.00000 0.00000 ( 1)  0.050 +-  0.001
  79 H   0.99992 0.00008 0.00000 ( 1)  0.050 +-  0.009
  80 A   0.00000 0.00000 1.00000 ( 3)  2.817 +-  0.475
  81 R   0.99967 0.00033 0.00000 ( 1)  0.050 +-  0.017

Positively selected sites

	Prob(w>1)  mean w

    80 A      1.000**       2.817 +- 0.475
