# Extracted from OG0004071_00.rst: NEB section

Naive Empirical Bayes (NEB) probabilities for 2 classes & postmean_w
(amino acids refer to 1st sequence: Acgen)

   1 M   1.00000 0.00000 ( 1)  0.059
   2 A   1.00000 0.00000 ( 1)  0.059
   3 V   0.96956 0.03044 ( 1)  0.087
   4 A   1.00000 0.00000 ( 1)  0.059
   5 G   1.00000 0.00000 ( 1)  0.059
   6 K   0.00000 1.00000 ( 2)  1.000
   7 G   1.00000 0.00000 ( 1)  0.059
   8 A   0.00000 1.00000 ( 2)  1.000
   9 V   0.00000 1.00000 ( 2)  1.000
  10 S   0.00001 0.99999 ( 2)  1.000
  11 A   0.99018 0.00982 ( 1)  0.068
  12 A   1.00000 0.00000 ( 1)  0.059
  13 V   1.00000 0.00000 ( 1)  0.059
  14 K   1.00000 0.00000 ( 1)  0.059
  15 P   1.00000 0.00000 ( 1)  0.059
  16 I   1.00000 0.00000 ( 1)  0.059
  17 F   0.99997 0.00003 ( 1)  0.059
  18 S   1.00000 0.00000 ( 1)  0.059
  19 R   1.00000 0.00000 ( 1)  0.059
  20 D   0.99991 0.00009 ( 1)  0.059
  21 L   1.00000 0.00000 ( 1)  0.059
  22 G   0.00000 1.00000 ( 2)  1.000
  23 E   1.00000 0.00000 ( 1)  0.059
  24 A   1.00000 0.00000 ( 1)  0.059
  25 K   1.00000 0.00000 ( 1)  0.059
  26 R   1.00000 0.00000 ( 1)  0.059
  27 R   1.00000 0.00000 ( 1)  0.059
  28 V   1.00000 0.00000 ( 1)  0.059
  29 R   1.00000 0.00000 ( 1)  0.059
  30 E   1.00000 0.00000 ( 1)  0.059
  31 L   1.00000 0.00000 ( 1)  0.059
  32 Y   1.00000 0.00000 ( 1)  0.059
  33 R   1.00000 0.00000 ( 1)  0.059
  34 A   1.00000 0.00000 ( 1)  0.059
  35 W   1.00000 0.00000 ( 1)  0.059
  36 Y   1.00000 0.00000 ( 1)  0.059
  37 R   1.00000 0.00000 ( 1)  0.059
  38 E   1.00000 0.00000 ( 1)  0.059
  39 V   1.00000 0.00000 ( 1)  0.059
  40 P   1.00000 0.00000 ( 1)  0.059
  41 N   1.00000 0.00000 ( 1)  0.059
  42 A   0.00000 1.00000 ( 2)  1.000
  43 V   1.00000 0.00000 ( 1)  0.059
  44 H   1.00000 0.00000 ( 1)  0.059
  45 L   1.00000 0.00000 ( 1)  0.059
  46 Y   1.00000 0.00000 ( 1)  0.059
  47 Q   1.00000 0.00000 ( 1)  0.059
  48 L   1.00000 0.00000 ( 1)  0.059
  49 D   1.00000 0.00000 ( 1)  0.059
  50 I   1.00000 0.00000 ( 1)  0.059
  51 T   1.00000 0.00000 ( 1)  0.059
  52 V   1.00000 0.00000 ( 1)  0.059
  53 K   0.00000 1.00000 ( 2)  1.000
  54 Q   1.00000 0.00000 ( 1)  0.059
  55 G   1.00000 0.00000 ( 1)  0.059
  56 R   1.00000 0.00000 ( 1)  0.059
  57 N   0.99977 0.00023 ( 1)  0.059
  58 K   1.00000 0.00000 ( 1)  0.059
  59 V   1.00000 0.00000 ( 1)  0.059
  60 R   1.00000 0.00000 ( 1)  0.059
  61 E   1.00000 0.00000 ( 1)  0.059
  62 M   1.00000 0.00000 ( 1)  0.059
  63 F   0.88718 0.11282 ( 1)  0.165
  64 M   0.00000 1.00000 ( 2)  1.000
  65 K   1.00000 0.00000 ( 1)  0.059
  66 N   1.00000 0.00000 ( 1)  0.059
  67 A   1.00000 0.00000 ( 1)  0.059
  68 H   1.00000 0.00000 ( 1)  0.059
  69 V   0.00002 0.99998 ( 2)  1.000
  70 T   0.13286 0.86714 ( 2)  0.875
  71 D   1.00000 0.00000 ( 1)  0.059
  72 P   1.00000 0.00000 ( 1)  0.059
  73 R   1.00000 0.00000 ( 1)  0.059
  74 V   1.00000 0.00000 ( 1)  0.059
  75 I   1.00000 0.00000 ( 1)  0.059
  76 D   1.00000 0.00000 ( 1)  0.059
  77 M   0.99997 0.00003 ( 1)  0.059
  78 L   1.00000 0.00000 ( 1)  0.059
  79 V   1.00000 0.00000 ( 1)  0.059
  80 I   1.00000 0.00000 ( 1)  0.059
  81 K   1.00000 0.00000 ( 1)  0.059
  82 G   1.00000 0.00000 ( 1)  0.059
  83 K   1.00000 0.00000 ( 1)  0.059
  84 M   1.00000 0.00000 ( 1)  0.059
  85 D   0.00000 1.00000 ( 2)  1.000
  86 L   1.00000 0.00000 ( 1)  0.059
  87 Q   0.03256 0.96744 ( 2)  0.969
  88 E   1.00000 0.00000 ( 1)  0.059
  89 T   1.00000 0.00000 ( 1)  0.059
  90 I   1.00000 0.00000 ( 1)  0.059
  91 Q   0.00000 1.00000 ( 2)  1.000
  92 V   1.00000 0.00000 ( 1)  0.059
  93 W   1.00000 0.00000 ( 1)  0.059
  94 K   1.00000 0.00000 ( 1)  0.059
  95 Q   1.00000 0.00000 ( 1)  0.059
  96 R   1.00000 0.00000 ( 1)  0.059
  97 T   1.00000 0.00000 ( 1)  0.059
  98 H   1.00000 0.00000 ( 1)  0.059
  99 I   0.00000 1.00000 ( 2)  1.000
 100 M   1.00000 0.00000 ( 1)  0.059
 101 R   1.00000 0.00000 ( 1)  0.059
 102 Y   1.00000 0.00000 ( 1)  0.059
 103 F   0.99997 0.00003 ( 1)  0.059
 104 H   1.00000 0.00000 ( 1)  0.059
 105 E   1.00000 0.00000 ( 1)  0.059
 106 T   1.00000 0.00000 ( 1)  0.059
 107 E   1.00000 0.00000 ( 1)  0.059
 108 T   0.99496 0.00504 ( 1)  0.063
 109 P   0.99995 0.00005 ( 1)  0.059
 110 R   0.99803 0.00197 ( 1)  0.060
 111 P   1.00000 0.00000 ( 1)  0.059
 112 K   0.04589 0.95411 ( 2)  0.957
 113 D   1.00000 0.00000 ( 1)  0.059
 114 F   1.00000 0.00000 ( 1)  0.059
 115 L   1.00000 0.00000 ( 1)  0.059
 116 S   1.00000 0.00000 ( 1)  0.059
 117 K   1.00000 0.00000 ( 1)  0.059
 118 F   0.99997 0.00003 ( 1)  0.059
 119 Y   0.99999 0.00001 ( 1)  0.059
 120 A   0.99999 0.00001 ( 1)  0.059
 121 G   1.00000 0.00000 ( 1)  0.059
 122 H   1.00000 0.00000 ( 1)  0.059
 123 D   0.98550 0.01450 ( 1)  0.072
 124 P   1.00000 0.00000 ( 1)  0.059
