# Extracted from OG0003581_00.rst: NEB section

Naive Empirical Bayes (NEB) probabilities for 2 classes & postmean_w
(amino acids refer to 1st sequence: Acchl)

   1 P   0.00000 1.00000 ( 2)  1.000
   2 G   1.00000 0.00000 ( 1)  0.075
   3 L   0.00000 1.00000 ( 2)  1.000
   4 S   1.00000 0.00000 ( 1)  0.075
   5 V   0.02087 0.97913 ( 2)  0.981
   6 L   0.00001 0.99999 ( 2)  1.000
   7 A   0.00000 1.00000 ( 2)  1.000
   8 A   0.87656 0.12344 ( 1)  0.189
   9 A   0.99784 0.00216 ( 1)  0.077
  10 P   0.99996 0.00004 ( 1)  0.075
  11 S   0.03626 0.96374 ( 2)  0.966
  12 A   0.00000 1.00000 ( 2)  1.000
  13 L   0.00070 0.99930 ( 2)  0.999
  14 Q   0.00000 1.00000 ( 2)  1.000
  15 Q   0.99993 0.00007 ( 1)  0.075
  16 Q   0.00000 1.00000 ( 2)  1.000
  17 R   0.00000 1.00000 ( 2)  1.000
  18 Q   0.00004 0.99996 ( 2)  1.000
  19 V   1.00000 0.00000 ( 1)  0.075
  20 H   1.00000 0.00000 ( 1)  0.075
  21 H   1.00000 0.00000 ( 1)  0.075
  22 A   1.00000 0.00000 ( 1)  0.075
  23 V   0.00000 1.00000 ( 2)  1.000
  24 I   1.00000 0.00000 ( 1)  0.075
  25 P   1.00000 0.00000 ( 1)  0.075
  26 H   0.00000 1.00000 ( 2)  1.000
  27 G   1.00000 0.00000 ( 1)  0.075
  28 R   1.00000 0.00000 ( 1)  0.075
  29 S   1.00000 0.00000 ( 1)  0.075
  30 G   1.00000 0.00000 ( 1)  0.075
  31 R   1.00000 0.00000 ( 1)  0.075
  32 S   1.00000 0.00000 ( 1)  0.075
  33 S   1.00000 0.00000 ( 1)  0.075
  34 V   1.00000 0.00000 ( 1)  0.075
  35 S   1.00000 0.00000 ( 1)  0.075
  36 G   1.00000 0.00000 ( 1)  0.075
  37 I   1.00000 0.00000 ( 1)  0.075
  38 V   1.00000 0.00000 ( 1)  0.075
  39 A   1.00000 0.00000 ( 1)  0.075
  40 T   1.00000 0.00000 ( 1)  0.075
  41 V   1.00000 0.00000 ( 1)  0.075
  42 F   1.00000 0.00000 ( 1)  0.075
  43 G   1.00000 0.00000 ( 1)  0.075
  44 A   1.00000 0.00000 ( 1)  0.075
  45 T   1.00000 0.00000 ( 1)  0.075
  46 G   1.00000 0.00000 ( 1)  0.075
  47 F   1.00000 0.00000 ( 1)  0.075
  48 L   1.00000 0.00000 ( 1)  0.075
  49 G   1.00000 0.00000 ( 1)  0.075
  50 R   1.00000 0.00000 ( 1)  0.075
  51 Y   1.00000 0.00000 ( 1)  0.075
  52 V   1.00000 0.00000 ( 1)  0.075
  53 V   1.00000 0.00000 ( 1)  0.075
  54 N   1.00000 0.00000 ( 1)  0.075
  55 R   1.00000 0.00000 ( 1)  0.075
  56 L   1.00000 0.00000 ( 1)  0.075
  57 G   1.00000 0.00000 ( 1)  0.075
  58 R   1.00000 0.00000 ( 1)  0.075
  59 I   0.99996 0.00004 ( 1)  0.075
  60 G   1.00000 0.00000 ( 1)  0.075
  61 S   1.00000 0.00000 ( 1)  0.075
  62 Q   1.00000 0.00000 ( 1)  0.075
  63 V   1.00000 0.00000 ( 1)  0.075
  64 I   1.00000 0.00000 ( 1)  0.075
  65 I   1.00000 0.00000 ( 1)  0.075
  66 P   1.00000 0.00000 ( 1)  0.075
  67 Y   1.00000 0.00000 ( 1)  0.075
  68 R   1.00000 0.00000 ( 1)  0.075
  69 C   1.00000 0.00000 ( 1)  0.075
  70 D   1.00000 0.00000 ( 1)  0.075
  71 Q   0.99995 0.00005 ( 1)  0.075
  72 Y   1.00000 0.00000 ( 1)  0.075
  73 D   1.00000 0.00000 ( 1)  0.075
  74 L   0.99999 0.00001 ( 1)  0.075
  75 M   1.00000 0.00000 ( 1)  0.075
  76 Y   0.99771 0.00229 ( 1)  0.077
  77 L   0.99999 0.00001 ( 1)  0.075
  78 R   1.00000 0.00000 ( 1)  0.075
  79 P   1.00000 0.00000 ( 1)  0.075
  80 M   1.00000 0.00000 ( 1)  0.075
  81 G   1.00000 0.00000 ( 1)  0.075
  82 D   1.00000 0.00000 ( 1)  0.075
  83 L   0.99999 0.00001 ( 1)  0.075
  84 G   1.00000 0.00000 ( 1)  0.075
  85 Q   1.00000 0.00000 ( 1)  0.075
  86 L   1.00000 0.00000 ( 1)  0.075
  87 L   1.00000 0.00000 ( 1)  0.075
  88 F   1.00000 0.00000 ( 1)  0.075
  89 L   0.00000 1.00000 ( 2)  1.000
  90 E   1.00000 0.00000 ( 1)  0.075
  91 W   1.00000 0.00000 ( 1)  0.075
  92 D   1.00000 0.00000 ( 1)  0.075
  93 C   1.00000 0.00000 ( 1)  0.075
  94 K   0.99201 0.00799 ( 1)  0.082
  95 D   1.00000 0.00000 ( 1)  0.075
  96 K   1.00000 0.00000 ( 1)  0.075
  97 D   1.00000 0.00000 ( 1)  0.075
  98 S   1.00000 0.00000 ( 1)  0.075
  99 I   1.00000 0.00000 ( 1)  0.075
 100 R   0.99991 0.00009 ( 1)  0.075
 101 R   1.00000 0.00000 ( 1)  0.075
 102 A   1.00000 0.00000 ( 1)  0.075
 103 V   0.99259 0.00741 ( 1)  0.082
 104 E   0.99953 0.00047 ( 1)  0.075
 105 H   1.00000 0.00000 ( 1)  0.075
 106 S   1.00000 0.00000 ( 1)  0.075
 107 N   1.00000 0.00000 ( 1)  0.075
 108 V   1.00000 0.00000 ( 1)  0.075
 109 V   1.00000 0.00000 ( 1)  0.075
 110 I   0.99996 0.00004 ( 1)  0.075
 111 N   1.00000 0.00000 ( 1)  0.075
 112 L   1.00000 0.00000 ( 1)  0.075
 113 I   0.00333 0.99667 ( 2)  0.997
 114 G   1.00000 0.00000 ( 1)  0.075
 115 K   1.00000 0.00000 ( 1)  0.075
 116 E   1.00000 0.00000 ( 1)  0.075
 117 W   1.00000 0.00000 ( 1)  0.075
 118 E   1.00000 0.00000 ( 1)  0.075
 119 T   1.00000 0.00000 ( 1)  0.075
 120 K   0.99847 0.00153 ( 1)  0.076
 121 N   1.00000 0.00000 ( 1)  0.075
 122 F   1.00000 0.00000 ( 1)  0.075
 123 R   0.00000 1.00000 ( 2)  1.000
 124 F   0.99960 0.00040 ( 1)  0.075
 125 E   1.00000 0.00000 ( 1)  0.075
 126 D   1.00000 0.00000 ( 1)  0.075
 127 E   0.00000 1.00000 ( 2)  1.000
 128 F   1.00000 0.00000 ( 1)  0.075
 129 V   1.00000 0.00000 ( 1)  0.075
 130 D   0.99999 0.00001 ( 1)  0.075
 131 I   1.00000 0.00000 ( 1)  0.075
 132 P   1.00000 0.00000 ( 1)  0.075
 133 K   0.00000 1.00000 ( 2)  1.000
 134 N   0.00000 1.00000 ( 2)  1.000
 135 I   1.00000 0.00000 ( 1)  0.075
 136 A   1.00000 0.00000 ( 1)  0.075
 137 Q   0.00000 1.00000 ( 2)  1.000
 138 I   1.00000 0.00000 ( 1)  0.075
 139 S   0.00000 1.00000 ( 2)  1.000
 140 R   0.99997 0.00003 ( 1)  0.075
 141 E   1.00000 0.00000 ( 1)  0.075
 142 A   0.99995 0.00005 ( 1)  0.075
 143 G   1.00000 0.00000 ( 1)  0.075
 144 V   1.00000 0.00000 ( 1)  0.075
 145 E   0.99971 0.00029 ( 1)  0.075
 146 T   1.00000 0.00000 ( 1)  0.075
 147 F   0.00000 1.00000 ( 2)  1.000
 148 I   0.00000 1.00000 ( 2)  1.000
 149 H   1.00000 0.00000 ( 1)  0.075
 150 I   0.00165 0.99835 ( 2)  0.998
 151 S   1.00000 0.00000 ( 1)  0.075
 152 H   1.00000 0.00000 ( 1)  0.075
 153 L   1.00000 0.00000 ( 1)  0.075
 154 N   1.00000 0.00000 ( 1)  0.075
 155 A   1.00000 0.00000 ( 1)  0.075
 156 S   0.00000 1.00000 ( 2)  1.000
 157 M   0.09413 0.90587 ( 2)  0.913
 158 K   0.00038 0.99962 ( 2)  1.000
 159 S   1.00000 0.00000 ( 1)  0.075
 160 P   0.97882 0.02118 ( 1)  0.095
 161 S   1.00000 0.00000 ( 1)  0.075
 162 K   1.00000 0.00000 ( 1)  0.075
 163 Y   1.00000 0.00000 ( 1)  0.075
 164 L   1.00000 0.00000 ( 1)  0.075
 165 R   1.00000 0.00000 ( 1)  0.075
 166 S   0.00000 1.00000 ( 2)  1.000
 167 K   1.00000 0.00000 ( 1)  0.075
 168 A   1.00000 0.00000 ( 1)  0.075
 169 V   1.00000 0.00000 ( 1)  0.075
 170 G   1.00000 0.00000 ( 1)  0.075
 171 E   1.00000 0.00000 ( 1)  0.075
 172 N   0.00000 1.00000 ( 2)  1.000
 173 A   0.00000 1.00000 ( 2)  1.000
 174 V   0.99997 0.00003 ( 1)  0.075
 175 R   1.00000 0.00000 ( 1)  0.075
 176 E   1.00000 0.00000 ( 1)  0.075
 177 E   0.93912 0.06088 ( 1)  0.131
 178 F   1.00000 0.00000 ( 1)  0.075
 179 P   1.00000 0.00000 ( 1)  0.075
 180 D   0.00000 1.00000 ( 2)  1.000
 181 A   1.00000 0.00000 ( 1)  0.075
 182 I   1.00000 0.00000 ( 1)  0.075
 183 I   1.00000 0.00000 ( 1)  0.075
 184 L   0.99816 0.00184 ( 1)  0.077
 185 K   1.00000 0.00000 ( 1)  0.075
 186 P   1.00000 0.00000 ( 1)  0.075
 187 S   1.00000 0.00000 ( 1)  0.075
 188 E   1.00000 0.00000 ( 1)  0.075
 189 M   1.00000 0.00000 ( 1)  0.075
 190 E   1.00000 0.00000 ( 1)  0.075
 191 D   1.00000 0.00000 ( 1)  0.075
 192 R   1.00000 0.00000 ( 1)  0.075
 193 F   1.00000 0.00000 ( 1)  0.075
 194 L   1.00000 0.00000 ( 1)  0.075
 195 N   1.00000 0.00000 ( 1)  0.075
 196 H   1.00000 0.00000 ( 1)  0.075
 197 Y   1.00000 0.00000 ( 1)  0.075
 198 A   0.99979 0.00021 ( 1)  0.075
 199 N   1.00000 0.00000 ( 1)  0.075
 200 M   1.00000 0.00000 ( 1)  0.075
 201 R   1.00000 0.00000 ( 1)  0.075
 202 W   0.87883 0.12117 ( 1)  0.187
 203 F   1.00000 0.00000 ( 1)  0.075
 204 G   1.00000 0.00000 ( 1)  0.075
 205 G   1.00000 0.00000 ( 1)  0.075
 206 V   1.00000 0.00000 ( 1)  0.075
 207 P   1.00000 0.00000 ( 1)  0.075
 208 L   1.00000 0.00000 ( 1)  0.075
 209 I   0.00000 1.00000 ( 2)  1.000
 210 A   0.00001 0.99999 ( 2)  1.000
 211 L   0.03679 0.96321 ( 2)  0.966
 212 G   1.00000 0.00000 ( 1)  0.075
 213 K   1.00000 0.00000 ( 1)  0.075
 214 K   1.00000 0.00000 ( 1)  0.075
 215 T   1.00000 0.00000 ( 1)  0.075
 216 V   0.00003 0.99997 ( 2)  1.000
 217 K   1.00000 0.00000 ( 1)  0.075
 218 Q   1.00000 0.00000 ( 1)  0.075
 219 P   1.00000 0.00000 ( 1)  0.075
 220 V   1.00000 0.00000 ( 1)  0.075
 221 Y   1.00000 0.00000 ( 1)  0.075
 222 V   1.00000 0.00000 ( 1)  0.075
 223 V   1.00000 0.00000 ( 1)  0.075
 224 D   1.00000 0.00000 ( 1)  0.075
 225 V   1.00000 0.00000 ( 1)  0.075
 226 A   1.00000 0.00000 ( 1)  0.075
 227 K   1.00000 0.00000 ( 1)  0.075
 228 A   1.00000 0.00000 ( 1)  0.075
 229 I   0.00992 0.99008 ( 2)  0.991
 230 I   0.00000 1.00000 ( 2)  1.000
 231 N   1.00000 0.00000 ( 1)  0.075
 232 A   0.88765 0.11235 ( 1)  0.179
 233 I   0.04365 0.95635 ( 2)  0.960
 234 K   0.99996 0.00004 ( 1)  0.075
 235 N   0.99996 0.00004 ( 1)  0.075
 236 P   1.00000 0.00000 ( 1)  0.075
 237 D   1.00000 0.00000 ( 1)  0.075
 238 A   1.00000 0.00000 ( 1)  0.075
 239 K   1.00000 0.00000 ( 1)  0.075
 240 G   1.00000 0.00000 ( 1)  0.075
 241 K   1.00000 0.00000 ( 1)  0.075
 242 T   1.00000 0.00000 ( 1)  0.075
 243 Y   1.00000 0.00000 ( 1)  0.075
 244 A   1.00000 0.00000 ( 1)  0.075
 245 L   1.00000 0.00000 ( 1)  0.075
 246 A   0.03235 0.96765 ( 2)  0.970
 247 G   1.00000 0.00000 ( 1)  0.075
 248 P   1.00000 0.00000 ( 1)  0.075
 249 H   0.99348 0.00652 ( 1)  0.081
 250 R   1.00000 0.00000 ( 1)  0.075
 251 Y   1.00000 0.00000 ( 1)  0.075
 252 L   1.00000 0.00000 ( 1)  0.075
 253 L   1.00000 0.00000 ( 1)  0.075
 254 Y   0.00000 1.00000 ( 2)  1.000
 255 D   1.00000 0.00000 ( 1)  0.075
 256 M   0.00000 1.00000 ( 2)  1.000
 257 V   1.00000 0.00000 ( 1)  0.075
 258 E   1.00000 0.00000 ( 1)  0.075
 259 Y   1.00000 0.00000 ( 1)  0.075
 260 I   0.04889 0.95111 ( 2)  0.955
 261 Y   0.99999 0.00001 ( 1)  0.075
 262 A   0.00000 1.00000 ( 2)  1.000
 263 I   0.00000 1.00000 ( 2)  1.000
 264 S   0.00000 1.00000 ( 2)  1.000
 265 Y   0.00000 1.00000 ( 2)  1.000
 266 R   0.00000 1.00000 ( 2)  1.000
 267 A   0.00000 1.00000 ( 2)  1.000
 268 F   1.00000 0.00000 ( 1)  0.075
 269 I   0.00000 1.00000 ( 2)  1.000
 270 P   0.00479 0.99521 ( 2)  0.996
 271 Y   1.00000 0.00000 ( 1)  0.075
 272 P   1.00000 0.00000 ( 1)  0.075
 273 L   1.00000 0.00000 ( 1)  0.075
 274 P   1.00000 0.00000 ( 1)  0.075
 275 R   1.00000 0.00000 ( 1)  0.075
 276 P   1.00000 0.00000 ( 1)  0.075
 277 L   1.00000 0.00000 ( 1)  0.075
 278 Y   0.99989 0.00011 ( 1)  0.075
 279 H   0.00169 0.99831 ( 2)  0.998
 280 L   0.00000 1.00000 ( 2)  1.000
 281 V   0.00000 1.00000 ( 2)  1.000
 282 A   1.00000 0.00000 ( 1)  0.075
 283 R   1.00000 0.00000 ( 1)  0.075
 284 F   0.99976 0.00024 ( 1)  0.075
 285 F   1.00000 0.00000 ( 1)  0.075
 286 E   1.00000 0.00000 ( 1)  0.075
 287 L   0.00000 1.00000 ( 2)  1.000
 288 N   0.00033 0.99967 ( 2)  1.000
 289 P   1.00000 0.00000 ( 1)  0.075
 290 F   1.00000 0.00000 ( 1)  0.075
 291 E   1.00000 0.00000 ( 1)  0.075
 292 P   1.00000 0.00000 ( 1)  0.075
 293 W   0.99984 0.00016 ( 1)  0.075
 294 L   0.00000 1.00000 ( 2)  1.000
 295 T   1.00000 0.00000 ( 1)  0.075
 296 R   1.00000 0.00000 ( 1)  0.075
 297 D   1.00000 0.00000 ( 1)  0.075
 298 K   1.00000 0.00000 ( 1)  0.075
 299 V   0.99996 0.00004 ( 1)  0.075
 300 D   0.99990 0.00010 ( 1)  0.075
 301 R   1.00000 0.00000 ( 1)  0.075
 302 F   1.00000 0.00000 ( 1)  0.075
 303 M   1.00000 0.00000 ( 1)  0.075
 304 K   0.00000 1.00000 ( 2)  1.000
 305 F   0.00000 1.00000 ( 2)  1.000
 306 P   0.66767 0.33233 ( 1)  0.382
 307 D   0.99995 0.00005 ( 1)  0.075
 308 L   1.00000 0.00000 ( 1)  0.075
 309 P   1.00000 0.00000 ( 1)  0.075
 310 G   1.00000 0.00000 ( 1)  0.075
 311 F   0.00001 0.99999 ( 2)  1.000
 312 E   0.41404 0.58596 ( 2)  0.617
 313 E   0.99958 0.00042 ( 1)  0.075
 314 L   0.99999 0.00001 ( 1)  0.075
 315 G   1.00000 0.00000 ( 1)  0.075
 316 I   0.00467 0.99533 ( 2)  0.996
 317 Q   0.00005 0.99995 ( 2)  1.000
 318 P   0.99107 0.00893 ( 1)  0.083
 319 A   0.00000 1.00000 ( 2)  1.000
 320 P   0.00000 1.00000 ( 2)  1.000
 321 L   1.00000 0.00000 ( 1)  0.075
 322 E   1.00000 0.00000 ( 1)  0.075
 323 Q   0.99999 0.00001 ( 1)  0.075
 324 K   1.00000 0.00000 ( 1)  0.075
 325 A   1.00000 0.00000 ( 1)  0.075
 326 I   0.99994 0.00006 ( 1)  0.075
 327 E   1.00000 0.00000 ( 1)  0.075
 328 V   0.99999 0.00001 ( 1)  0.075
 329 L   0.99991 0.00009 ( 1)  0.075
 330 R   1.00000 0.00000 ( 1)  0.075
 331 R   1.00000 0.00000 ( 1)  0.075
 332 H   1.00000 0.00000 ( 1)  0.075
 333 R   1.00000 0.00000 ( 1)  0.075
 334 R   1.00000 0.00000 ( 1)  0.075
 335 F   0.00000 1.00000 ( 2)  1.000
 336 R   1.00000 0.00000 ( 1)  0.075
 337 W   0.99987 0.00013 ( 1)  0.075
 338 L   1.00000 0.00000 ( 1)  0.075
 339 D   1.00000 0.00000 ( 1)  0.075
 340 A   0.99990 0.00010 ( 1)  0.075
 341 E   1.00000 0.00000 ( 1)  0.075
 342 L   0.99999 0.00001 ( 1)  0.075
 343 E   1.00000 0.00000 ( 1)  0.075
 344 E   1.00000 0.00000 ( 1)  0.075
 345 A   0.00000 1.00000 ( 2)  1.000
 346 K   1.00000 0.00000 ( 1)  0.075
 347 P   1.00000 0.00000 ( 1)  0.075
 348 K   1.00000 0.00000 ( 1)  0.075
 349 T   1.00000 0.00000 ( 1)  0.075
 350 Y   0.00000 1.00000 ( 2)  1.000
 351 P   1.00000 0.00000 ( 1)  0.075
 352 M   0.00000 1.00000 ( 2)  1.000
