# Extracted from OG0012332_00.rst: NEB section

Naive Empirical Bayes (NEB) probabilities for 2 classes & postmean_w
(amino acids refer to 1st sequence: Acchl)

   1 R   1.00000 0.00000 ( 1)  0.066
   2 T   1.00000 0.00000 ( 1)  0.066
   3 L   1.00000 0.00000 ( 1)  0.066
   4 R   1.00000 0.00000 ( 1)  0.066
   5 M   0.00000 1.00000 ( 2)  1.000
   6 L   0.99672 0.00328 ( 1)  0.069
   7 R   1.00000 0.00000 ( 1)  0.066
   8 Q   0.00006 0.99994 ( 2)  1.000
   9 N   1.00000 0.00000 ( 1)  0.066
  10 L   1.00000 0.00000 ( 1)  0.066
  11 D   0.98880 0.01120 ( 1)  0.076
  12 E   1.00000 0.00000 ( 1)  0.066
  13 E   1.00000 0.00000 ( 1)  0.066
  14 A   1.00000 0.00000 ( 1)  0.066
  15 K   1.00000 0.00000 ( 1)  0.066
  16 I   1.00000 0.00000 ( 1)  0.066
  17 M   1.00000 0.00000 ( 1)  0.066
  18 K   0.07163 0.92837 ( 2)  0.933
  19 D   0.99981 0.00019 ( 1)  0.066
  20 V   0.99948 0.00052 ( 1)  0.066
  21 P   1.00000 0.00000 ( 1)  0.066
  22 G   1.00000 0.00000 ( 1)  0.066
  23 W   1.00000 0.00000 ( 1)  0.066
  24 K   1.00000 0.00000 ( 1)  0.066
  25 V   1.00000 0.00000 ( 1)  0.066
  26 G   1.00000 0.00000 ( 1)  0.066
  27 E   1.00000 0.00000 ( 1)  0.066
  28 S   1.00000 0.00000 ( 1)  0.066
  29 V   0.00000 1.00000 ( 2)  1.000
  30 F   1.00000 0.00000 ( 1)  0.066
  31 H   1.00000 0.00000 ( 1)  0.066
  32 T   1.00000 0.00000 ( 1)  0.066
  33 D   0.00000 1.00000 ( 2)  1.000
  34 R   1.00000 0.00000 ( 1)  0.066
  35 W   1.00000 0.00000 ( 1)  0.066
  36 V   1.00000 0.00000 ( 1)  0.066
  37 P   1.00000 0.00000 ( 1)  0.066
  38 P   1.00000 0.00000 ( 1)  0.066
  39 T   1.00000 0.00000 ( 1)  0.066
  40 L   0.00000 1.00000 ( 2)  1.000
  41 D   0.00000 1.00000 ( 2)  1.000
  42 E   1.00000 0.00000 ( 1)  0.066
  43 L   1.00000 0.00000 ( 1)  0.066
  44 Y   0.98746 0.01254 ( 1)  0.077
  45 Y   0.99939 0.00061 ( 1)  0.066
  46 L   1.00000 0.00000 ( 1)  0.066
  47 R   1.00000 0.00000 ( 1)  0.066
  48 P   1.00000 0.00000 ( 1)  0.066
  49 L   0.00000 1.00000 ( 2)  1.000
  50 S   0.00000 1.00000 ( 2)  1.000
  51 E   0.99748 0.00252 ( 1)  0.068
  52 L   0.00000 1.00000 ( 2)  1.000
  53 E   0.00000 1.00000 ( 2)  1.000
  54 N   0.99986 0.00014 ( 1)  0.066
  55 E   0.00000 1.00000 ( 2)  1.000
  56 K   1.00000 0.00000 ( 1)  0.066
  57 F   1.00000 0.00000 ( 1)  0.066
  58 G   1.00000 0.00000 ( 1)  0.066
  59 L   1.00000 0.00000 ( 1)  0.066
  60 Q   1.00000 0.00000 ( 1)  0.066
  61 Y   0.00000 1.00000 ( 2)  1.000
  62 Y   1.00000 0.00000 ( 1)  0.066
  63 V   1.00000 0.00000 ( 1)  0.066
