# Extracted from OG0003413_00.rst: BEB section

Bayes Empirical Bayes (BEB) probabilities for 3 classes (class) & postmean_w
(amino acids refer to 1st sequence: Acchl)

   1 K   0.99338 0.00662 0.00000 ( 1)  0.056 +-  0.077
   2 R   1.00000 0.00000 0.00000 ( 1)  0.050 +-  0.003
   3 L   0.01187 0.98812 0.00001 ( 2)  0.989 +-  0.102
   4 Y   1.00000 0.00000 0.00000 ( 1)  0.050 +-  0.003
   5 S   1.00000 0.00000 0.00000 ( 1)  0.050 +-  0.003
   6 L   1.00000 0.00000 0.00000 ( 1)  0.050 +-  0.003
   7 K   1.00000 0.00000 0.00000 ( 1)  0.050 +-  0.004
   8 V   0.97223 0.02777 0.00000 ( 1)  0.076 +-  0.156
   9 A   1.00000 0.00000 0.00000 ( 1)  0.050 +-  0.003
  10 P   1.00000 0.00000 0.00000 ( 1)  0.050 +-  0.003
  11 K   0.99990 0.00010 0.00000 ( 1)  0.050 +-  0.010
  12 V   0.00000 0.99931 0.00069 ( 2)  1.000 +-  0.013
  13 A   0.00000 0.08299 0.91701 ( 3)  2.109 +-  0.548
  14 S   0.00000 0.00002 0.99998 ( 3)  2.220 +-  0.449
  15 S   0.42657 0.57342 0.00001 ( 2)  0.595 +-  0.470
  16 A   0.00000 0.90735 0.09265 ( 2)  1.048 +-  0.156
  17 V   0.42487 0.57512 0.00001 ( 2)  0.596 +-  0.469
  18 K   0.99990 0.00010 0.00000 ( 1)  0.050 +-  0.010
  19 L   0.99993 0.00007 0.00000 ( 1)  0.050 +-  0.009
  20 S   0.00000 0.99629 0.00371 ( 2)  1.002 +-  0.030
  21 P   0.12978 0.87022 0.00001 ( 2)  0.877 +-  0.319
  22 E   0.00000 0.99829 0.00171 ( 2)  1.001 +-  0.021
  23 S   0.00000 0.99714 0.00286 ( 2)  1.001 +-  0.027
  24 E   0.00020 0.99966 0.00013 ( 2)  1.000 +-  0.013
  25 D   0.00113 0.99887 0.00000 ( 2)  0.999 +-  0.029
  26 L   0.00000 0.99817 0.00183 ( 2)  1.001 +-  0.021
  27 E   0.99998 0.00002 0.00000 ( 1)  0.050 +-  0.005
  28 I   1.00000 0.00000 0.00000 ( 1)  0.050 +-  0.003
  29 T   1.00000 0.00000 0.00000 ( 1)  0.050 +-  0.003
  30 K   1.00000 0.00000 0.00000 ( 1)  0.050 +-  0.003
  31 L   1.00000 0.00000 0.00000 ( 1)  0.050 +-  0.003
  32 P   1.00000 0.00000 0.00000 ( 1)  0.050 +-  0.003
  33 N   0.99952 0.00048 0.00000 ( 1)  0.051 +-  0.021
  34 G   1.00000 0.00000 0.00000 ( 1)  0.050 +-  0.003
  35 L   1.00000 0.00000 0.00000 ( 1)  0.050 +-  0.003
  36 V   0.00000 0.99984 0.00016 ( 2)  1.000 +-  0.006
  37 I   0.99992 0.00008 0.00000 ( 1)  0.050 +-  0.009
  38 A   1.00000 0.00000 0.00000 ( 1)  0.050 +-  0.003
  39 S   1.00000 0.00000 0.00000 ( 1)  0.050 +-  0.003
  40 L   0.99993 0.00007 0.00000 ( 1)  0.050 +-  0.009
  41 E   1.00000 0.00000 0.00000 ( 1)  0.050 +-  0.003
  42 N   1.00000 0.00000 0.00000 ( 1)  0.050 +-  0.003
  43 F   0.99982 0.00018 0.00000 ( 1)  0.050 +-  0.013
  44 S   1.00000 0.00000 0.00000 ( 1)  0.050 +-  0.003
  45 P   1.00000 0.00000 0.00000 ( 1)  0.050 +-  0.003
  46 T   0.00000 0.93555 0.06445 ( 2)  1.033 +-  0.125
  47 S   0.09419 0.90580 0.00001 ( 2)  0.911 +-  0.277
  48 R   1.00000 0.00000 0.00000 ( 1)  0.050 +-  0.003
  49 I   1.00000 0.00000 0.00000 ( 1)  0.050 +-  0.004
  50 G   1.00000 0.00000 0.00000 ( 1)  0.050 +-  0.003
  51 V   1.00000 0.00000 0.00000 ( 1)  0.050 +-  0.003
  52 F   1.00000 0.00000 0.00000 ( 1)  0.050 +-  0.003
  53 I   1.00000 0.00000 0.00000 ( 1)  0.050 +-  0.003
  54 K   0.99999 0.00001 0.00000 ( 1)  0.050 +-  0.004
  55 A   0.00000 0.99992 0.00008 ( 2)  1.000 +-  0.005
  56 G   1.00000 0.00000 0.00000 ( 1)  0.050 +-  0.003
  57 S   1.00000 0.00000 0.00000 ( 1)  0.050 +-  0.003
  58 R   1.00000 0.00000 0.00000 ( 1)  0.050 +-  0.003
  59 Y   0.99944 0.00056 0.00000 ( 1)  0.051 +-  0.023
  60 E   1.00000 0.00000 0.00000 ( 1)  0.050 +-  0.003
  61 T   1.00000 0.00000 0.00000 ( 1)  0.050 +-  0.003
  62 T   0.00000 0.90973 0.09027 ( 2)  1.046 +-  0.146
  63 S   0.00000 0.99999 0.00001 ( 2)  1.000 +-  0.002
  64 N   1.00000 0.00000 0.00000 ( 1)  0.050 +-  0.003
  65 L   0.99936 0.00064 0.00000 ( 1)  0.051 +-  0.024
  66 G   1.00000 0.00000 0.00000 ( 1)  0.050 +-  0.003
  67 T   0.93671 0.06329 0.00000 ( 1)  0.110 +-  0.231
  68 A   0.00486 0.99509 0.00005 ( 2)  0.996 +-  0.065
  69 H   1.00000 0.00000 0.00000 ( 1)  0.050 +-  0.003
  70 L   0.99373 0.00627 0.00000 ( 1)  0.056 +-  0.075
  71 L   1.00000 0.00000 0.00000 ( 1)  0.050 +-  0.003
  72 R   1.00000 0.00000 0.00000 ( 1)  0.050 +-  0.003
  73 L   0.99999 0.00001 0.00000 ( 1)  0.050 +-  0.004
  74 A   0.99721 0.00279 0.00000 ( 1)  0.053 +-  0.050
  75 S   0.00009 0.99965 0.00026 ( 2)  1.000 +-  0.012
  76 S   0.00001 0.99995 0.00004 ( 2)  1.000 +-  0.004
  77 L   0.99990 0.00010 0.00000 ( 1)  0.050 +-  0.010
  78 T   1.00000 0.00000 0.00000 ( 1)  0.050 +-  0.003
  79 T   1.00000 0.00000 0.00000 ( 1)  0.050 +-  0.003
  80 K   1.00000 0.00000 0.00000 ( 1)  0.050 +-  0.004
  81 G   1.00000 0.00000 0.00000 ( 1)  0.050 +-  0.003
  82 A   0.95026 0.04974 0.00000 ( 1)  0.097 +-  0.207
  83 S   1.00000 0.00000 0.00000 ( 1)  0.050 +-  0.003
  84 S   0.99988 0.00012 0.00000 ( 1)  0.050 +-  0.011
  85 F   1.00000 0.00000 0.00000 ( 1)  0.050 +-  0.003
  86 R   1.00000 0.00000 0.00000 ( 1)  0.050 +-  0.003
  87 I   1.00000 0.00000 0.00000 ( 1)  0.050 +-  0.003
  88 T   1.00000 0.00000 0.00000 ( 1)  0.050 +-  0.003
  89 R   1.00000 0.00000 0.00000 ( 1)  0.050 +-  0.003
  90 G   1.00000 0.00000 0.00000 ( 1)  0.050 +-  0.003
  91 I   1.00000 0.00000 0.00000 ( 1)  0.050 +-  0.003
  92 E   1.00000 0.00000 0.00000 ( 1)  0.050 +-  0.003
  93 A   1.00000 0.00000 0.00000 ( 1)  0.050 +-  0.004
  94 V   0.99927 0.00073 0.00000 ( 1)  0.051 +-  0.026
  95 G   1.00000 0.00000 0.00000 ( 1)  0.050 +-  0.003
  96 G   1.00000 0.00000 0.00000 ( 1)  0.050 +-  0.003
  97 S   1.00000 0.00000 0.00000 ( 1)  0.050 +-  0.003
  98 L   1.00000 0.00000 0.00000 ( 1)  0.050 +-  0.003
  99 S   1.00000 0.00000 0.00000 ( 1)  0.050 +-  0.003
 100 V   1.00000 0.00000 0.00000 ( 1)  0.050 +-  0.003
 101 Y   0.04662 0.95337 0.00001 ( 2)  0.956 +-  0.200
 102 A   0.99972 0.00028 0.00000 ( 1)  0.050 +-  0.016
 103 T   1.00000 0.00000 0.00000 ( 1)  0.050 +-  0.003
 104 R   1.00000 0.00000 0.00000 ( 1)  0.050 +-  0.003
 105 E   1.00000 0.00000 0.00000 ( 1)  0.050 +-  0.003
 106 K   0.00000 0.99959 0.00041 ( 2)  1.000 +-  0.010
 107 I   1.00000 0.00000 0.00000 ( 1)  0.050 +-  0.003
 108 T   0.00091 0.99908 0.00001 ( 2)  0.999 +-  0.026
 109 Y   1.00000 0.00000 0.00000 ( 1)  0.050 +-  0.003
 110 T   0.01162 0.98835 0.00003 ( 2)  0.989 +-  0.101
 111 V   1.00000 0.00000 0.00000 ( 1)  0.050 +-  0.004
 112 E   0.00932 0.99068 0.00000 ( 2)  0.991 +-  0.090
 113 C   1.00000 0.00000 0.00000 ( 1)  0.050 +-  0.003
 114 L   0.99864 0.00136 0.00000 ( 1)  0.051 +-  0.035
 115 R   1.00000 0.00000 0.00000 ( 1)  0.050 +-  0.003
 116 D   0.99885 0.00115 0.00000 ( 1)  0.051 +-  0.032
 117 Y   0.00000 0.99527 0.00473 ( 2)  1.002 +-  0.034
 118 V   0.99948 0.00052 0.00000 ( 1)  0.051 +-  0.022
 119 D   1.00000 0.00000 0.00000 ( 1)  0.050 +-  0.003
 120 T   1.00000 0.00000 0.00000 ( 1)  0.050 +-  0.003
 121 V   1.00000 0.00000 0.00000 ( 1)  0.050 +-  0.003
 122 M   1.00000 0.00000 0.00000 ( 1)  0.050 +-  0.003
 123 E   1.00000 0.00000 0.00000 ( 1)  0.050 +-  0.003
 124 Y   1.00000 0.00000 0.00000 ( 1)  0.050 +-  0.003
 125 L   1.00000 0.00000 0.00000 ( 1)  0.050 +-  0.003
 126 L   1.00000 0.00000 0.00000 ( 1)  0.050 +-  0.003
 127 N   1.00000 0.00000 0.00000 ( 1)  0.050 +-  0.003
 128 V   1.00000 0.00000 0.00000 ( 1)  0.050 +-  0.003
 129 T   1.00000 0.00000 0.00000 ( 1)  0.050 +-  0.003
 130 T   1.00000 0.00000 0.00000 ( 1)  0.050 +-  0.003
 131 A   1.00000 0.00000 0.00000 ( 1)  0.050 +-  0.003
 132 S   0.01221 0.98778 0.00001 ( 2)  0.989 +-  0.103
 133 E   1.00000 0.00000 0.00000 ( 1)  0.050 +-  0.003
 134 F   1.00000 0.00000 0.00000 ( 1)  0.050 +-  0.003
 135 R   1.00000 0.00000 0.00000 ( 1)  0.050 +-  0.003
 136 P   0.00000 0.99993 0.00006 ( 2)  1.000 +-  0.004
 137 W   1.00000 0.00000 0.00000 ( 1)  0.050 +-  0.003
 138 E   1.00000 0.00000 0.00000 ( 1)  0.050 +-  0.003
 139 V   1.00000 0.00000 0.00000 ( 1)  0.050 +-  0.003
 140 A   0.00000 0.99645 0.00355 ( 2)  1.002 +-  0.030
 141 D   0.51266 0.48734 0.00000 ( 1)  0.513 +-  0.475
 142 L   0.99988 0.00012 0.00000 ( 1)  0.050 +-  0.011
 143 Q   0.99997 0.00003 0.00000 ( 1)  0.050 +-  0.007
 144 P   0.94796 0.05204 0.00000 ( 1)  0.100 +-  0.211
 145 Q   0.00000 0.96467 0.03533 ( 2)  1.018 +-  0.093
 146 L   1.00000 0.00000 0.00000 ( 1)  0.050 +-  0.003
 147 R   0.60331 0.39668 0.00001 ( 1)  0.427 +-  0.465
 148 V   0.00978 0.99021 0.00001 ( 2)  0.991 +-  0.092
 149 D   1.00000 0.00000 0.00000 ( 1)  0.050 +-  0.003
 150 K   1.00000 0.00000 0.00000 ( 1)  0.050 +-  0.003
 151 A   0.00000 0.99900 0.00100 ( 2)  1.001 +-  0.016
 152 I   0.00000 0.99978 0.00022 ( 2)  1.000 +-  0.007
 153 A   1.00000 0.00000 0.00000 ( 1)  0.050 +-  0.003
 154 F   0.00000 0.99997 0.00003 ( 2)  1.000 +-  0.003
 155 E   0.13534 0.86411 0.00055 ( 2)  0.872 +-  0.325
 156 S   0.59910 0.40090 0.00000 ( 1)  0.431 +-  0.465
 157 P   1.00000 0.00000 0.00000 ( 1)  0.050 +-  0.003
 158 Q   1.00000 0.00000 0.00000 ( 1)  0.050 +-  0.003
 159 V   1.00000 0.00000 0.00000 ( 1)  0.050 +-  0.003
 160 G   1.00000 0.00000 0.00000 ( 1)  0.050 +-  0.003
 161 V   1.00000 0.00000 0.00000 ( 1)  0.050 +-  0.003
 162 L   0.99994 0.00006 0.00000 ( 1)  0.050 +-  0.008
 163 E   1.00000 0.00000 0.00000 ( 1)  0.050 +-  0.003
 164 N   0.99998 0.00002 0.00000 ( 1)  0.050 +-  0.005
 165 L   0.99978 0.00022 0.00000 ( 1)  0.050 +-  0.015
 166 H   1.00000 0.00000 0.00000 ( 1)  0.050 +-  0.003
 167 A   0.99935 0.00065 0.00000 ( 1)  0.051 +-  0.024
 168 A   1.00000 0.00000 0.00000 ( 1)  0.050 +-  0.003
 169 A   1.00000 0.00000 0.00000 ( 1)  0.050 +-  0.003
 170 Y   1.00000 0.00000 0.00000 ( 1)  0.050 +-  0.003
 171 K   1.00000 0.00000 0.00000 ( 1)  0.050 +-  0.003
 172 N   0.99990 0.00010 0.00000 ( 1)  0.050 +-  0.010
 173 A   0.01142 0.98849 0.00009 ( 2)  0.989 +-  0.100
 174 L   0.99992 0.00008 0.00000 ( 1)  0.050 +-  0.009
 175 A   0.92490 0.07510 0.00000 ( 1)  0.121 +-  0.250
 176 N   1.00000 0.00000 0.00000 ( 1)  0.050 +-  0.003
 177 P   1.00000 0.00000 0.00000 ( 1)  0.050 +-  0.004
 178 L   0.45488 0.54497 0.00015 ( 2)  0.568 +-  0.473
 179 Y   1.00000 0.00000 0.00000 ( 1)  0.050 +-  0.003
 180 C   1.00000 0.00000 0.00000 ( 1)  0.050 +-  0.003
 181 P   1.00000 0.00000 0.00000 ( 1)  0.050 +-  0.003
 182 D   1.00000 0.00000 0.00000 ( 1)  0.050 +-  0.003
 183 Y   1.00000 0.00000 0.00000 ( 1)  0.050 +-  0.003
 184 R   0.00000 0.99832 0.00168 ( 2)  1.001 +-  0.020
 185 I   0.00000 0.99978 0.00022 ( 2)  1.000 +-  0.007
 186 G   1.00000 0.00000 0.00000 ( 1)  0.050 +-  0.003
 187 K   0.99999 0.00001 0.00000 ( 1)  0.050 +-  0.004
 188 I   1.00000 0.00000 0.00000 ( 1)  0.050 +-  0.003
 189 S   1.00000 0.00000 0.00000 ( 1)  0.050 +-  0.003
 190 P   0.00000 0.99330 0.00670 ( 2)  1.003 +-  0.041
 191 E   1.00000 0.00000 0.00000 ( 1)  0.050 +-  0.003
 192 Q   0.98497 0.01502 0.00000 ( 1)  0.064 +-  0.116
 193 L   1.00000 0.00000 0.00000 ( 1)  0.050 +-  0.003
 194 H   1.00000 0.00000 0.00000 ( 1)  0.050 +-  0.003
 195 H   1.00000 0.00000 0.00000 ( 1)  0.050 +-  0.003
 196 F   1.00000 0.00000 0.00000 ( 1)  0.050 +-  0.003
 197 V   1.00000 0.00000 0.00000 ( 1)  0.050 +-  0.003
 198 Q   0.99996 0.00004 0.00000 ( 1)  0.050 +-  0.007
 199 N   1.00000 0.00000 0.00000 ( 1)  0.050 +-  0.004
 200 N   1.00000 0.00000 0.00000 ( 1)  0.050 +-  0.003
 201 F   1.00000 0.00000 0.00000 ( 1)  0.050 +-  0.003
 202 T   1.00000 0.00000 0.00000 ( 1)  0.050 +-  0.003
 203 S   1.00000 0.00000 0.00000 ( 1)  0.050 +-  0.003
 204 A   0.07290 0.92710 0.00000 ( 2)  0.931 +-  0.247
 205 R   1.00000 0.00000 0.00000 ( 1)  0.050 +-  0.003
 206 M   1.00000 0.00000 0.00000 ( 1)  0.050 +-  0.003
 207 A   1.00000 0.00000 0.00000 ( 1)  0.050 +-  0.003
 208 L   1.00000 0.00000 0.00000 ( 1)  0.050 +-  0.003
 209 V   1.00000 0.00000 0.00000 ( 1)  0.050 +-  0.003
 210 G   1.00000 0.00000 0.00000 ( 1)  0.050 +-  0.003
 211 I   1.00000 0.00000 0.00000 ( 1)  0.050 +-  0.003
 212 G   1.00000 0.00000 0.00000 ( 1)  0.050 +-  0.003
 213 V   1.00000 0.00000 0.00000 ( 1)  0.050 +-  0.003
 214 K   0.00002 0.99990 0.00007 ( 2)  1.000 +-  0.006
 215 H   1.00000 0.00000 0.00000 ( 1)  0.050 +-  0.003
 216 S   0.11456 0.88537 0.00007 ( 2)  0.891 +-  0.302
 217 D   0.00024 0.99976 0.00000 ( 2)  1.000 +-  0.013
 218 L   1.00000 0.00000 0.00000 ( 1)  0.050 +-  0.003
 219 K   1.00000 0.00000 0.00000 ( 1)  0.050 +-  0.003
 220 Q   0.00000 0.99934 0.00066 ( 2)  1.000 +-  0.013
 221 I   0.00000 0.99984 0.00016 ( 2)  1.000 +-  0.006
 222 A   1.00000 0.00000 0.00000 ( 1)  0.050 +-  0.003
 223 E   1.00000 0.00000 0.00000 ( 1)  0.050 +-  0.003
 224 Q   0.99708 0.00292 0.00000 ( 1)  0.053 +-  0.051
 225 F   1.00000 0.00000 0.00000 ( 1)  0.050 +-  0.003
 226 L   1.00000 0.00000 0.00000 ( 1)  0.050 +-  0.003
 227 N   1.00000 0.00000 0.00000 ( 1)  0.050 +-  0.003
 228 I   1.00000 0.00000 0.00000 ( 1)  0.050 +-  0.003
 229 R   1.00000 0.00000 0.00000 ( 1)  0.050 +-  0.003
 230 S   1.00000 0.00000 0.00000 ( 1)  0.050 +-  0.003
 231 G   1.00000 0.00000 0.00000 ( 1)  0.050 +-  0.003
 232 A   0.00000 0.99641 0.00359 ( 2)  1.002 +-  0.030
 233 G   1.00000 0.00000 0.00000 ( 1)  0.050 +-  0.003
 234 I   0.00000 0.99927 0.00073 ( 2)  1.000 +-  0.014
 235 A   0.84476 0.15524 0.00000 ( 1)  0.198 +-  0.344
 236 G   0.99612 0.00388 0.00000 ( 1)  0.054 +-  0.059
 237 A   0.00000 0.99943 0.00057 ( 2)  1.000 +-  0.012
 238 K   1.00000 0.00000 0.00000 ( 1)  0.050 +-  0.003
 239 A   0.93049 0.06951 0.00000 ( 1)  0.116 +-  0.242
 240 V   0.00002 0.99990 0.00008 ( 2)  1.000 +-  0.006
 241 Y   1.00000 0.00000 0.00000 ( 1)  0.050 +-  0.003
 242 R   0.99996 0.00004 0.00000 ( 1)  0.050 +-  0.007
 243 G   1.00000 0.00000 0.00000 ( 1)  0.050 +-  0.003
 244 G   1.00000 0.00000 0.00000 ( 1)  0.050 +-  0.003
 245 E   1.00000 0.00000 0.00000 ( 1)  0.050 +-  0.003
 246 I   0.20162 0.79838 0.00000 ( 2)  0.809 +-  0.381
 247 R   1.00000 0.00000 0.00000 ( 1)  0.050 +-  0.003
 248 K   0.88250 0.11750 0.00000 ( 1)  0.162 +-  0.306
 249 Q   0.99950 0.00050 0.00000 ( 1)  0.051 +-  0.021
 250 N   0.60298 0.39701 0.00000 ( 1)  0.427 +-  0.465
 251 G   0.99716 0.00284 0.00000 ( 1)  0.053 +-  0.051
 252 D   1.00000 0.00000 0.00000 ( 1)  0.050 +-  0.003
 253 S   0.99799 0.00201 0.00000 ( 1)  0.052 +-  0.043
 254 L   1.00000 0.00000 0.00000 ( 1)  0.050 +-  0.003
 255 V   1.00000 0.00000 0.00000 ( 1)  0.050 +-  0.003
 256 H   1.00000 0.00000 0.00000 ( 1)  0.050 +-  0.003
 257 A   0.99997 0.00003 0.00000 ( 1)  0.050 +-  0.007
 258 A   1.00000 0.00000 0.00000 ( 1)  0.050 +-  0.003
 259 I   0.00000 0.91493 0.08507 ( 2)  1.043 +-  0.140
 260 V   1.00000 0.00000 0.00000 ( 1)  0.050 +-  0.003
 261 A   0.00000 0.99983 0.00017 ( 2)  1.000 +-  0.006
 262 E   1.00000 0.00000 0.00000 ( 1)  0.050 +-  0.003
 263 G   1.00000 0.00000 0.00000 ( 1)  0.050 +-  0.003
 264 A   0.99933 0.00067 0.00000 ( 1)  0.051 +-  0.025
 265 A   0.00000 0.98640 0.01360 ( 2)  1.007 +-  0.058
 266 L   0.00000 0.90974 0.09026 ( 2)  1.046 +-  0.147
 267 G   0.99993 0.00007 0.00000 ( 1)  0.050 +-  0.008
 268 S   1.00000 0.00000 0.00000 ( 1)  0.050 +-  0.003
 269 A   0.00000 0.92279 0.07721 ( 2)  1.040 +-  0.142
 270 E   1.00000 0.00000 0.00000 ( 1)  0.050 +-  0.003
 271 A   1.00000 0.00000 0.00000 ( 1)  0.050 +-  0.003
 272 N   0.93199 0.06801 0.00000 ( 1)  0.115 +-  0.239
 273 A   1.00000 0.00000 0.00000 ( 1)  0.050 +-  0.003
 274 F   1.00000 0.00000 0.00000 ( 1)  0.050 +-  0.003
 275 S   1.00000 0.00000 0.00000 ( 1)  0.050 +-  0.003
 276 V   1.00000 0.00000 0.00000 ( 1)  0.050 +-  0.003
 277 L   1.00000 0.00000 0.00000 ( 1)  0.050 +-  0.003
 278 Q   1.00000 0.00000 0.00000 ( 1)  0.050 +-  0.004
 279 H   0.99969 0.00031 0.00000 ( 1)  0.050 +-  0.017
 280 V   0.98938 0.01062 0.00000 ( 1)  0.060 +-  0.097
 281 L   1.00000 0.00000 0.00000 ( 1)  0.050 +-  0.003
 282 G   1.00000 0.00000 0.00000 ( 1)  0.050 +-  0.003
 283 A   1.00000 0.00000 0.00000 ( 1)  0.050 +-  0.003
 284 G   1.00000 0.00000 0.00000 ( 1)  0.050 +-  0.003
 285 P   1.00000 0.00000 0.00000 ( 1)  0.050 +-  0.003
 286 L   0.99999 0.00001 0.00000 ( 1)  0.050 +-  0.004
 287 V   1.00000 0.00000 0.00000 ( 1)  0.050 +-  0.004
 288 K   1.00000 0.00000 0.00000 ( 1)  0.050 +-  0.003
 289 R   1.00000 0.00000 0.00000 ( 1)  0.050 +-  0.003
 290 G   1.00000 0.00000 0.00000 ( 1)  0.050 +-  0.003
 291 S   0.93729 0.06271 0.00000 ( 1)  0.110 +-  0.230
 292 H   0.00000 0.83076 0.16924 ( 2)  1.087 +-  0.197
 293 V   0.00024 0.99972 0.00003 ( 2)  1.000 +-  0.014
 294 T   1.00000 0.00000 0.00000 ( 1)  0.050 +-  0.003
 295 S   1.00000 0.00000 0.00000 ( 1)  0.050 +-  0.003
 296 K   1.00000 0.00000 0.00000 ( 1)  0.050 +-  0.003
 297 L   0.99999 0.00001 0.00000 ( 1)  0.050 +-  0.005
 298 C   0.00000 0.75450 0.24550 ( 2)  1.152 +-  0.310
 299 Q   1.00000 0.00000 0.00000 ( 1)  0.050 +-  0.004
 300 G   0.00000 0.99986 0.00014 ( 2)  1.000 +-  0.006
 301 I   0.00001 0.99996 0.00003 ( 2)  1.000 +-  0.004
 302 A   1.00000 0.00000 0.00000 ( 1)  0.050 +-  0.003
 303 K   1.00000 0.00000 0.00000 ( 1)  0.050 +-  0.003
 304 A   0.00000 0.99873 0.00127 ( 2)  1.001 +-  0.018
 305 T   0.99957 0.00043 0.00000 ( 1)  0.051 +-  0.020
 306 S   0.00000 0.99886 0.00114 ( 2)  1.001 +-  0.017
 307 Q   0.00000 0.99062 0.00938 ( 2)  1.005 +-  0.049
 308 P   0.81039 0.18961 0.00000 ( 1)  0.230 +-  0.372
 309 F   1.00000 0.00000 0.00000 ( 1)  0.050 +-  0.003
 310 D   1.00000 0.00000 0.00000 ( 1)  0.050 +-  0.003
 311 A   0.07009 0.92988 0.00003 ( 2)  0.934 +-  0.242
 312 S   1.00000 0.00000 0.00000 ( 1)  0.050 +-  0.004
 313 A   1.00000 0.00000 0.00000 ( 1)  0.050 +-  0.003
 314 L   1.00000 0.00000 0.00000 ( 1)  0.050 +-  0.003
 315 N   1.00000 0.00000 0.00000 ( 1)  0.050 +-  0.003
 316 V   1.00000 0.00000 0.00000 ( 1)  0.050 +-  0.003
 317 N   1.00000 0.00000 0.00000 ( 1)  0.050 +-  0.003
 318 Y   1.00000 0.00000 0.00000 ( 1)  0.050 +-  0.003
 319 S   1.00000 0.00000 0.00000 ( 1)  0.050 +-  0.004
 320 D   1.00000 0.00000 0.00000 ( 1)  0.050 +-  0.003
 321 S   1.00000 0.00000 0.00000 ( 1)  0.050 +-  0.003
 322 G   1.00000 0.00000 0.00000 ( 1)  0.050 +-  0.003
 323 L   1.00000 0.00000 0.00000 ( 1)  0.050 +-  0.003
 324 F   1.00000 0.00000 0.00000 ( 1)  0.050 +-  0.003
 325 G   1.00000 0.00000 0.00000 ( 1)  0.050 +-  0.003
 326 I   0.00000 0.99984 0.00016 ( 2)  1.000 +-  0.006
 327 Y   1.00000 0.00000 0.00000 ( 1)  0.050 +-  0.003
 328 T   0.99965 0.00035 0.00000 ( 1)  0.050 +-  0.018
 329 I   1.00000 0.00000 0.00000 ( 1)  0.050 +-  0.003
 330 S   0.99931 0.00069 0.00000 ( 1)  0.051 +-  0.025
 331 Q   0.99997 0.00003 0.00000 ( 1)  0.050 +-  0.006
 332 A   1.00000 0.00000 0.00000 ( 1)  0.050 +-  0.003
 333 G   0.00000 0.73586 0.26414 ( 2)  1.192 +-  0.386
 334 N   0.00000 0.99993 0.00007 ( 2)  1.000 +-  0.004
 335 A   0.00000 0.99914 0.00086 ( 2)  1.000 +-  0.015
 336 G   0.00051 0.99941 0.00008 ( 2)  1.000 +-  0.020
 337 E   1.00000 0.00000 0.00000 ( 1)  0.050 +-  0.003
 338 V   1.00000 0.00000 0.00000 ( 1)  0.050 +-  0.003
 339 I   1.00000 0.00000 0.00000 ( 1)  0.050 +-  0.003
 340 K   1.00000 0.00000 0.00000 ( 1)  0.050 +-  0.003
 341 A   1.00000 0.00000 0.00000 ( 1)  0.050 +-  0.003
 342 A   1.00000 0.00000 0.00000 ( 1)  0.050 +-  0.003
 343 L   0.07531 0.92389 0.00080 ( 2)  0.929 +-  0.251
 344 N   0.98801 0.01199 0.00000 ( 1)  0.062 +-  0.103
 345 Q   0.98762 0.01237 0.00000 ( 1)  0.062 +-  0.105
 346 V   0.03372 0.96628 0.00000 ( 2)  0.968 +-  0.171
 347 K   1.00000 0.00000 0.00000 ( 1)  0.050 +-  0.003
 348 A   1.00000 0.00000 0.00000 ( 1)  0.050 +-  0.003
 349 V   0.00000 0.99986 0.00014 ( 2)  1.000 +-  0.006
 350 A   1.00000 0.00000 0.00000 ( 1)  0.050 +-  0.003
 351 Q   1.00000 0.00000 0.00000 ( 1)  0.050 +-  0.004
 352 G   1.00000 0.00000 0.00000 ( 1)  0.050 +-  0.003
 353 G   0.00000 0.99996 0.00004 ( 2)  1.000 +-  0.003
 354 V   0.00000 0.99952 0.00048 ( 2)  1.000 +-  0.011
 355 T   1.00000 0.00000 0.00000 ( 1)  0.050 +-  0.003
 356 D   0.99419 0.00581 0.00000 ( 1)  0.056 +-  0.072
 357 A   0.00000 0.99699 0.00301 ( 2)  1.002 +-  0.027
 358 D   1.00000 0.00000 0.00000 ( 1)  0.050 +-  0.004
 359 V   0.00153 0.99843 0.00004 ( 2)  0.999 +-  0.035
 360 T   0.00000 0.99921 0.00079 ( 2)  1.000 +-  0.014
 361 T   0.00000 0.00016 0.99984 ( 3)  2.220 +-  0.449
 362 A   1.00000 0.00000 0.00000 ( 1)  0.050 +-  0.003
 363 K   1.00000 0.00000 0.00000 ( 1)  0.050 +-  0.003
 364 N   0.99999 0.00001 0.00000 ( 1)  0.050 +-  0.005
 365 Q   0.00462 0.99421 0.00117 ( 2)  0.996 +-  0.066
 366 L   0.08630 0.91137 0.00233 ( 2)  0.919 +-  0.268
 367 K   1.00000 0.00000 0.00000 ( 1)  0.050 +-  0.003
 368 A   1.00000 0.00000 0.00000 ( 1)  0.050 +-  0.003
 369 N   0.00020 0.99978 0.00002 ( 2)  1.000 +-  0.012
 370 Y   0.18453 0.81546 0.00001 ( 2)  0.825 +-  0.368
 371 L   0.99999 0.00001 0.00000 ( 1)  0.050 +-  0.005
 372 M   1.00000 0.00000 0.00000 ( 1)  0.050 +-  0.003
 373 S   1.00000 0.00000 0.00000 ( 1)  0.050 +-  0.003
 374 V   1.00000 0.00000 0.00000 ( 1)  0.050 +-  0.003
 375 E   1.00000 0.00000 0.00000 ( 1)  0.050 +-  0.003
 376 T   0.99978 0.00022 0.00000 ( 1)  0.050 +-  0.014
 377 A   0.00140 0.99855 0.00005 ( 2)  0.999 +-  0.033
 378 R   0.00000 0.99992 0.00008 ( 2)  1.000 +-  0.005
 379 G   1.00000 0.00000 0.00000 ( 1)  0.050 +-  0.003
 380 L   1.00000 0.00000 0.00000 ( 1)  0.050 +-  0.003
 381 L   0.99994 0.00006 0.00000 ( 1)  0.050 +-  0.008
 382 N   1.00000 0.00000 0.00000 ( 1)  0.050 +-  0.003
 383 E   1.00000 0.00000 0.00000 ( 1)  0.050 +-  0.003
 384 I   1.00000 0.00000 0.00000 ( 1)  0.050 +-  0.003
 385 G   1.00000 0.00000 0.00000 ( 1)  0.050 +-  0.003
 386 S   0.02543 0.97455 0.00002 ( 2)  0.976 +-  0.149
 387 E   1.00000 0.00000 0.00000 ( 1)  0.050 +-  0.003
 388 S   0.00000 0.99988 0.00012 ( 2)  1.000 +-  0.006
 389 L   0.99995 0.00005 0.00000 ( 1)  0.050 +-  0.008
 390 V   0.00000 0.99912 0.00088 ( 2)  1.000 +-  0.015
 391 S   0.99857 0.00143 0.00000 ( 1)  0.051 +-  0.036
 392 G   1.00000 0.00000 0.00000 ( 1)  0.050 +-  0.003
 393 T   1.00000 0.00000 0.00000 ( 1)  0.050 +-  0.003
 394 H   0.99984 0.00016 0.00000 ( 1)  0.050 +-  0.013
 395 T   1.00000 0.00000 0.00000 ( 1)  0.050 +-  0.003
 396 S   1.00000 0.00000 0.00000 ( 1)  0.050 +-  0.004
 397 P   1.00000 0.00000 0.00000 ( 1)  0.050 +-  0.003
 398 S   0.46778 0.53217 0.00005 ( 2)  0.556 +-  0.474
 399 V   0.00000 0.99859 0.00141 ( 2)  1.001 +-  0.019
 400 V   0.83389 0.16611 0.00000 ( 1)  0.208 +-  0.354
 401 A   1.00000 0.00000 0.00000 ( 1)  0.050 +-  0.003
 402 Q   1.00000 0.00000 0.00000 ( 1)  0.050 +-  0.003
 403 K   0.99986 0.00014 0.00000 ( 1)  0.050 +-  0.012
 404 I   1.00000 0.00000 0.00000 ( 1)  0.050 +-  0.003
 405 D   1.00000 0.00000 0.00000 ( 1)  0.050 +-  0.003
 406 S   0.99992 0.00008 0.00000 ( 1)  0.050 +-  0.009
 407 V   1.00000 0.00000 0.00000 ( 1)  0.050 +-  0.003
 408 A   0.00000 0.99906 0.00094 ( 2)  1.000 +-  0.015
 409 T   0.18306 0.81694 0.00000 ( 2)  0.826 +-  0.367
 410 A   0.98317 0.01683 0.00000 ( 1)  0.066 +-  0.122
 411 D   1.00000 0.00000 0.00000 ( 1)  0.050 +-  0.003
 412 V   1.00000 0.00000 0.00000 ( 1)  0.050 +-  0.003
 413 V   1.00000 0.00000 0.00000 ( 1)  0.050 +-  0.003
 414 N   0.99955 0.00045 0.00000 ( 1)  0.051 +-  0.020
 415 A   1.00000 0.00000 0.00000 ( 1)  0.050 +-  0.003
 416 A   1.00000 0.00000 0.00000 ( 1)  0.050 +-  0.003
 417 K   1.00000 0.00000 0.00000 ( 1)  0.050 +-  0.003
 418 K   1.00000 0.00000 0.00000 ( 1)  0.050 +-  0.003
 419 F   1.00000 0.00000 0.00000 ( 1)  0.050 +-  0.003
 420 I   0.00000 0.99768 0.00232 ( 2)  1.001 +-  0.024
 421 S   0.00000 0.99966 0.00034 ( 2)  1.000 +-  0.009
 422 G   1.00000 0.00000 0.00000 ( 1)  0.050 +-  0.003
 423 K   1.00000 0.00000 0.00000 ( 1)  0.050 +-  0.003
 424 K   1.00000 0.00000 0.00000 ( 1)  0.050 +-  0.003
 425 S   1.00000 0.00000 0.00000 ( 1)  0.050 +-  0.003
 426 M   1.00000 0.00000 0.00000 ( 1)  0.050 +-  0.003
 427 S   1.00000 0.00000 0.00000 ( 1)  0.050 +-  0.004
 428 A   1.00000 0.00000 0.00000 ( 1)  0.050 +-  0.004
 429 S   0.00000 0.99960 0.00040 ( 2)  1.000 +-  0.010
 430 G   1.00000 0.00000 0.00000 ( 1)  0.050 +-  0.003
 431 D   0.00103 0.99897 0.00000 ( 2)  0.999 +-  0.027
 432 L   0.99998 0.00002 0.00000 ( 1)  0.050 +-  0.005
 433 G   0.03326 0.96673 0.00002 ( 2)  0.969 +-  0.170
 434 N   0.00004 0.99990 0.00005 ( 2)  1.000 +-  0.007
 435 T   1.00000 0.00000 0.00000 ( 1)  0.050 +-  0.003
 436 P   1.00000 0.00000 0.00000 ( 1)  0.050 +-  0.003
 437 F   1.00000 0.00000 0.00000 ( 1)  0.050 +-  0.003
 438 L   0.99999 0.00001 0.00000 ( 1)  0.050 +-  0.004
 439 D   1.00000 0.00000 0.00000 ( 1)  0.050 +-  0.003
 440 E   1.00000 0.00000 0.00000 ( 1)  0.050 +-  0.003
 441 L   0.99998 0.00002 0.00000 ( 1)  0.050 +-  0.005

Positively selected sites

	Prob(w>1)  mean w

    13 A      0.917         2.109 +- 0.548
    14 S      1.000**       2.220 +- 0.449
   361 T      1.000**       2.220 +- 0.449
