# Extracted from OG0012174_00.rst: NEB section

Naive Empirical Bayes (NEB) probabilities for 2 classes & postmean_w
(amino acids refer to 1st sequence: Acgen)

   1 M   1.00000 0.00000 ( 1)  0.083
   2 A   1.00000 0.00000 ( 1)  0.083
   3 G   1.00000 0.00000 ( 1)  0.083
   4 Y   1.00000 0.00000 ( 1)  0.083
   5 W   1.00000 0.00000 ( 1)  0.083
   6 D   1.00000 0.00000 ( 1)  0.083
   7 G   1.00000 0.00000 ( 1)  0.083
   8 P   1.00000 0.00000 ( 1)  0.083
   9 E   1.00000 0.00000 ( 1)  0.083
  10 G   1.00000 0.00000 ( 1)  0.083
  11 E   1.00000 0.00000 ( 1)  0.083
  12 E   0.00000 1.00000 ( 2)  1.000
  13 C   1.00000 0.00000 ( 1)  0.083
  14 A   1.00000 0.00000 ( 1)  0.083
  15 R   0.99932 0.00068 ( 1)  0.083
  16 R   1.00000 0.00000 ( 1)  0.083
  17 T   1.00000 0.00000 ( 1)  0.083
  18 W   1.00000 0.00000 ( 1)  0.083
  19 L   1.00000 0.00000 ( 1)  0.083
  20 T   0.00000 1.00000 ( 2)  1.000
  21 T   1.00000 0.00000 ( 1)  0.083
  22 R   1.00000 0.00000 ( 1)  0.083
  23 G   1.00000 0.00000 ( 1)  0.083
  24 L   1.00000 0.00000 ( 1)  0.083
  25 V   1.00000 0.00000 ( 1)  0.083
  26 G   1.00000 0.00000 ( 1)  0.083
  27 T   1.00000 0.00000 ( 1)  0.083
  28 A   1.00000 0.00000 ( 1)  0.083
  29 Y   1.00000 0.00000 ( 1)  0.083
  30 R   1.00000 0.00000 ( 1)  0.083
  31 I   1.00000 0.00000 ( 1)  0.083
  32 I   1.00000 0.00000 ( 1)  0.083
  33 L   1.00000 0.00000 ( 1)  0.083
  34 Q   0.01959 0.98041 ( 2)  0.982
  35 Q   1.00000 0.00000 ( 1)  0.083
  36 P   1.00000 0.00000 ( 1)  0.083
  37 N   1.00000 0.00000 ( 1)  0.083
  38 S   1.00000 0.00000 ( 1)  0.083
  39 A   1.00000 0.00000 ( 1)  0.083
  40 L   1.00000 0.00000 ( 1)  0.083
  41 A   1.00000 0.00000 ( 1)  0.083
  42 A   1.00000 0.00000 ( 1)  0.083
  43 L   1.00000 0.00000 ( 1)  0.083
  44 Q   1.00000 0.00000 ( 1)  0.083
  45 M   0.99996 0.00004 ( 1)  0.083
  46 A   1.00000 0.00000 ( 1)  0.083
  47 V   1.00000 0.00000 ( 1)  0.083
  48 A   0.98196 0.01804 ( 1)  0.099
  49 D   1.00000 0.00000 ( 1)  0.083
  50 S   1.00000 0.00000 ( 1)  0.083
  51 V   1.00000 0.00000 ( 1)  0.083
  52 T   1.00000 0.00000 ( 1)  0.083
  53 M   1.00000 0.00000 ( 1)  0.083
