# Extracted from OG0005636_00.rst: BEB section

Bayes Empirical Bayes (BEB) probabilities for 3 classes (class) & postmean_w
(amino acids refer to 1st sequence: Acchl)

   1 M   1.00000 0.00000 0.00000 ( 1)  0.053 +-  0.018
   2 R   0.99999 0.00001 0.00000 ( 1)  0.053 +-  0.018
   3 R   0.03083 0.96917 0.00000 ( 2)  0.974 +-  0.147
   4 L   1.00000 0.00000 0.00000 ( 1)  0.053 +-  0.018
   5 L   1.00000 0.00000 0.00000 ( 1)  0.053 +-  0.018
   6 A   0.99999 0.00001 0.00000 ( 1)  0.053 +-  0.018
   7 R   0.09022 0.90978 0.00000 ( 2)  0.918 +-  0.262
   8 R   0.99993 0.00007 0.00000 ( 1)  0.053 +-  0.020
   9 M   1.00000 0.00000 0.00000 ( 1)  0.053 +-  0.018
  10 K   0.99999 0.00001 0.00000 ( 1)  0.053 +-  0.018
  11 F   0.00000 0.99997 0.00003 ( 2)  1.000 +-  0.009
  12 H   1.00000 0.00000 0.00000 ( 1)  0.053 +-  0.018
  13 L   1.00000 0.00000 0.00000 ( 1)  0.053 +-  0.018
  14 F   0.00000 1.00000 0.00000 ( 2)  1.000 +-  0.001
  15 G   1.00000 0.00000 0.00000 ( 1)  0.053 +-  0.018
  16 A   0.99999 0.00001 0.00000 ( 1)  0.053 +-  0.018
  17 F   1.00000 0.00000 0.00000 ( 1)  0.053 +-  0.018
  18 F   0.00000 0.07755 0.92245 ( 3)  2.387 +-  0.406
  19 V   0.99935 0.00065 0.00000 ( 1)  0.054 +-  0.030
  20 S   1.00000 0.00000 0.00000 ( 1)  0.053 +-  0.018
  21 L   0.00000 0.00000 1.00000 ( 3)  2.530 +-  0.171
  22 G   1.00000 0.00000 0.00000 ( 1)  0.053 +-  0.018
  23 C   0.03257 0.96743 0.00000 ( 2)  0.972 +-  0.151
  24 A   0.99984 0.00016 0.00000 ( 1)  0.053 +-  0.022
  25 A   0.00000 1.00000 0.00000 ( 2)  1.000 +-  0.000
  26 L   0.00000 1.00000 0.00000 ( 2)  1.000 +-  0.001
  27 Y   0.99973 0.00027 0.00000 ( 1)  0.054 +-  0.024
  28 K   1.00000 0.00000 0.00000 ( 1)  0.053 +-  0.018
  29 F   1.00000 0.00000 0.00000 ( 1)  0.053 +-  0.018
  30 G   0.00000 1.00000 0.00000 ( 2)  1.000 +-  0.000
  31 I   0.00000 1.00000 0.00000 ( 2)  1.000 +-  0.000
  32 A   1.00000 0.00000 0.00000 ( 1)  0.053 +-  0.018
  33 E   0.99895 0.00105 0.00000 ( 1)  0.054 +-  0.036
  34 P   0.99999 0.00001 0.00000 ( 1)  0.053 +-  0.018
  35 R   1.00000 0.00000 0.00000 ( 1)  0.053 +-  0.018
  36 K   1.00000 0.00000 0.00000 ( 1)  0.053 +-  0.018
  37 R   0.00002 0.99998 0.00000 ( 2)  1.000 +-  0.004
  38 A   1.00000 0.00000 0.00000 ( 1)  0.053 +-  0.018
  39 Y   1.00000 0.00000 0.00000 ( 1)  0.053 +-  0.018
  40 A   0.00000 0.99930 0.00070 ( 2)  1.001 +-  0.040
  41 E   0.00000 1.00000 0.00000 ( 2)  1.000 +-  0.000
  42 F   0.39605 0.60395 0.00000 ( 2)  0.627 +-  0.461
  43 Y   1.00000 0.00000 0.00000 ( 1)  0.053 +-  0.018
  44 K   0.00001 0.99999 0.00000 ( 2)  1.000 +-  0.002
  45 N   0.00027 0.99973 0.00000 ( 2)  1.000 +-  0.014
  46 Y   0.99998 0.00002 0.00000 ( 1)  0.053 +-  0.018
  47 D   1.00000 0.00000 0.00000 ( 1)  0.053 +-  0.018
  48 P   0.00000 1.00000 0.00000 ( 2)  1.000 +-  0.002
  49 M   0.00050 0.99950 0.00000 ( 2)  1.000 +-  0.019
  50 K   0.99999 0.00001 0.00000 ( 1)  0.053 +-  0.018
  51 D   1.00000 0.00000 0.00000 ( 1)  0.053 +-  0.018
  52 F   0.99991 0.00009 0.00000 ( 1)  0.053 +-  0.020
  53 E   0.00138 0.99862 0.00000 ( 2)  0.999 +-  0.032
  54 T   0.00000 0.99998 0.00002 ( 2)  1.000 +-  0.007
  55 M   1.00000 0.00000 0.00000 ( 1)  0.053 +-  0.018
  56 K   0.02336 0.97664 0.00000 ( 2)  0.980 +-  0.129
  57 A   0.00000 0.99956 0.00044 ( 2)  1.001 +-  0.031
  58 A   0.97556 0.02444 0.00000 ( 1)  0.077 +-  0.147
  59 G   1.00000 0.00000 0.00000 ( 1)  0.053 +-  0.018
  60 V   1.00000 0.00000 0.00000 ( 1)  0.053 +-  0.018
  61 F   0.00001 0.99999 0.00000 ( 2)  1.000 +-  0.003
  62 E   1.00000 0.00000 0.00000 ( 1)  0.053 +-  0.018
  63 C   0.00268 0.99732 0.00000 ( 2)  0.998 +-  0.044
  64 A   0.99554 0.00446 0.00000 ( 1)  0.058 +-  0.066
  65 P   0.47638 0.52362 0.00000 ( 2)  0.551 +-  0.471
  66 P   0.00000 0.99776 0.00224 ( 2)  1.003 +-  0.071
  67 K   0.01430 0.98570 0.00000 ( 2)  0.988 +-  0.101

Positively selected sites

	Prob(w>1)  mean w

    18 F      0.922         2.387 +- 0.406
    21 L      1.000**       2.530 +- 0.171
