# Extracted from OG0010114_00.rst: BEB section

Bayes Empirical Bayes (BEB) probabilities for 3 classes (class) & postmean_w
(amino acids refer to 1st sequence: Acchl)

   1 -   0.00000 1.00000 0.00000 ( 2)  1.000 +-  0.001
   2 -   0.00000 1.00000 0.00000 ( 2)  1.000 +-  0.001
   3 -   0.00000 0.01758 0.98242 ( 3)  2.473 +-  0.198
   4 -   0.00000 0.18227 0.81773 ( 3)  2.226 +-  0.579
   5 -   0.00000 0.01235 0.98765 ( 3)  2.481 +-  0.167
   6 -   0.00000 1.00000 0.00000 ( 2)  1.000 +-  0.001
   7 -   0.99999 0.00001 0.00000 ( 1)  0.050 +-  0.003
   8 R   0.99990 0.00010 0.00000 ( 1)  0.050 +-  0.009
   9 L   0.00000 0.99577 0.00423 ( 2)  1.006 +-  0.097
  10 S   0.00000 1.00000 0.00000 ( 2)  1.000 +-  0.000
  11 P   1.00000 0.00000 0.00000 ( 1)  0.050 +-  0.000
  12 -   0.99624 0.00376 0.00000 ( 1)  0.054 +-  0.058
  13 -   0.99998 0.00002 0.00000 ( 1)  0.050 +-  0.004
  14 -   1.00000 0.00000 0.00000 ( 1)  0.050 +-  0.000
  15 -   0.06940 0.93060 0.00000 ( 2)  0.934 +-  0.241
  16 -   0.89408 0.10592 0.00000 ( 1)  0.151 +-  0.292
  17 -   0.02009 0.97991 0.00000 ( 2)  0.981 +-  0.133
  18 -   1.00000 0.00000 0.00000 ( 1)  0.050 +-  0.000
  19 -   1.00000 0.00000 0.00000 ( 1)  0.050 +-  0.000
  20 -   0.99999 0.00001 0.00000 ( 1)  0.050 +-  0.003
  21 -   1.00000 0.00000 0.00000 ( 1)  0.050 +-  0.000
  22 -   1.00000 0.00000 0.00000 ( 1)  0.050 +-  0.000
  23 -   1.00000 0.00000 0.00000 ( 1)  0.050 +-  0.000
  24 -   1.00000 0.00000 0.00000 ( 1)  0.050 +-  0.000
  25 -   1.00000 0.00000 0.00000 ( 1)  0.050 +-  0.000
  26 -   0.00000 0.99790 0.00210 ( 2)  1.003 +-  0.068
  27 -   0.00003 0.99997 0.00000 ( 2)  1.000 +-  0.006
  28 -   0.05430 0.94570 0.00000 ( 2)  0.948 +-  0.215
  29 -   0.00000 1.00000 0.00000 ( 2)  1.000 +-  0.001
  30 -   0.99991 0.00009 0.00000 ( 1)  0.050 +-  0.009
  31 -   0.01597 0.98403 0.00000 ( 2)  0.985 +-  0.119
  32 -   0.00000 1.00000 0.00000 ( 2)  1.000 +-  0.001
  33 -   1.00000 0.00000 0.00000 ( 1)  0.050 +-  0.000
  34 -   0.00063 0.99937 0.00000 ( 2)  0.999 +-  0.024
  35 -   0.99993 0.00007 0.00000 ( 1)  0.050 +-  0.008
  36 -   0.99964 0.00036 0.00000 ( 1)  0.050 +-  0.018
  37 -   0.99969 0.00031 0.00000 ( 1)  0.050 +-  0.017
  38 -   0.00000 1.00000 0.00000 ( 2)  1.000 +-  0.001
  39 Q   0.00032 0.99968 0.00000 ( 2)  1.000 +-  0.017
  40 R   0.00000 0.66332 0.33668 ( 2)  1.505 +-  0.709
  41 T   1.00000 0.00000 0.00000 ( 1)  0.050 +-  0.001
  42 F   1.00000 0.00000 0.00000 ( 1)  0.050 +-  0.000
  43 P   1.00000 0.00000 0.00000 ( 1)  0.050 +-  0.001
  44 L   1.00000 0.00000 0.00000 ( 1)  0.050 +-  0.000
  45 A   1.00000 0.00000 0.00000 ( 1)  0.050 +-  0.000
  46 L   1.00000 0.00000 0.00000 ( 1)  0.050 +-  0.000
  47 D   1.00000 0.00000 0.00000 ( 1)  0.050 +-  0.000
  48 V   0.09088 0.90912 0.00000 ( 2)  0.914 +-  0.273
  49 G   1.00000 0.00000 0.00000 ( 1)  0.050 +-  0.000
  50 S   1.00000 0.00000 0.00000 ( 1)  0.050 +-  0.000
  51 G   1.00000 0.00000 0.00000 ( 1)  0.050 +-  0.000
  52 R   1.00000 0.00000 0.00000 ( 1)  0.050 +-  0.000
  53 G   1.00000 0.00000 0.00000 ( 1)  0.050 +-  0.000
  54 Y   0.99965 0.00035 0.00000 ( 1)  0.050 +-  0.018
  55 I   1.00000 0.00000 0.00000 ( 1)  0.050 +-  0.000
  56 A   1.00000 0.00000 0.00000 ( 1)  0.050 +-  0.000
  57 Q   0.99996 0.00004 0.00000 ( 1)  0.050 +-  0.006
  58 H   1.00000 0.00000 0.00000 ( 1)  0.050 +-  0.000
  59 L   1.00000 0.00000 0.00000 ( 1)  0.050 +-  0.000
  60 T   0.82367 0.17633 0.00000 ( 1)  0.218 +-  0.362
  61 K   1.00000 0.00000 0.00000 ( 1)  0.050 +-  0.000
  62 Q   1.00000 0.00000 0.00000 ( 1)  0.050 +-  0.000
  63 T   0.99567 0.00433 0.00000 ( 1)  0.054 +-  0.062
  64 V   0.83831 0.16169 0.00000 ( 1)  0.204 +-  0.350
  65 E   0.99986 0.00014 0.00000 ( 1)  0.050 +-  0.011
  66 K   1.00000 0.00000 0.00000 ( 1)  0.050 +-  0.000
  67 L   1.00000 0.00000 0.00000 ( 1)  0.050 +-  0.000
  68 V   0.00000 1.00000 0.00000 ( 2)  1.000 +-  0.000
  69 Q   1.00000 0.00000 0.00000 ( 1)  0.050 +-  0.000
  70 V   1.00000 0.00000 0.00000 ( 1)  0.050 +-  0.000
  71 D   1.00000 0.00000 0.00000 ( 1)  0.050 +-  0.000
  72 I   0.99487 0.00513 0.00000 ( 1)  0.055 +-  0.068
  73 A   1.00000 0.00000 0.00000 ( 1)  0.050 +-  0.000
  74 E   1.00000 0.00000 0.00000 ( 1)  0.050 +-  0.000
  75 N   1.00000 0.00000 0.00000 ( 1)  0.050 +-  0.000
  76 A   1.00000 0.00000 0.00000 ( 1)  0.050 +-  0.000
  77 L   1.00000 0.00000 0.00000 ( 1)  0.050 +-  0.002
  78 K   1.00000 0.00000 0.00000 ( 1)  0.050 +-  0.000
  79 N   0.99980 0.00020 0.00000 ( 1)  0.050 +-  0.013
  80 A   0.00046 0.99954 0.00000 ( 2)  1.000 +-  0.020
  81 V   0.00000 1.00000 0.00000 ( 2)  1.000 +-  0.000
  82 E   0.00063 0.99937 0.00000 ( 2)  0.999 +-  0.024
  83 S   1.00000 0.00000 0.00000 ( 1)  0.050 +-  0.000
  84 E   1.00000 0.00000 0.00000 ( 1)  0.050 +-  0.000
  85 I   1.00000 0.00000 0.00000 ( 1)  0.050 +-  0.000
  86 P   1.00000 0.00000 0.00000 ( 1)  0.050 +-  0.000
  87 T   1.00000 0.00000 0.00000 ( 1)  0.050 +-  0.000
  88 V   0.02169 0.97831 0.00000 ( 2)  0.979 +-  0.138
  89 S   0.00000 1.00000 0.00000 ( 2)  1.000 +-  0.000
  90 V   1.00000 0.00000 0.00000 ( 1)  0.050 +-  0.000
  91 V   1.00000 0.00000 0.00000 ( 1)  0.050 +-  0.000
  92 A   1.00000 0.00000 0.00000 ( 1)  0.050 +-  0.000
  93 D   1.00000 0.00000 0.00000 ( 1)  0.050 +-  0.000
  94 E   1.00000 0.00000 0.00000 ( 1)  0.050 +-  0.000
  95 E   1.00000 0.00000 0.00000 ( 1)  0.050 +-  0.000
  96 F   0.00015 0.99985 0.00000 ( 2)  1.000 +-  0.012
  97 L   1.00000 0.00000 0.00000 ( 1)  0.050 +-  0.000
  98 P   1.00000 0.00000 0.00000 ( 1)  0.050 +-  0.000
  99 F   1.00000 0.00000 0.00000 ( 1)  0.050 +-  0.000
 100 R   0.98834 0.01166 0.00000 ( 1)  0.061 +-  0.102
 101 E   1.00000 0.00000 0.00000 ( 1)  0.050 +-  0.000
 102 D   0.00000 1.00000 0.00000 ( 2)  1.000 +-  0.002
 103 T   1.00000 0.00000 0.00000 ( 1)  0.050 +-  0.000
 104 F   1.00000 0.00000 0.00000 ( 1)  0.050 +-  0.000
 105 D   1.00000 0.00000 0.00000 ( 1)  0.050 +-  0.000
 106 L   1.00000 0.00000 0.00000 ( 1)  0.050 +-  0.000
 107 V   1.00000 0.00000 0.00000 ( 1)  0.050 +-  0.000
 108 V   0.99994 0.00006 0.00000 ( 1)  0.050 +-  0.007
 109 S   1.00000 0.00000 0.00000 ( 1)  0.050 +-  0.000
 110 S   1.00000 0.00000 0.00000 ( 1)  0.050 +-  0.000
 111 L   1.00000 0.00000 0.00000 ( 1)  0.050 +-  0.000
 112 S   0.00000 1.00000 0.00000 ( 2)  1.000 +-  0.000
 113 L   0.00000 0.00000 1.00000 ( 3)  2.500 +-  0.018
 114 H   0.00000 0.99583 0.00417 ( 2)  1.006 +-  0.094
 115 W   0.00000 0.00000 1.00000 ( 3)  2.500 +-  0.018
 116 V   0.00000 1.00000 0.00000 ( 2)  1.000 +-  0.000
 117 N   0.00000 1.00000 0.00000 ( 2)  1.000 +-  0.001
 118 D   0.99995 0.00005 0.00000 ( 1)  0.050 +-  0.007
 119 E   0.00000 1.00000 0.00000 ( 2)  1.000 +-  0.000
 120 I   1.00000 0.00000 0.00000 ( 1)  0.050 +-  0.000
 121 H   1.00000 0.00000 0.00000 ( 1)  0.050 +-  0.000
 122 Q   0.00000 1.00000 0.00000 ( 2)  1.000 +-  0.000
 123 V   1.00000 0.00000 0.00000 ( 1)  0.050 +-  0.000
 124 L   1.00000 0.00000 0.00000 ( 1)  0.050 +-  0.000
 125 K   1.00000 0.00000 0.00000 ( 1)  0.050 +-  0.000
 126 P   1.00000 0.00000 0.00000 ( 1)  0.050 +-  0.000
 127 D   0.02685 0.97315 0.00000 ( 2)  0.974 +-  0.154
 128 G   1.00000 0.00000 0.00000 ( 1)  0.050 +-  0.000
 129 V   1.00000 0.00000 0.00000 ( 1)  0.050 +-  0.000
 130 F   1.00000 0.00000 0.00000 ( 1)  0.050 +-  0.000
 131 I   1.00000 0.00000 0.00000 ( 1)  0.050 +-  0.000
 132 G   1.00000 0.00000 0.00000 ( 1)  0.050 +-  0.000
 133 A   1.00000 0.00000 0.00000 ( 1)  0.050 +-  0.000
 134 M   1.00000 0.00000 0.00000 ( 1)  0.050 +-  0.000
 135 F   0.14360 0.85640 0.00000 ( 2)  0.864 +-  0.333
 136 G   1.00000 0.00000 0.00000 ( 1)  0.050 +-  0.000
 137 G   1.00000 0.00000 0.00000 ( 1)  0.050 +-  0.000
 138 D   1.00000 0.00000 0.00000 ( 1)  0.050 +-  0.000
 139 T   1.00000 0.00000 0.00000 ( 1)  0.050 +-  0.000
 140 L   1.00000 0.00000 0.00000 ( 1)  0.050 +-  0.001
 141 Y   1.00000 0.00000 0.00000 ( 1)  0.050 +-  0.001
 142 E   1.00000 0.00000 0.00000 ( 1)  0.050 +-  0.000
 143 L   1.00000 0.00000 0.00000 ( 1)  0.050 +-  0.000
 144 R   1.00000 0.00000 0.00000 ( 1)  0.050 +-  0.000
 145 C   1.00000 0.00000 0.00000 ( 1)  0.050 +-  0.000
 146 S   1.00000 0.00000 0.00000 ( 1)  0.050 +-  0.000
 147 L   1.00000 0.00000 0.00000 ( 1)  0.050 +-  0.000
 148 Q   1.00000 0.00000 0.00000 ( 1)  0.050 +-  0.000
 149 L   1.00000 0.00000 0.00000 ( 1)  0.050 +-  0.000
 150 A   1.00000 0.00000 0.00000 ( 1)  0.050 +-  0.000
 151 E   1.00000 0.00000 0.00000 ( 1)  0.050 +-  0.000
 152 L   1.00000 0.00000 0.00000 ( 1)  0.050 +-  0.000
 153 E   1.00000 0.00000 0.00000 ( 1)  0.050 +-  0.000
 154 R   1.00000 0.00000 0.00000 ( 1)  0.050 +-  0.000
 155 E   1.00000 0.00000 0.00000 ( 1)  0.050 +-  0.000
 156 G   1.00000 0.00000 0.00000 ( 1)  0.050 +-  0.000
 157 G   1.00000 0.00000 0.00000 ( 1)  0.050 +-  0.000
 158 F   1.00000 0.00000 0.00000 ( 1)  0.050 +-  0.000
 159 S   1.00000 0.00000 0.00000 ( 1)  0.050 +-  0.000
 160 P   1.00000 0.00000 0.00000 ( 1)  0.050 +-  0.000
 161 H   1.00000 0.00000 0.00000 ( 1)  0.050 +-  0.000
 162 V   1.00000 0.00000 0.00000 ( 1)  0.050 +-  0.000
 163 S   1.00000 0.00000 0.00000 ( 1)  0.050 +-  0.000
 164 P   1.00000 0.00000 0.00000 ( 1)  0.050 +-  0.000
 165 F   1.00000 0.00000 0.00000 ( 1)  0.050 +-  0.000
 166 T   1.00000 0.00000 0.00000 ( 1)  0.050 +-  0.000
 167 A   1.00000 0.00000 0.00000 ( 1)  0.050 +-  0.000
 168 V   1.00000 0.00000 0.00000 ( 1)  0.050 +-  0.000
 169 A   1.00000 0.00000 0.00000 ( 1)  0.050 +-  0.000
 170 D   1.00000 0.00000 0.00000 ( 1)  0.050 +-  0.000
 171 L   1.00000 0.00000 0.00000 ( 1)  0.050 +-  0.000
 172 G   1.00000 0.00000 0.00000 ( 1)  0.050 +-  0.000
 173 H   1.00000 0.00000 0.00000 ( 1)  0.050 +-  0.000
 174 L   1.00000 0.00000 0.00000 ( 1)  0.050 +-  0.000
 175 L   1.00000 0.00000 0.00000 ( 1)  0.050 +-  0.000
 176 A   0.03601 0.96399 0.00000 ( 2)  0.966 +-  0.177
 177 R   1.00000 0.00000 0.00000 ( 1)  0.050 +-  0.000
 178 A   1.00000 0.00000 0.00000 ( 1)  0.050 +-  0.000
 179 G   1.00000 0.00000 0.00000 ( 1)  0.050 +-  0.000
 180 F   1.00000 0.00000 0.00000 ( 1)  0.050 +-  0.000
 181 N   1.00000 0.00000 0.00000 ( 1)  0.050 +-  0.000
 182 T   1.00000 0.00000 0.00000 ( 1)  0.050 +-  0.000
 183 L   1.00000 0.00000 0.00000 ( 1)  0.050 +-  0.000
 184 T   1.00000 0.00000 0.00000 ( 1)  0.050 +-  0.000
 185 V   1.00000 0.00000 0.00000 ( 1)  0.050 +-  0.000
 186 D   1.00000 0.00000 0.00000 ( 1)  0.050 +-  0.000
 187 T   1.00000 0.00000 0.00000 ( 1)  0.050 +-  0.000
 188 D   1.00000 0.00000 0.00000 ( 1)  0.050 +-  0.000
 189 E   1.00000 0.00000 0.00000 ( 1)  0.050 +-  0.000
 190 I   1.00000 0.00000 0.00000 ( 1)  0.050 +-  0.000
 191 Q   1.00000 0.00000 0.00000 ( 1)  0.050 +-  0.000
 192 V   1.00000 0.00000 0.00000 ( 1)  0.050 +-  0.000
 193 N   1.00000 0.00000 0.00000 ( 1)  0.050 +-  0.000
 194 Y   1.00000 0.00000 0.00000 ( 1)  0.050 +-  0.000
 195 P   1.00000 0.00000 0.00000 ( 1)  0.050 +-  0.000
 196 G   1.00000 0.00000 0.00000 ( 1)  0.050 +-  0.000
 197 L   1.00000 0.00000 0.00000 ( 1)  0.050 +-  0.000
 198 F   1.00000 0.00000 0.00000 ( 1)  0.050 +-  0.000
 199 E   1.00000 0.00000 0.00000 ( 1)  0.050 +-  0.000
 200 V   0.93979 0.06021 0.00000 ( 1)  0.107 +-  0.226
 201 M   1.00000 0.00000 0.00000 ( 1)  0.050 +-  0.000
 202 E   1.00000 0.00000 0.00000 ( 1)  0.050 +-  0.000
 203 D   1.00000 0.00000 0.00000 ( 1)  0.050 +-  0.000
 204 L   1.00000 0.00000 0.00000 ( 1)  0.050 +-  0.000
 205 Q   1.00000 0.00000 0.00000 ( 1)  0.050 +-  0.000
 206 M   1.00000 0.00000 0.00000 ( 1)  0.050 +-  0.000
 207 G   1.00000 0.00000 0.00000 ( 1)  0.050 +-  0.000
 208 E   1.00000 0.00000 0.00000 ( 1)  0.050 +-  0.001
 209 S   0.00342 0.99658 0.00000 ( 2)  0.997 +-  0.055
 210 N   1.00000 0.00000 0.00000 ( 1)  0.050 +-  0.000
 211 S   1.00000 0.00000 0.00000 ( 1)  0.050 +-  0.000
 212 W   1.00000 0.00000 0.00000 ( 1)  0.050 +-  0.000
 213 N   1.00000 0.00000 0.00000 ( 1)  0.050 +-  0.000
 214 R   1.00000 0.00000 0.00000 ( 1)  0.050 +-  0.000
 215 K   1.00000 0.00000 0.00000 ( 1)  0.050 +-  0.000
 216 P   1.00000 0.00000 0.00000 ( 1)  0.050 +-  0.000
 217 L   0.99050 0.00950 0.00000 ( 1)  0.059 +-  0.092
 218 L   1.00000 0.00000 0.00000 ( 1)  0.050 +-  0.001
 219 H   1.00000 0.00000 0.00000 ( 1)  0.050 +-  0.000
 220 R   1.00000 0.00000 0.00000 ( 1)  0.050 +-  0.000
 221 E   0.00000 1.00000 0.00000 ( 2)  1.000 +-  0.000
 222 T   1.00000 0.00000 0.00000 ( 1)  0.050 +-  0.000
 223 M   0.99855 0.00145 0.00000 ( 1)  0.051 +-  0.036
 224 L   0.85946 0.14054 0.00000 ( 1)  0.184 +-  0.330
 225 A   1.00000 0.00000 0.00000 ( 1)  0.050 +-  0.000
 226 A   0.99996 0.00004 0.00000 ( 1)  0.050 +-  0.006
 227 A   1.00000 0.00000 0.00000 ( 1)  0.050 +-  0.000
 228 A   1.00000 0.00000 0.00000 ( 1)  0.050 +-  0.000
 229 I   1.00000 0.00000 0.00000 ( 1)  0.050 +-  0.000
 230 Y   0.00761 0.99239 0.00000 ( 2)  0.993 +-  0.083
 231 E   1.00000 0.00000 0.00000 ( 1)  0.050 +-  0.000
 232 M   1.00000 0.00000 0.00000 ( 1)  0.050 +-  0.000
 233 Y   1.00000 0.00000 0.00000 ( 1)  0.050 +-  0.000
 234 G   1.00000 0.00000 0.00000 ( 1)  0.050 +-  0.000
 235 N   1.00000 0.00000 0.00000 ( 1)  0.050 +-  0.000
 236 S   1.00000 0.00000 0.00000 ( 1)  0.050 +-  0.000
 237 D   1.00000 0.00000 0.00000 ( 1)  0.050 +-  0.000
 238 G   1.00000 0.00000 0.00000 ( 1)  0.050 +-  0.000
 239 S   1.00000 0.00000 0.00000 ( 1)  0.050 +-  0.000
 240 V   1.00000 0.00000 0.00000 ( 1)  0.050 +-  0.000
 241 P   1.00000 0.00000 0.00000 ( 1)  0.050 +-  0.000
 242 A   1.00000 0.00000 0.00000 ( 1)  0.050 +-  0.000
 243 T   1.00000 0.00000 0.00000 ( 1)  0.050 +-  0.000
 244 F   1.00000 0.00000 0.00000 ( 1)  0.050 +-  0.000
 245 Q   1.00000 0.00000 0.00000 ( 1)  0.050 +-  0.000
 246 I   1.00000 0.00000 0.00000 ( 1)  0.050 +-  0.000
 247 Y   0.00000 1.00000 0.00000 ( 2)  1.000 +-  0.001
 248 Y   1.00000 0.00000 0.00000 ( 1)  0.050 +-  0.000
 249 M   1.00000 0.00000 0.00000 ( 1)  0.050 +-  0.000
 250 I   1.00000 0.00000 0.00000 ( 1)  0.050 +-  0.000
 251 G   1.00000 0.00000 0.00000 ( 1)  0.050 +-  0.000
 252 W   1.00000 0.00000 0.00000 ( 1)  0.050 +-  0.000
 253 K   1.00000 0.00000 0.00000 ( 1)  0.050 +-  0.000
 254 F   1.00000 0.00000 0.00000 ( 1)  0.050 +-  0.000
 255 H   1.00000 0.00000 0.00000 ( 1)  0.050 +-  0.000
 256 E   1.00000 0.00000 0.00000 ( 1)  0.050 +-  0.000
 257 S   1.00000 0.00000 0.00000 ( 1)  0.050 +-  0.000
 258 Q   0.99999 0.00001 0.00000 ( 1)  0.050 +-  0.003
 259 P   1.00000 0.00000 0.00000 ( 1)  0.050 +-  0.000
 260 R   0.00001 0.99999 0.00000 ( 2)  1.000 +-  0.003
 261 P   1.00000 0.00000 0.00000 ( 1)  0.050 +-  0.000
 262 A   1.00000 0.00000 0.00000 ( 1)  0.050 +-  0.000
 263 Q   0.00000 1.00000 0.00000 ( 2)  1.000 +-  0.001
 264 R   1.00000 0.00000 0.00000 ( 1)  0.050 +-  0.000
 265 G   1.00000 0.00000 0.00000 ( 1)  0.050 +-  0.000
 266 S   1.00000 0.00000 0.00000 ( 1)  0.050 +-  0.000
 267 A   1.00000 0.00000 0.00000 ( 1)  0.050 +-  0.000
 268 T   1.00000 0.00000 0.00000 ( 1)  0.050 +-  0.000
 269 V   1.00000 0.00000 0.00000 ( 1)  0.050 +-  0.000
 270 S   1.00000 0.00000 0.00000 ( 1)  0.050 +-  0.000
 271 F   0.03942 0.96058 0.00000 ( 2)  0.963 +-  0.185
 272 G   1.00000 0.00000 0.00000 ( 1)  0.050 +-  0.001
 273 D   1.00000 0.00000 0.00000 ( 1)  0.050 +-  0.000
 274 L   1.00000 0.00000 0.00000 ( 1)  0.050 +-  0.001
 275 G   0.97385 0.02615 0.00000 ( 1)  0.075 +-  0.152
 276 K   1.00000 0.00000 0.00000 ( 1)  0.050 +-  0.000
 277 I   1.00000 0.00000 0.00000 ( 1)  0.050 +-  0.000
 278 E   0.00000 1.00000 0.00000 ( 2)  1.000 +-  0.000
 279 G   0.00000 1.00000 0.00000 ( 2)  1.000 +-  0.000
 280 I   0.33506 0.66494 0.00000 ( 2)  0.682 +-  0.448
 281 L   0.75216 0.24784 0.00000 ( 1)  0.285 +-  0.410
 282 S   0.98045 0.01955 0.00000 ( 1)  0.069 +-  0.132
 283 R   0.00000 1.00000 0.00000 ( 2)  1.000 +-  0.000
 284 G   0.00000 0.99999 0.00001 ( 2)  1.000 +-  0.001
 285 K   0.99989 0.00011 0.00000 ( 1)  0.050 +-  0.010
 286 K   1.00000 0.00000 0.00000 ( 1)  0.050 +-  0.002

Positively selected sites

	Prob(w>1)  mean w

     3 -      0.982*        2.473 +- 0.198
     4 -      0.818         2.226 +- 0.579
     5 -      0.988*        2.481 +- 0.167
   113 L      1.000**       2.500 +- 0.018
   115 W      1.000**       2.500 +- 0.018
