# Extracted from OG0007308_00.rst: BEB section

Bayes Empirical Bayes (BEB) probabilities for 3 classes (class) & postmean_w
(amino acids refer to 1st sequence: Acchl)

   1 E   0.00000 0.99978 0.00022 ( 2)  1.000 +-  0.007
   2 A   0.99992 0.00008 0.00000 ( 1)  0.050 +-  0.009
   3 Y   0.10490 0.89497 0.00012 ( 2)  0.900 +-  0.291
   4 K   1.00000 0.00000 0.00000 ( 1)  0.050 +-  0.002
   5 V   0.01404 0.98596 0.00000 ( 2)  0.987 +-  0.112
   6 P   1.00000 0.00000 0.00000 ( 1)  0.050 +-  0.000
   7 P   1.00000 0.00000 0.00000 ( 1)  0.050 +-  0.000
   8 S   0.00000 1.00000 0.00000 ( 2)  1.000 +-  0.001
   9 R   1.00000 0.00000 0.00000 ( 1)  0.050 +-  0.000
  10 T   1.00000 0.00000 0.00000 ( 1)  0.050 +-  0.000
  11 P   1.00000 0.00000 0.00000 ( 1)  0.050 +-  0.000
  12 A   0.00002 0.99994 0.00004 ( 2)  1.000 +-  0.005
  13 A   0.00000 1.00000 0.00000 ( 2)  1.000 +-  0.000
  14 D   0.00000 0.99953 0.00047 ( 2)  1.000 +-  0.011
  15 R   0.00000 0.99952 0.00048 ( 2)  1.000 +-  0.011
  16 T   0.00000 0.98499 0.01501 ( 2)  1.008 +-  0.061
  17 T   1.00000 0.00000 0.00000 ( 1)  0.050 +-  0.000
  18 S   0.00000 1.00000 0.00000 ( 2)  1.000 +-  0.000
  19 V   0.00000 0.99993 0.00007 ( 2)  1.000 +-  0.004
  20 P   1.00000 0.00000 0.00000 ( 1)  0.050 +-  0.000
  21 N   1.00000 0.00000 0.00000 ( 1)  0.050 +-  0.000
  22 P   1.00000 0.00000 0.00000 ( 1)  0.050 +-  0.000
  23 V   0.00000 0.87915 0.12085 ( 2)  1.060 +-  0.163
  24 T   0.00000 0.23912 0.76088 ( 3)  1.380 +-  0.213
  25 F   0.00000 0.31221 0.68779 ( 3)  1.344 +-  0.232
  26 L   0.00000 0.05841 0.94159 ( 3)  1.471 +-  0.117
  27 Q   0.00045 0.99937 0.00017 ( 2)  1.000 +-  0.021
  28 T   0.00000 0.99538 0.00462 ( 2)  1.002 +-  0.034
  29 A   0.00000 0.99973 0.00027 ( 2)  1.000 +-  0.008
  30 F   0.00000 0.99420 0.00580 ( 2)  1.003 +-  0.038
  31 D   0.00000 0.86779 0.13221 ( 2)  1.066 +-  0.169
  32 Y   0.00000 0.99190 0.00810 ( 2)  1.004 +-  0.045
  33 V   0.00201 0.99796 0.00003 ( 2)  0.998 +-  0.043
  34 I   0.00000 0.02257 0.97743 ( 3)  1.489 +-  0.074
  35 D   1.00000 0.00000 0.00000 ( 1)  0.050 +-  0.000
  36 A   0.00000 0.98474 0.01526 ( 2)  1.008 +-  0.061
  37 E   0.00000 0.99967 0.00033 ( 2)  1.000 +-  0.009
  38 W   0.41445 0.58555 0.00000 ( 2)  0.606 +-  0.468
  39 I   1.00000 0.00000 0.00000 ( 1)  0.050 +-  0.000
  40 E   0.99992 0.00008 0.00000 ( 1)  0.050 +-  0.009
  41 R   0.00000 1.00000 0.00000 ( 2)  1.000 +-  0.000
  42 Q   0.00000 0.99865 0.00135 ( 2)  1.001 +-  0.018
  43 Q   0.00096 0.99903 0.00001 ( 2)  0.999 +-  0.029
  44 A   0.00000 0.99755 0.00245 ( 2)  1.001 +-  0.025
  45 K   0.99981 0.00019 0.00000 ( 1)  0.050 +-  0.013
  46 N   0.99735 0.00265 0.00000 ( 1)  0.053 +-  0.049
  47 K   1.00000 0.00000 0.00000 ( 1)  0.050 +-  0.000
  48 T   0.00000 0.17441 0.82559 ( 3)  1.413 +-  0.190
  49 Y   1.00000 0.00000 0.00000 ( 1)  0.050 +-  0.000
  50 Y   1.00000 0.00000 0.00000 ( 1)  0.050 +-  0.000
  51 Y   1.00000 0.00000 0.00000 ( 1)  0.050 +-  0.000
  52 H   1.00000 0.00000 0.00000 ( 1)  0.050 +-  0.000
  53 Q   1.00000 0.00000 0.00000 ( 1)  0.050 +-  0.000
  54 K   1.00000 0.00000 0.00000 ( 1)  0.050 +-  0.001
  55 F   1.00000 0.00000 0.00000 ( 1)  0.050 +-  0.000
  56 R   1.00000 0.00000 0.00000 ( 1)  0.050 +-  0.000
  57 R   1.00000 0.00000 0.00000 ( 1)  0.050 +-  0.000
  58 V   1.00000 0.00000 0.00000 ( 1)  0.050 +-  0.000
  59 P   1.00000 0.00000 0.00000 ( 1)  0.050 +-  0.000
  60 D   1.00000 0.00000 0.00000 ( 1)  0.050 +-  0.000
  61 L   0.00000 0.99789 0.00211 ( 2)  1.001 +-  0.023
  62 S   1.00000 0.00000 0.00000 ( 1)  0.050 +-  0.000
  63 E   0.99982 0.00018 0.00000 ( 1)  0.050 +-  0.013
  64 C   1.00000 0.00000 0.00000 ( 1)  0.050 +-  0.000
  65 L   0.00000 0.99716 0.00284 ( 2)  1.001 +-  0.027
  66 E   1.00000 0.00000 0.00000 ( 1)  0.050 +-  0.001
  67 G   1.00000 0.00000 0.00000 ( 1)  0.050 +-  0.000
  68 D   1.00000 0.00000 0.00000 ( 1)  0.050 +-  0.000
  69 Y   1.00000 0.00000 0.00000 ( 1)  0.050 +-  0.000
  70 L   1.00000 0.00000 0.00000 ( 1)  0.050 +-  0.000
  71 C   1.00000 0.00000 0.00000 ( 1)  0.050 +-  0.000
  72 F   0.00000 0.99887 0.00113 ( 2)  1.001 +-  0.017
  73 Y   0.00004 0.99951 0.00045 ( 2)  1.000 +-  0.012
  74 E   1.00000 0.00000 0.00000 ( 1)  0.050 +-  0.000
  75 A   1.00000 0.00000 0.00000 ( 1)  0.050 +-  0.000
  76 E   1.00000 0.00000 0.00000 ( 1)  0.050 +-  0.000
  77 A   1.00000 0.00000 0.00000 ( 1)  0.050 +-  0.000
  78 Q   1.00000 0.00000 0.00000 ( 1)  0.050 +-  0.000
  79 W   1.00000 0.00000 0.00000 ( 1)  0.050 +-  0.000
  80 R   1.00000 0.00000 0.00000 ( 1)  0.050 +-  0.000
  81 R   1.00000 0.00000 0.00000 ( 1)  0.050 +-  0.000
  82 D   1.00000 0.00000 0.00000 ( 1)  0.050 +-  0.000
  83 R   1.00000 0.00000 0.00000 ( 1)  0.050 +-  0.000
  84 M   0.71565 0.28435 0.00000 ( 1)  0.320 +-  0.429
  85 V   1.00000 0.00000 0.00000 ( 1)  0.050 +-  0.000
  86 D   1.00000 0.00000 0.00000 ( 1)  0.050 +-  0.000
  87 Q   0.00000 0.99915 0.00085 ( 2)  1.000 +-  0.015
  88 E   0.00000 0.99987 0.00013 ( 2)  1.000 +-  0.006
  89 I   1.00000 0.00000 0.00000 ( 1)  0.050 +-  0.000
  90 V   1.00000 0.00000 0.00000 ( 1)  0.050 +-  0.000
  91 E   0.99997 0.00003 0.00000 ( 1)  0.050 +-  0.005
  92 I   1.00000 0.00000 0.00000 ( 1)  0.050 +-  0.000
  93 V   0.00000 0.98881 0.01119 ( 2)  1.006 +-  0.053
  94 R   1.00000 0.00000 0.00000 ( 1)  0.050 +-  0.000
  95 E   1.00000 0.00000 0.00000 ( 1)  0.050 +-  0.000
  96 R   1.00000 0.00000 0.00000 ( 1)  0.050 +-  0.000
  97 L   0.00000 0.98406 0.01594 ( 2)  1.008 +-  0.063
  98 G   0.00002 0.99998 0.00000 ( 2)  1.000 +-  0.005
  99 A   1.00000 0.00000 0.00000 ( 1)  0.050 +-  0.000
 100 C   1.00000 0.00000 0.00000 ( 1)  0.050 +-  0.000
 101 Q   0.00001 0.99998 0.00000 ( 2)  1.000 +-  0.004
 102 H   0.00000 0.99739 0.00261 ( 2)  1.001 +-  0.026
 103 R   1.00000 0.00000 0.00000 ( 1)  0.050 +-  0.000
 104 E   1.00000 0.00000 0.00000 ( 1)  0.050 +-  0.000
 105 G   1.00000 0.00000 0.00000 ( 1)  0.050 +-  0.000
 106 P   1.00000 0.00000 0.00000 ( 1)  0.050 +-  0.000
 107 N   1.00000 0.00000 0.00000 ( 1)  0.050 +-  0.000
 108 Q   0.00000 0.89899 0.10101 ( 2)  1.051 +-  0.151
 109 F   0.00000 0.99875 0.00125 ( 2)  1.001 +-  0.018
 110 Q   1.00000 0.00000 0.00000 ( 1)  0.050 +-  0.000
 111 N   1.00000 0.00000 0.00000 ( 1)  0.050 +-  0.000
 112 C   1.00000 0.00000 0.00000 ( 1)  0.050 +-  0.000
 113 A   1.00000 0.00000 0.00000 ( 1)  0.050 +-  0.000
 114 K   1.00000 0.00000 0.00000 ( 1)  0.050 +-  0.000
 115 E   1.00000 0.00000 0.00000 ( 1)  0.050 +-  0.000
 116 M   0.00000 0.05451 0.94549 ( 3)  1.473 +-  0.114
 117 E   0.00000 0.99992 0.00008 ( 2)  1.000 +-  0.005
 118 L   0.00000 0.99564 0.00436 ( 2)  1.002 +-  0.033
 119 L   1.00000 0.00000 0.00000 ( 1)  0.050 +-  0.000
 120 A   0.00000 0.99912 0.00088 ( 2)  1.000 +-  0.015
 121 Q   0.99969 0.00031 0.00000 ( 1)  0.050 +-  0.017
 122 V   1.00000 0.00000 0.00000 ( 1)  0.050 +-  0.000
 123 T   1.00000 0.00000 0.00000 ( 1)  0.050 +-  0.000
 124 K   1.00000 0.00000 0.00000 ( 1)  0.050 +-  0.000
 125 A   1.00000 0.00000 0.00000 ( 1)  0.050 +-  0.000
 126 Y   1.00000 0.00000 0.00000 ( 1)  0.050 +-  0.002
 127 Q   0.99955 0.00045 0.00000 ( 1)  0.050 +-  0.020
 128 D   1.00000 0.00000 0.00000 ( 1)  0.050 +-  0.000
 129 R   1.00000 0.00000 0.00000 ( 1)  0.050 +-  0.000
 130 Y   1.00000 0.00000 0.00000 ( 1)  0.050 +-  0.000
 131 G   1.00000 0.00000 0.00000 ( 1)  0.050 +-  0.000
 132 D   0.00000 1.00000 0.00000 ( 2)  1.000 +-  0.000
 133 L   1.00000 0.00000 0.00000 ( 1)  0.050 +-  0.000
 134 G   1.00000 0.00000 0.00000 ( 1)  0.050 +-  0.000
 135 Y   0.00000 0.97755 0.02245 ( 2)  1.011 +-  0.074
 136 H   1.00000 0.00000 0.00000 ( 1)  0.050 +-  0.000
 137 G   1.00000 0.00000 0.00000 ( 1)  0.050 +-  0.000
 138 N   1.00000 0.00000 0.00000 ( 1)  0.050 +-  0.000
 139 A   1.00000 0.00000 0.00000 ( 1)  0.050 +-  0.002
 140 R   1.00000 0.00000 0.00000 ( 1)  0.050 +-  0.000
 141 T   0.99997 0.00003 0.00000 ( 1)  0.050 +-  0.005
 142 C   1.00000 0.00000 0.00000 ( 1)  0.050 +-  0.000
 143 L   1.00000 0.00000 0.00000 ( 1)  0.050 +-  0.000
 144 M   1.00000 0.00000 0.00000 ( 1)  0.050 +-  0.000
 145 K   1.00000 0.00000 0.00000 ( 1)  0.050 +-  0.000
 146 Q   1.00000 0.00000 0.00000 ( 1)  0.050 +-  0.000
 147 K   1.00000 0.00000 0.00000 ( 1)  0.050 +-  0.000
 148 H   1.00000 0.00000 0.00000 ( 1)  0.050 +-  0.000
 149 R   1.00000 0.00000 0.00000 ( 1)  0.050 +-  0.000
 150 M   1.00000 0.00000 0.00000 ( 1)  0.050 +-  0.000
 151 M   0.00146 0.99854 0.00000 ( 2)  0.999 +-  0.036
 152 E   1.00000 0.00000 0.00000 ( 1)  0.050 +-  0.000
 153 E   1.00000 0.00000 0.00000 ( 1)  0.050 +-  0.000
 154 R   1.00000 0.00000 0.00000 ( 1)  0.050 +-  0.000
 155 K   1.00000 0.00000 0.00000 ( 1)  0.050 +-  0.000

Positively selected sites

	Prob(w>1)  mean w

    24 T      0.761         1.380 +- 0.213
    25 F      0.688         1.344 +- 0.232
    26 L      0.942         1.471 +- 0.117
    34 I      0.977*        1.489 +- 0.074
    48 T      0.826         1.413 +- 0.190
   116 M      0.945         1.473 +- 0.114
