# Extracted from OG0011580_00.rst: NEB section

Naive Empirical Bayes (NEB) probabilities for 2 classes & postmean_w
(amino acids refer to 1st sequence: Acchl)

   1 M   1.00000 0.00000 ( 1)  0.113
   2 V   1.00000 0.00000 ( 1)  0.113
   3 S   1.00000 0.00000 ( 1)  0.113
   4 G   0.00000 1.00000 ( 2)  1.000
   5 K   1.00000 0.00000 ( 1)  0.113
   6 Q   1.00000 0.00000 ( 1)  0.113
   7 L   1.00000 0.00000 ( 1)  0.113
   8 A   1.00000 0.00000 ( 1)  0.113
   9 D   1.00000 0.00000 ( 1)  0.113
  10 M   0.09974 0.90026 ( 2)  0.911
  11 G   1.00000 0.00000 ( 1)  0.113
  12 Y   1.00000 0.00000 ( 1)  0.113
  13 K   1.00000 0.00000 ( 1)  0.113
  14 A   1.00000 0.00000 ( 1)  0.113
  15 F   1.00000 0.00000 ( 1)  0.113
  16 S   1.00000 0.00000 ( 1)  0.113
  17 G   1.00000 0.00000 ( 1)  0.113
  18 S   1.00000 0.00000 ( 1)  0.113
  19 M   1.00000 0.00000 ( 1)  0.113
  20 M   0.00000 1.00000 ( 2)  1.000
  21 L   1.00000 0.00000 ( 1)  0.113
  22 L   1.00000 0.00000 ( 1)  0.113
  23 T   1.00000 0.00000 ( 1)  0.113
  24 L   0.00101 0.99899 ( 2)  0.999
  25 Y   1.00000 0.00000 ( 1)  0.113
  26 G   1.00000 0.00000 ( 1)  0.113
  27 G   1.00000 0.00000 ( 1)  0.113
  28 Y   0.99999 0.00001 ( 1)  0.113
  29 L   1.00000 0.00000 ( 1)  0.113
  30 C   1.00000 0.00000 ( 1)  0.113
  31 S   0.99881 0.00119 ( 1)  0.114
  32 V   1.00000 0.00000 ( 1)  0.113
  33 R   1.00000 0.00000 ( 1)  0.113
  34 A   0.99685 0.00315 ( 1)  0.115
  35 Y   0.00000 1.00000 ( 2)  1.000
  36 H   1.00000 0.00000 ( 1)  0.113
  37 L   0.00000 1.00000 ( 2)  1.000
  38 L   1.00000 0.00000 ( 1)  0.113
  39 Q   0.99998 0.00002 ( 1)  0.113
  40 R   0.00000 1.00000 ( 2)  1.000
  41 R   1.00000 0.00000 ( 1)  0.113
  42 R   0.97410 0.02590 ( 1)  0.136
  43 E   0.99991 0.00009 ( 1)  0.113
  44 R   1.00000 0.00000 ( 1)  0.113
  45 A   0.00000 1.00000 ( 2)  1.000
  46 A   0.00000 1.00000 ( 2)  1.000
  47 P   0.09927 0.90073 ( 2)  0.912
  48 G   1.00000 0.00000 ( 1)  0.113
  49 P   1.00000 0.00000 ( 1)  0.113
  50 D   0.00000 1.00000 ( 2)  1.000
  51 S   0.00002 0.99998 ( 2)  1.000
