# Extracted from OG0008719_00.rst: NEB section

Naive Empirical Bayes (NEB) probabilities for 2 classes & postmean_w
(amino acids refer to 1st sequence: Acgen)

   1 A   0.00000 1.00000 ( 2)  1.000
   2 R   0.00000 1.00000 ( 2)  1.000
   3 R   1.00000 0.00000 ( 1)  0.006
   4 D   1.00000 0.00000 ( 1)  0.006
   5 Y   0.99946 0.00054 ( 1)  0.006
   6 A   1.00000 0.00000 ( 1)  0.006
   7 A   1.00000 0.00000 ( 1)  0.006
   8 Q   0.00000 1.00000 ( 2)  1.000
   9 P   0.00000 1.00000 ( 2)  1.000
  10 A   0.00194 0.99806 ( 2)  0.998
  11 P   1.00000 0.00000 ( 1)  0.006
  12 A   1.00000 0.00000 ( 1)  0.006
  13 A   1.00000 0.00000 ( 1)  0.006
  14 K   1.00000 0.00000 ( 1)  0.006
  15 A   1.00000 0.00000 ( 1)  0.006
  16 G   0.99989 0.00011 ( 1)  0.006
  17 S   0.00020 0.99980 ( 2)  1.000
  18 T   0.00000 1.00000 ( 2)  1.000
  19 T   1.00000 0.00000 ( 1)  0.006
  20 G   1.00000 0.00000 ( 1)  0.006
  21 R   1.00000 0.00000 ( 1)  0.006
  22 I   1.00000 0.00000 ( 1)  0.006
  23 V   1.00000 0.00000 ( 1)  0.006
  24 A   1.00000 0.00000 ( 1)  0.006
  25 V   1.00000 0.00000 ( 1)  0.006
  26 I   1.00000 0.00000 ( 1)  0.006
  27 G   1.00000 0.00000 ( 1)  0.006
  28 A   1.00000 0.00000 ( 1)  0.006
  29 V   1.00000 0.00000 ( 1)  0.006
  30 V   1.00000 0.00000 ( 1)  0.006
  31 D   1.00000 0.00000 ( 1)  0.006
  32 V   1.00000 0.00000 ( 1)  0.006
  33 Q   1.00000 0.00000 ( 1)  0.006
  34 F   1.00000 0.00000 ( 1)  0.006
  35 D   1.00000 0.00000 ( 1)  0.006
  36 E   1.00000 0.00000 ( 1)  0.006
  37 G   1.00000 0.00000 ( 1)  0.006
  38 L   1.00000 0.00000 ( 1)  0.006
  39 P   1.00000 0.00000 ( 1)  0.006
  40 P   1.00000 0.00000 ( 1)  0.006
  41 I   1.00000 0.00000 ( 1)  0.006
  42 L   1.00000 0.00000 ( 1)  0.006
  43 N   1.00000 0.00000 ( 1)  0.006
  44 A   1.00000 0.00000 ( 1)  0.006
  45 L   1.00000 0.00000 ( 1)  0.006
  46 E   1.00000 0.00000 ( 1)  0.006
  47 V   1.00000 0.00000 ( 1)  0.006
  48 Q   1.00000 0.00000 ( 1)  0.006
  49 G   1.00000 0.00000 ( 1)  0.006
  50 R   1.00000 0.00000 ( 1)  0.006
  51 E   0.99940 0.00060 ( 1)  0.006
  52 T   1.00000 0.00000 ( 1)  0.006
  53 R   1.00000 0.00000 ( 1)  0.006
  54 L   1.00000 0.00000 ( 1)  0.006
  55 V   1.00000 0.00000 ( 1)  0.006
  56 L   1.00000 0.00000 ( 1)  0.006
  57 E   1.00000 0.00000 ( 1)  0.006
  58 V   1.00000 0.00000 ( 1)  0.006
  59 A   1.00000 0.00000 ( 1)  0.006
  60 Q   1.00000 0.00000 ( 1)  0.006
  61 H   1.00000 0.00000 ( 1)  0.006
  62 L   1.00000 0.00000 ( 1)  0.006
  63 G   1.00000 0.00000 ( 1)  0.006
  64 E   1.00000 0.00000 ( 1)  0.006
  65 N   1.00000 0.00000 ( 1)  0.006
  66 T   1.00000 0.00000 ( 1)  0.006
  67 V   1.00000 0.00000 ( 1)  0.006
  68 R   1.00000 0.00000 ( 1)  0.006
  69 T   1.00000 0.00000 ( 1)  0.006
  70 I   1.00000 0.00000 ( 1)  0.006
  71 A   1.00000 0.00000 ( 1)  0.006
  72 M   1.00000 0.00000 ( 1)  0.006
  73 D   1.00000 0.00000 ( 1)  0.006
  74 G   1.00000 0.00000 ( 1)  0.006
  75 T   1.00000 0.00000 ( 1)  0.006
  76 E   1.00000 0.00000 ( 1)  0.006
  77 G   1.00000 0.00000 ( 1)  0.006
  78 L   1.00000 0.00000 ( 1)  0.006
  79 V   1.00000 0.00000 ( 1)  0.006
  80 R   1.00000 0.00000 ( 1)  0.006
  81 G   1.00000 0.00000 ( 1)  0.006
  82 Q   1.00000 0.00000 ( 1)  0.006
  83 K   1.00000 0.00000 ( 1)  0.006
  84 V   1.00000 0.00000 ( 1)  0.006
  85 L   1.00000 0.00000 ( 1)  0.006
  86 D   1.00000 0.00000 ( 1)  0.006
  87 S   1.00000 0.00000 ( 1)  0.006
  88 G   1.00000 0.00000 ( 1)  0.006
  89 A   1.00000 0.00000 ( 1)  0.006
  90 P   1.00000 0.00000 ( 1)  0.006
  91 I   1.00000 0.00000 ( 1)  0.006
  92 R   1.00000 0.00000 ( 1)  0.006
  93 I   1.00000 0.00000 ( 1)  0.006
  94 P   1.00000 0.00000 ( 1)  0.006
  95 V   1.00000 0.00000 ( 1)  0.006
  96 G   1.00000 0.00000 ( 1)  0.006
  97 P   1.00000 0.00000 ( 1)  0.006
  98 E   1.00000 0.00000 ( 1)  0.006
  99 T   1.00000 0.00000 ( 1)  0.006
 100 L   1.00000 0.00000 ( 1)  0.006
 101 G   1.00000 0.00000 ( 1)  0.006
 102 R   1.00000 0.00000 ( 1)  0.006
 103 I   1.00000 0.00000 ( 1)  0.006
 104 M   1.00000 0.00000 ( 1)  0.006
 105 N   1.00000 0.00000 ( 1)  0.006
 106 V   1.00000 0.00000 ( 1)  0.006
 107 I   1.00000 0.00000 ( 1)  0.006
 108 G   1.00000 0.00000 ( 1)  0.006
 109 E   1.00000 0.00000 ( 1)  0.006
 110 P   1.00000 0.00000 ( 1)  0.006
 111 I   1.00000 0.00000 ( 1)  0.006
 112 D   1.00000 0.00000 ( 1)  0.006
 113 E   1.00000 0.00000 ( 1)  0.006
 114 R   1.00000 0.00000 ( 1)  0.006
 115 G   1.00000 0.00000 ( 1)  0.006
 116 P   1.00000 0.00000 ( 1)  0.006
 117 I   1.00000 0.00000 ( 1)  0.006
 118 T   0.00000 1.00000 ( 2)  1.000
 119 T   1.00000 0.00000 ( 1)  0.006
 120 K   1.00000 0.00000 ( 1)  0.006
 121 Q   1.00000 0.00000 ( 1)  0.006
 122 F   1.00000 0.00000 ( 1)  0.006
 123 A   1.00000 0.00000 ( 1)  0.006
 124 A   1.00000 0.00000 ( 1)  0.006
 125 I   1.00000 0.00000 ( 1)  0.006
 126 H   1.00000 0.00000 ( 1)  0.006
 127 A   1.00000 0.00000 ( 1)  0.006
 128 E   1.00000 0.00000 ( 1)  0.006
 129 A   1.00000 0.00000 ( 1)  0.006
 130 P   1.00000 0.00000 ( 1)  0.006
 131 E   1.00000 0.00000 ( 1)  0.006
 132 F   1.00000 0.00000 ( 1)  0.006
 133 V   1.00000 0.00000 ( 1)  0.006
 134 E   1.00000 0.00000 ( 1)  0.006
 135 M   1.00000 0.00000 ( 1)  0.006
 136 S   1.00000 0.00000 ( 1)  0.006
 137 V   1.00000 0.00000 ( 1)  0.006
 138 E   1.00000 0.00000 ( 1)  0.006
 139 Q   1.00000 0.00000 ( 1)  0.006
 140 E   1.00000 0.00000 ( 1)  0.006
 141 I   1.00000 0.00000 ( 1)  0.006
 142 L   1.00000 0.00000 ( 1)  0.006
 143 V   1.00000 0.00000 ( 1)  0.006
 144 T   1.00000 0.00000 ( 1)  0.006
 145 G   1.00000 0.00000 ( 1)  0.006
 146 I   1.00000 0.00000 ( 1)  0.006
 147 K   1.00000 0.00000 ( 1)  0.006
 148 V   1.00000 0.00000 ( 1)  0.006
 149 V   1.00000 0.00000 ( 1)  0.006
 150 D   1.00000 0.00000 ( 1)  0.006
 151 L   1.00000 0.00000 ( 1)  0.006
 152 L   1.00000 0.00000 ( 1)  0.006
 153 A   1.00000 0.00000 ( 1)  0.006
 154 P   1.00000 0.00000 ( 1)  0.006
 155 Y   1.00000 0.00000 ( 1)  0.006
 156 A   1.00000 0.00000 ( 1)  0.006
 157 K   1.00000 0.00000 ( 1)  0.006
 158 G   1.00000 0.00000 ( 1)  0.006
 159 G   1.00000 0.00000 ( 1)  0.006
 160 K   1.00000 0.00000 ( 1)  0.006
 161 I   1.00000 0.00000 ( 1)  0.006
 162 G   1.00000 0.00000 ( 1)  0.006
 163 L   1.00000 0.00000 ( 1)  0.006
 164 F   1.00000 0.00000 ( 1)  0.006
 165 G   1.00000 0.00000 ( 1)  0.006
 166 G   1.00000 0.00000 ( 1)  0.006
 167 A   1.00000 0.00000 ( 1)  0.006
 168 G   1.00000 0.00000 ( 1)  0.006
 169 V   1.00000 0.00000 ( 1)  0.006
 170 G   1.00000 0.00000 ( 1)  0.006
 171 K   1.00000 0.00000 ( 1)  0.006
 172 T   1.00000 0.00000 ( 1)  0.006
 173 V   1.00000 0.00000 ( 1)  0.006
 174 L   1.00000 0.00000 ( 1)  0.006
 175 I   1.00000 0.00000 ( 1)  0.006
 176 M   1.00000 0.00000 ( 1)  0.006
 177 E   1.00000 0.00000 ( 1)  0.006
 178 L   1.00000 0.00000 ( 1)  0.006
 179 I   1.00000 0.00000 ( 1)  0.006
 180 N   1.00000 0.00000 ( 1)  0.006
 181 N   1.00000 0.00000 ( 1)  0.006
 182 V   1.00000 0.00000 ( 1)  0.006
 183 A   1.00000 0.00000 ( 1)  0.006
 184 K   1.00000 0.00000 ( 1)  0.006
 185 A   1.00000 0.00000 ( 1)  0.006
 186 H   1.00000 0.00000 ( 1)  0.006
 187 G   1.00000 0.00000 ( 1)  0.006
 188 G   1.00000 0.00000 ( 1)  0.006
 189 Y   1.00000 0.00000 ( 1)  0.006
 190 S   1.00000 0.00000 ( 1)  0.006
 191 V   1.00000 0.00000 ( 1)  0.006
 192 F   1.00000 0.00000 ( 1)  0.006
 193 A   1.00000 0.00000 ( 1)  0.006
 194 G   1.00000 0.00000 ( 1)  0.006
 195 V   1.00000 0.00000 ( 1)  0.006
 196 G   1.00000 0.00000 ( 1)  0.006
 197 E   1.00000 0.00000 ( 1)  0.006
 198 R   1.00000 0.00000 ( 1)  0.006
 199 T   1.00000 0.00000 ( 1)  0.006
 200 R   1.00000 0.00000 ( 1)  0.006
 201 E   1.00000 0.00000 ( 1)  0.006
 202 G   1.00000 0.00000 ( 1)  0.006
 203 N   1.00000 0.00000 ( 1)  0.006
 204 D   1.00000 0.00000 ( 1)  0.006
 205 L   1.00000 0.00000 ( 1)  0.006
 206 Y   1.00000 0.00000 ( 1)  0.006
 207 H   1.00000 0.00000 ( 1)  0.006
 208 E   1.00000 0.00000 ( 1)  0.006
 209 M   1.00000 0.00000 ( 1)  0.006
 210 I   1.00000 0.00000 ( 1)  0.006
 211 E   1.00000 0.00000 ( 1)  0.006
 212 S   1.00000 0.00000 ( 1)  0.006
 213 G   1.00000 0.00000 ( 1)  0.006
 214 V   1.00000 0.00000 ( 1)  0.006
 215 I   1.00000 0.00000 ( 1)  0.006
 216 N   1.00000 0.00000 ( 1)  0.006
 217 L   1.00000 0.00000 ( 1)  0.006
 218 K   1.00000 0.00000 ( 1)  0.006
 219 D   1.00000 0.00000 ( 1)  0.006
 220 A   0.00222 0.99778 ( 2)  0.998
 221 T   1.00000 0.00000 ( 1)  0.006
 222 S   1.00000 0.00000 ( 1)  0.006
 223 K   1.00000 0.00000 ( 1)  0.006
 224 V   1.00000 0.00000 ( 1)  0.006
 225 A   1.00000 0.00000 ( 1)  0.006
 226 L   1.00000 0.00000 ( 1)  0.006
 227 V   1.00000 0.00000 ( 1)  0.006
 228 Y   1.00000 0.00000 ( 1)  0.006
 229 G   1.00000 0.00000 ( 1)  0.006
 230 Q   1.00000 0.00000 ( 1)  0.006
 231 M   1.00000 0.00000 ( 1)  0.006
 232 N   1.00000 0.00000 ( 1)  0.006
 233 E   1.00000 0.00000 ( 1)  0.006
 234 P   1.00000 0.00000 ( 1)  0.006
 235 P   1.00000 0.00000 ( 1)  0.006
 236 G   1.00000 0.00000 ( 1)  0.006
 237 A   1.00000 0.00000 ( 1)  0.006
 238 R   1.00000 0.00000 ( 1)  0.006
 239 A   1.00000 0.00000 ( 1)  0.006
 240 R   1.00000 0.00000 ( 1)  0.006
 241 V   1.00000 0.00000 ( 1)  0.006
 242 A   1.00000 0.00000 ( 1)  0.006
 243 L   1.00000 0.00000 ( 1)  0.006
 244 T   1.00000 0.00000 ( 1)  0.006
 245 G   1.00000 0.00000 ( 1)  0.006
 246 L   1.00000 0.00000 ( 1)  0.006
 247 T   1.00000 0.00000 ( 1)  0.006
 248 V   1.00000 0.00000 ( 1)  0.006
 249 A   1.00000 0.00000 ( 1)  0.006
 250 E   1.00000 0.00000 ( 1)  0.006
 251 Y   1.00000 0.00000 ( 1)  0.006
 252 F   1.00000 0.00000 ( 1)  0.006
 253 R   1.00000 0.00000 ( 1)  0.006
 254 D   1.00000 0.00000 ( 1)  0.006
 255 Q   1.00000 0.00000 ( 1)  0.006
 256 E   1.00000 0.00000 ( 1)  0.006
 257 G   1.00000 0.00000 ( 1)  0.006
 258 Q   1.00000 0.00000 ( 1)  0.006
