# Extracted from OG0008793_00.rst: NEB section

Naive Empirical Bayes (NEB) probabilities for 2 classes & postmean_w
(amino acids refer to 1st sequence: Acchl)

   1 -   0.00000 1.00000 ( 2)  1.000
   2 -   0.76011 0.23989 ( 1)  0.307
   3 -   0.99401 0.00599 ( 1)  0.094
   4 -   0.00000 1.00000 ( 2)  1.000
   5 -   1.00000 0.00000 ( 1)  0.088
   6 -   0.99876 0.00124 ( 1)  0.090
   7 -   0.00000 1.00000 ( 2)  1.000
   8 -   1.00000 0.00000 ( 1)  0.088
   9 -   1.00000 0.00000 ( 1)  0.088
  10 -   0.01407 0.98593 ( 2)  0.987
  11 -   1.00000 0.00000 ( 1)  0.088
  12 -   1.00000 0.00000 ( 1)  0.088
  13 -   1.00000 0.00000 ( 1)  0.088
  14 -   1.00000 0.00000 ( 1)  0.088
  15 -   0.99926 0.00074 ( 1)  0.089
  16 -   1.00000 0.00000 ( 1)  0.088
  17 -   1.00000 0.00000 ( 1)  0.088
  18 -   1.00000 0.00000 ( 1)  0.088
  19 -   1.00000 0.00000 ( 1)  0.088
  20 -   1.00000 0.00000 ( 1)  0.088
  21 -   0.00000 1.00000 ( 2)  1.000
  22 -   0.00000 1.00000 ( 2)  1.000
  23 -   1.00000 0.00000 ( 1)  0.088
  24 -   0.99995 0.00005 ( 1)  0.089
  25 -   1.00000 0.00000 ( 1)  0.088
  26 -   0.99621 0.00379 ( 1)  0.092
  27 -   0.99999 0.00001 ( 1)  0.088
  28 -   0.93689 0.06311 ( 1)  0.146
  29 -   1.00000 0.00000 ( 1)  0.088
  30 -   1.00000 0.00000 ( 1)  0.088
  31 -   0.00071 0.99929 ( 2)  0.999
  32 -   0.99999 0.00001 ( 1)  0.088
  33 -   1.00000 0.00000 ( 1)  0.088
  34 -   1.00000 0.00000 ( 1)  0.088
  35 -   1.00000 0.00000 ( 1)  0.088
  36 I   0.00000 1.00000 ( 2)  1.000
  37 T   1.00000 0.00000 ( 1)  0.088
  38 S   1.00000 0.00000 ( 1)  0.088
  39 P   1.00000 0.00000 ( 1)  0.088
  40 E   1.00000 0.00000 ( 1)  0.088
  41 I   0.99999 0.00001 ( 1)  0.088
  42 S   1.00000 0.00000 ( 1)  0.088
  43 Q   0.94760 0.05240 ( 1)  0.136
  44 L   0.99987 0.00013 ( 1)  0.089
  45 I   1.00000 0.00000 ( 1)  0.088
  46 G   1.00000 0.00000 ( 1)  0.088
  47 I   1.00000 0.00000 ( 1)  0.088
  48 W   1.00000 0.00000 ( 1)  0.088
  49 Y   0.00001 0.99999 ( 2)  1.000
  50 I   0.00000 1.00000 ( 2)  1.000
  51 S   1.00000 0.00000 ( 1)  0.088
  52 E   1.00000 0.00000 ( 1)  0.088
  53 W   1.00000 0.00000 ( 1)  0.088
  54 M   0.01758 0.98242 ( 2)  0.984
  55 A   1.00000 0.00000 ( 1)  0.088
  56 M   0.00000 1.00000 ( 2)  1.000
  57 G   1.00000 0.00000 ( 1)  0.088
  58 R   1.00000 0.00000 ( 1)  0.088
  59 P   1.00000 0.00000 ( 1)  0.088
  60 S   0.00000 1.00000 ( 2)  1.000
  61 T   0.51047 0.48953 ( 1)  0.535
  62 F   0.89219 0.10781 ( 1)  0.187
  63 Q   1.00000 0.00000 ( 1)  0.088
  64 L   0.99998 0.00002 ( 1)  0.088
  65 V   1.00000 0.00000 ( 1)  0.088
  66 E   1.00000 0.00000 ( 1)  0.088
  67 L   0.99989 0.00011 ( 1)  0.089
  68 G   1.00000 0.00000 ( 1)  0.088
  69 P   1.00000 0.00000 ( 1)  0.088
  70 G   1.00000 0.00000 ( 1)  0.088
  71 K   1.00000 0.00000 ( 1)  0.088
  72 G   1.00000 0.00000 ( 1)  0.088
  73 T   1.00000 0.00000 ( 1)  0.088
  74 L   1.00000 0.00000 ( 1)  0.088
  75 T   1.00000 0.00000 ( 1)  0.088
  76 E   0.00000 1.00000 ( 2)  1.000
  77 D   1.00000 0.00000 ( 1)  0.088
  78 I   1.00000 0.00000 ( 1)  0.088
  79 L   1.00000 0.00000 ( 1)  0.088
  80 R   1.00000 0.00000 ( 1)  0.088
  81 V   1.00000 0.00000 ( 1)  0.088
  82 F   1.00000 0.00000 ( 1)  0.088
  83 S   0.00000 1.00000 ( 2)  1.000
  84 Q   1.00000 0.00000 ( 1)  0.088
  85 L   1.00000 0.00000 ( 1)  0.088
  86 S   0.00000 1.00000 ( 2)  1.000
  87 S   1.00000 0.00000 ( 1)  0.088
  88 V   1.00000 0.00000 ( 1)  0.088
  89 L   1.00000 0.00000 ( 1)  0.088
  90 S   1.00000 0.00000 ( 1)  0.088
  91 K   1.00000 0.00000 ( 1)  0.088
  92 C   1.00000 0.00000 ( 1)  0.088
  93 D   1.00000 0.00000 ( 1)  0.088
  94 V   0.95764 0.04236 ( 1)  0.127
  95 S   1.00000 0.00000 ( 1)  0.088
  96 V   0.00032 0.99968 ( 2)  1.000
  97 H   1.00000 0.00000 ( 1)  0.088
  98 L   0.99998 0.00002 ( 1)  0.088
  99 V   1.00000 0.00000 ( 1)  0.088
 100 E   1.00000 0.00000 ( 1)  0.088
 101 V   1.00000 0.00000 ( 1)  0.088
 102 S   1.00000 0.00000 ( 1)  0.088
 103 P   1.00000 0.00000 ( 1)  0.088
 104 K   1.00000 0.00000 ( 1)  0.088
 105 L   1.00000 0.00000 ( 1)  0.088
 106 S   1.00000 0.00000 ( 1)  0.088
 107 E   0.00166 0.99834 ( 2)  0.998
 108 T   0.00000 1.00000 ( 2)  1.000
 109 Q   1.00000 0.00000 ( 1)  0.088
 110 A   1.00000 0.00000 ( 1)  0.088
 111 L   0.00000 1.00000 ( 2)  1.000
 112 T   0.00000 1.00000 ( 2)  1.000
 113 L   0.99999 0.00001 ( 1)  0.088
 114 M   1.00000 0.00000 ( 1)  0.088
 115 G   1.00000 0.00000 ( 1)  0.088
 116 G   0.99994 0.00006 ( 1)  0.089
 117 K   0.94744 0.05256 ( 1)  0.136
 118 V   0.00000 1.00000 ( 2)  1.000
 119 Q   0.94256 0.05744 ( 1)  0.141
 120 P   0.00000 1.00000 ( 2)  1.000
 121 N   0.00204 0.99796 ( 2)  0.998
 122 P   0.00002 0.99998 ( 2)  1.000
 123 E   0.00000 1.00000 ( 2)  1.000
 124 D   0.00002 0.99998 ( 2)  1.000
 125 N   0.00000 1.00000 ( 2)  1.000
 126 S   0.00000 1.00000 ( 2)  1.000
 127 A   0.99999 0.00001 ( 1)  0.088
 128 Y   1.00000 0.00000 ( 1)  0.088
 129 M   1.00000 0.00000 ( 1)  0.088
 130 K   0.00191 0.99809 ( 2)  0.998
 131 G   1.00000 0.00000 ( 1)  0.088
 132 V   0.00000 1.00000 ( 2)  1.000
 133 S   0.99937 0.00063 ( 1)  0.089
 134 K   1.00000 0.00000 ( 1)  0.088
 135 T   1.00000 0.00000 ( 1)  0.088
 136 G   1.00000 0.00000 ( 1)  0.088
 137 I   0.99998 0.00002 ( 1)  0.088
 138 P   1.00000 0.00000 ( 1)  0.088
 139 I   0.99851 0.00149 ( 1)  0.090
 140 S   0.16449 0.83551 ( 2)  0.850
 141 W   1.00000 0.00000 ( 1)  0.088
 142 Y   1.00000 0.00000 ( 1)  0.088
 143 R   1.00000 0.00000 ( 1)  0.088
 144 D   1.00000 0.00000 ( 1)  0.088
 145 I   0.29303 0.70697 ( 2)  0.733
 146 Q   1.00000 0.00000 ( 1)  0.088
 147 D   1.00000 0.00000 ( 1)  0.088
 148 V   1.00000 0.00000 ( 1)  0.088
 149 P   1.00000 0.00000 ( 1)  0.088
 150 P   0.00000 1.00000 ( 2)  1.000
 151 G   1.00000 0.00000 ( 1)  0.088
 152 Y   0.99914 0.00086 ( 1)  0.089
 153 S   1.00000 0.00000 ( 1)  0.088
 154 F   1.00000 0.00000 ( 1)  0.088
 155 Y   1.00000 0.00000 ( 1)  0.088
 156 L   1.00000 0.00000 ( 1)  0.088
 157 A   1.00000 0.00000 ( 1)  0.088
 158 H   1.00000 0.00000 ( 1)  0.088
 159 E   1.00000 0.00000 ( 1)  0.088
 160 F   1.00000 0.00000 ( 1)  0.088
 161 F   1.00000 0.00000 ( 1)  0.088
 162 D   1.00000 0.00000 ( 1)  0.088
 163 A   1.00000 0.00000 ( 1)  0.088
 164 L   0.99999 0.00001 ( 1)  0.088
 165 P   1.00000 0.00000 ( 1)  0.088
 166 I   1.00000 0.00000 ( 1)  0.088
 167 H   1.00000 0.00000 ( 1)  0.088
 168 K   1.00000 0.00000 ( 1)  0.088
 169 F   1.00000 0.00000 ( 1)  0.088
 170 R   1.00000 0.00000 ( 1)  0.088
 171 T   1.00000 0.00000 ( 1)  0.088
 172 E   0.99672 0.00328 ( 1)  0.091
 173 K   0.99807 0.00193 ( 1)  0.090
 174 G   1.00000 0.00000 ( 1)  0.088
 175 W   1.00000 0.00000 ( 1)  0.088
 176 R   1.00000 0.00000 ( 1)  0.088
 177 E   1.00000 0.00000 ( 1)  0.088
 178 V   1.00000 0.00000 ( 1)  0.088
 179 L   1.00000 0.00000 ( 1)  0.088
 180 V   1.00000 0.00000 ( 1)  0.088
 181 D   1.00000 0.00000 ( 1)  0.088
 182 I   0.96836 0.03164 ( 1)  0.117
 183 D   1.00000 0.00000 ( 1)  0.088
 184 P   1.00000 0.00000 ( 1)  0.088
 185 E   0.00046 0.99954 ( 2)  1.000
 186 A   0.99697 0.00303 ( 1)  0.091
 187 P   1.00000 0.00000 ( 1)  0.088
 188 D   0.99948 0.00052 ( 1)  0.089
 189 Q   0.00001 0.99999 ( 2)  1.000
 190 L   0.99999 0.00001 ( 1)  0.088
 191 R   1.00000 0.00000 ( 1)  0.088
 192 F   1.00000 0.00000 ( 1)  0.088
 193 V   1.00000 0.00000 ( 1)  0.088
 194 L   0.99999 0.00001 ( 1)  0.088
 195 S   1.00000 0.00000 ( 1)  0.088
 196 P   1.00000 0.00000 ( 1)  0.088
 197 S   1.00000 0.00000 ( 1)  0.088
 198 S   1.00000 0.00000 ( 1)  0.088
 199 T   1.00000 0.00000 ( 1)  0.088
 200 P   1.00000 0.00000 ( 1)  0.088
 201 A   1.00000 0.00000 ( 1)  0.088
 202 T   0.98988 0.01012 ( 1)  0.098
 203 E   0.74770 0.25230 ( 1)  0.318
 204 N   1.00000 0.00000 ( 1)  0.088
 205 F   0.99999 0.00001 ( 1)  0.088
 206 I   1.00000 0.00000 ( 1)  0.088
 207 Q   1.00000 0.00000 ( 1)  0.088
 208 P   0.99698 0.00302 ( 1)  0.091
 209 E   1.00000 0.00000 ( 1)  0.088
 210 E   1.00000 0.00000 ( 1)  0.088
 211 T   0.00000 1.00000 ( 2)  1.000
 212 R   1.00000 0.00000 ( 1)  0.088
 213 D   0.48291 0.51709 ( 2)  0.560
 214 H   1.00000 0.00000 ( 1)  0.088
 215 V   1.00000 0.00000 ( 1)  0.088
 216 E   1.00000 0.00000 ( 1)  0.088
 217 V   1.00000 0.00000 ( 1)  0.088
 218 C   1.00000 0.00000 ( 1)  0.088
 219 P   1.00000 0.00000 ( 1)  0.088
 220 E   1.00000 0.00000 ( 1)  0.088
 221 A   1.00000 0.00000 ( 1)  0.088
 222 G   1.00000 0.00000 ( 1)  0.088
 223 V   1.00000 0.00000 ( 1)  0.088
 224 I   1.00000 0.00000 ( 1)  0.088
 225 V   0.52886 0.47114 ( 1)  0.518
 226 Q   1.00000 0.00000 ( 1)  0.088
 227 R   1.00000 0.00000 ( 1)  0.088
 228 L   1.00000 0.00000 ( 1)  0.088
 229 A   1.00000 0.00000 ( 1)  0.088
 230 C   0.61867 0.38133 ( 1)  0.436
 231 R   1.00000 0.00000 ( 1)  0.088
 232 I   1.00000 0.00000 ( 1)  0.088
 233 E   1.00000 0.00000 ( 1)  0.088
 234 E   0.00006 0.99994 ( 2)  1.000
 235 D   0.99383 0.00617 ( 1)  0.094
 236 G   1.00000 0.00000 ( 1)  0.088
 237 G   1.00000 0.00000 ( 1)  0.088
 238 A   1.00000 0.00000 ( 1)  0.088
 239 A   1.00000 0.00000 ( 1)  0.088
 240 L   0.99999 0.00001 ( 1)  0.088
 241 V   0.95643 0.04357 ( 1)  0.128
 242 A   1.00000 0.00000 ( 1)  0.088
 243 D   1.00000 0.00000 ( 1)  0.088
 244 Y   1.00000 0.00000 ( 1)  0.088
 245 G   1.00000 0.00000 ( 1)  0.088
 246 H   1.00000 0.00000 ( 1)  0.088
 247 D   1.00000 0.00000 ( 1)  0.088
 248 G   1.00000 0.00000 ( 1)  0.088
 249 T   1.00000 0.00000 ( 1)  0.088
 250 K   1.00000 0.00000 ( 1)  0.088
 251 T   1.00000 0.00000 ( 1)  0.088
 252 D   1.00000 0.00000 ( 1)  0.088
 253 T   1.00000 0.00000 ( 1)  0.088
 254 F   1.00000 0.00000 ( 1)  0.088
 255 R   1.00000 0.00000 ( 1)  0.088
 256 G   1.00000 0.00000 ( 1)  0.088
 257 F   1.00000 0.00000 ( 1)  0.088
 258 R   0.00001 0.99999 ( 2)  1.000
 259 N   1.00000 0.00000 ( 1)  0.088
 260 H   1.00000 0.00000 ( 1)  0.088
 261 K   0.99775 0.00225 ( 1)  0.091
 262 P   0.00099 0.99901 ( 2)  0.999
 263 H   1.00000 0.00000 ( 1)  0.088
 264 D   0.13069 0.86931 ( 2)  0.881
 265 V   1.00000 0.00000 ( 1)  0.088
 266 L   0.99999 0.00001 ( 1)  0.088
 267 S   0.00000 1.00000 ( 2)  1.000
 268 A   1.00000 0.00000 ( 1)  0.088
 269 P   1.00000 0.00000 ( 1)  0.088
 270 G   1.00000 0.00000 ( 1)  0.088
 271 T   1.00000 0.00000 ( 1)  0.088
 272 A   1.00000 0.00000 ( 1)  0.088
 273 D   1.00000 0.00000 ( 1)  0.088
 274 L   0.99999 0.00001 ( 1)  0.088
 275 T   1.00000 0.00000 ( 1)  0.088
 276 A   1.00000 0.00000 ( 1)  0.088
 277 D   1.00000 0.00000 ( 1)  0.088
 278 V   1.00000 0.00000 ( 1)  0.088
 279 D   1.00000 0.00000 ( 1)  0.088
 280 F   1.00000 0.00000 ( 1)  0.088
 281 S   1.00000 0.00000 ( 1)  0.088
 282 Y   1.00000 0.00000 ( 1)  0.088
 283 L   1.00000 0.00000 ( 1)  0.088
 284 R   1.00000 0.00000 ( 1)  0.088
 285 K   1.00000 0.00000 ( 1)  0.088
 286 M   1.00000 0.00000 ( 1)  0.088
 287 T   0.00000 1.00000 ( 2)  1.000
 288 Q   0.00008 0.99992 ( 2)  1.000
 289 G   1.00000 0.00000 ( 1)  0.088
 290 R   1.00000 0.00000 ( 1)  0.088
 291 T   0.03864 0.96136 ( 2)  0.965
 292 A   1.00000 0.00000 ( 1)  0.088
 293 T   1.00000 0.00000 ( 1)  0.088
 294 L   1.00000 0.00000 ( 1)  0.088
 295 G   1.00000 0.00000 ( 1)  0.088
 296 P   1.00000 0.00000 ( 1)  0.088
 297 I   1.00000 0.00000 ( 1)  0.088
 298 K   1.00000 0.00000 ( 1)  0.088
 299 Q   1.00000 0.00000 ( 1)  0.088
 300 R   0.99993 0.00007 ( 1)  0.089
 301 E   0.98854 0.01146 ( 1)  0.099
 302 F   1.00000 0.00000 ( 1)  0.088
 303 L   1.00000 0.00000 ( 1)  0.088
 304 K   1.00000 0.00000 ( 1)  0.088
 305 N   1.00000 0.00000 ( 1)  0.088
 306 M   1.00000 0.00000 ( 1)  0.088
 307 G   1.00000 0.00000 ( 1)  0.088
 308 I   1.00000 0.00000 ( 1)  0.088
 309 D   1.00000 0.00000 ( 1)  0.088
 310 L   1.00000 0.00000 ( 1)  0.088
 311 R   1.00000 0.00000 ( 1)  0.088
 312 L   0.99217 0.00783 ( 1)  0.096
 313 Q   1.00000 0.00000 ( 1)  0.088
 314 V   0.99998 0.00002 ( 1)  0.088
 315 L   1.00000 0.00000 ( 1)  0.088
 316 L   1.00000 0.00000 ( 1)  0.088
 317 Q   1.00000 0.00000 ( 1)  0.088
 318 N   1.00000 0.00000 ( 1)  0.088
 319 S   1.00000 0.00000 ( 1)  0.088
 320 R   0.00000 1.00000 ( 2)  1.000
 321 D   1.00000 0.00000 ( 1)  0.088
 322 T   0.00000 1.00000 ( 2)  1.000
 323 A   1.00000 0.00000 ( 1)  0.088
 324 T   1.00000 0.00000 ( 1)  0.088
 325 R   0.00000 1.00000 ( 2)  1.000
 326 E   0.00008 0.99992 ( 2)  1.000
 327 Q   1.00000 0.00000 ( 1)  0.088
 328 L   0.99999 0.00001 ( 1)  0.088
 329 L   0.99706 0.00294 ( 1)  0.091
 330 H   0.00742 0.99258 ( 2)  0.993
 331 S   1.00000 0.00000 ( 1)  0.088
 332 S   1.00000 0.00000 ( 1)  0.088
 333 D   1.00000 0.00000 ( 1)  0.088
 334 M   1.00000 0.00000 ( 1)  0.088
 335 L   1.00000 0.00000 ( 1)  0.088
 336 M   1.00000 0.00000 ( 1)  0.088
 337 N   1.00000 0.00000 ( 1)  0.088
 338 P   1.00000 0.00000 ( 1)  0.088
 339 E   0.00000 1.00000 ( 2)  1.000
 340 K   0.99763 0.00237 ( 1)  0.091
 341 M   1.00000 0.00000 ( 1)  0.088
 342 G   1.00000 0.00000 ( 1)  0.088
 343 D   1.00000 0.00000 ( 1)  0.088
 344 C   1.00000 0.00000 ( 1)  0.088
 345 F   1.00000 0.00000 ( 1)  0.088
 346 N   0.00181 0.99819 ( 2)  0.998
 347 F   1.00000 0.00000 ( 1)  0.088
 348 F   1.00000 0.00000 ( 1)  0.088
 349 A   1.00000 0.00000 ( 1)  0.088
 350 L   0.99992 0.00008 ( 1)  0.089
 351 L   0.99829 0.00171 ( 1)  0.090
 352 P   1.00000 0.00000 ( 1)  0.088
 353 H   1.00000 0.00000 ( 1)  0.088
 354 H   0.00000 1.00000 ( 2)  1.000
 355 R   1.00000 0.00000 ( 1)  0.088
 356 L   1.00000 0.00000 ( 1)  0.088
 357 V   0.00000 1.00000 ( 2)  1.000
 358 H   0.00000 1.00000 ( 2)  1.000
 359 P   0.99993 0.00007 ( 1)  0.089
 360 D   0.00000 1.00000 ( 2)  1.000
 361 K   0.00004 0.99996 ( 2)  1.000
 362 K   0.02507 0.97493 ( 2)  0.977
 363 D   0.00000 1.00000 ( 2)  1.000
 364 K   0.01184 0.98816 ( 2)  0.989
 365 P   0.00000 1.00000 ( 2)  1.000
 366 G   0.00000 1.00000 ( 2)  1.000
 367 P   0.44642 0.55358 ( 2)  0.593
 368 P   0.00000 1.00000 ( 2)  1.000
 369 P   1.00000 0.00000 ( 1)  0.088
 370 V   1.00000 0.00000 ( 1)  0.088
 371 A   1.00000 0.00000 ( 1)  0.088
 372 G   1.00000 0.00000 ( 1)  0.088
 373 F   1.00000 0.00000 ( 1)  0.088
 374 N   0.00000 1.00000 ( 2)  1.000
 375 E   1.00000 0.00000 ( 1)  0.088
 376 L   1.00000 0.00000 ( 1)  0.088
 377 S   0.00000 1.00000 ( 2)  1.000
 378 L   0.03780 0.96220 ( 2)  0.966
 379 K   0.99225 0.00775 ( 1)  0.096
