# Extracted from OG0007473_00.rst: BEB section

Bayes Empirical Bayes (BEB) probabilities for 3 classes (class) & postmean_w
(amino acids refer to 1st sequence: Acchl)

   1 -   0.00801 0.99198 0.00001 ( 2)  0.992 +-  0.085
   2 -   0.10854 0.89144 0.00002 ( 2)  0.897 +-  0.296
   3 -   1.00000 0.00000 0.00000 ( 1)  0.050 +-  0.000
   4 -   0.99976 0.00024 0.00000 ( 1)  0.050 +-  0.015
   5 -   0.46112 0.53888 0.00000 ( 2)  0.562 +-  0.474
   6 -   0.99995 0.00005 0.00000 ( 1)  0.050 +-  0.006
   7 -   0.93620 0.06380 0.00000 ( 1)  0.111 +-  0.232
   8 -   0.00000 0.99267 0.00733 ( 2)  1.004 +-  0.049
   9 -   1.00000 0.00000 0.00000 ( 1)  0.050 +-  0.000
  10 -   1.00000 0.00000 0.00000 ( 1)  0.050 +-  0.000
  11 -   1.00000 0.00000 0.00000 ( 1)  0.050 +-  0.000
  12 -   0.99997 0.00003 0.00000 ( 1)  0.050 +-  0.005
  13 -   1.00000 0.00000 0.00000 ( 1)  0.050 +-  0.001
  14 -   0.99997 0.00003 0.00000 ( 1)  0.050 +-  0.005
  15 -   0.99811 0.00189 0.00000 ( 1)  0.052 +-  0.041
  16 -   0.99994 0.00006 0.00000 ( 1)  0.050 +-  0.008
  17 -   1.00000 0.00000 0.00000 ( 1)  0.050 +-  0.001
  18 -   0.00481 0.99518 0.00001 ( 2)  0.995 +-  0.066
  19 -   1.00000 0.00000 0.00000 ( 1)  0.050 +-  0.000
  20 -   0.00016 0.99984 0.00000 ( 2)  1.000 +-  0.012
  21 -   1.00000 0.00000 0.00000 ( 1)  0.050 +-  0.000
  22 -   0.96173 0.03827 0.00000 ( 1)  0.086 +-  0.182
  23 -   1.00000 0.00000 0.00000 ( 1)  0.050 +-  0.000
  24 -   0.00000 1.00000 0.00000 ( 2)  1.000 +-  0.001
  25 -   0.99760 0.00240 0.00000 ( 1)  0.052 +-  0.046
  26 -   1.00000 0.00000 0.00000 ( 1)  0.050 +-  0.001
  27 -   0.05207 0.94743 0.00050 ( 2)  0.951 +-  0.212
  28 -   0.00000 0.99999 0.00001 ( 2)  1.000 +-  0.002
  29 -   0.00009 0.99967 0.00024 ( 2)  1.000 +-  0.013
  30 -   0.12705 0.87280 0.00015 ( 2)  0.879 +-  0.316
  31 R   1.00000 0.00000 0.00000 ( 1)  0.050 +-  0.000
  32 F   0.99996 0.00004 0.00000 ( 1)  0.050 +-  0.006
  33 Y   0.79141 0.20857 0.00002 ( 1)  0.248 +-  0.386
  34 I   0.00000 0.50352 0.49648 ( 2)  1.727 +-  0.744
  35 F   0.00000 0.99994 0.00006 ( 2)  1.000 +-  0.004
  36 L   0.17151 0.82807 0.00042 ( 2)  0.837 +-  0.359
  37 T   1.00000 0.00000 0.00000 ( 1)  0.050 +-  0.000
  38 G   1.00000 0.00000 0.00000 ( 1)  0.050 +-  0.000
  39 I   1.00000 0.00000 0.00000 ( 1)  0.050 +-  0.000
  40 P   1.00000 0.00000 0.00000 ( 1)  0.050 +-  0.001
  41 A   0.00000 0.99996 0.00004 ( 2)  1.000 +-  0.003
  42 V   0.00000 0.99998 0.00002 ( 2)  1.000 +-  0.002
  43 L   0.01258 0.98741 0.00000 ( 2)  0.988 +-  0.106
  44 F   0.90767 0.09233 0.00000 ( 1)  0.138 +-  0.275
  45 I   0.99995 0.00005 0.00000 ( 1)  0.050 +-  0.007
  46 T   0.99994 0.00006 0.00000 ( 1)  0.050 +-  0.007
  47 Y   0.99994 0.00006 0.00000 ( 1)  0.050 +-  0.008
  48 V   1.00000 0.00000 0.00000 ( 1)  0.050 +-  0.000
  49 N   1.00000 0.00000 0.00000 ( 1)  0.050 +-  0.000
  50 I   0.00000 0.99913 0.00087 ( 2)  1.000 +-  0.016
  51 F   1.00000 0.00000 0.00000 ( 1)  0.050 +-  0.001
  52 I   0.02092 0.97907 0.00001 ( 2)  0.980 +-  0.136
  53 G   1.00000 0.00000 0.00000 ( 1)  0.050 +-  0.000
  54 E   1.00000 0.00000 0.00000 ( 1)  0.050 +-  0.000
  55 A   0.99999 0.00001 0.00000 ( 1)  0.050 +-  0.002
  56 E   1.00000 0.00000 0.00000 ( 1)  0.050 +-  0.001
  57 L   1.00000 0.00000 0.00000 ( 1)  0.050 +-  0.000
  58 A   0.99895 0.00105 0.00000 ( 1)  0.051 +-  0.031
  59 E   1.00000 0.00000 0.00000 ( 1)  0.050 +-  0.001
  60 I   1.00000 0.00000 0.00000 ( 1)  0.050 +-  0.000
  61 P   1.00000 0.00000 0.00000 ( 1)  0.050 +-  0.000
  62 E   1.00000 0.00000 0.00000 ( 1)  0.050 +-  0.001
  63 G   1.00000 0.00000 0.00000 ( 1)  0.050 +-  0.000
  64 Y   0.99992 0.00008 0.00000 ( 1)  0.050 +-  0.008
  65 V   0.00000 0.99936 0.00064 ( 2)  1.000 +-  0.013
  66 P   1.00000 0.00000 0.00000 ( 1)  0.050 +-  0.001
  67 E   0.00000 0.99994 0.00006 ( 2)  1.000 +-  0.004
  68 Y   0.00000 0.99987 0.00012 ( 2)  1.000 +-  0.006
  69 W   0.99982 0.00018 0.00000 ( 1)  0.050 +-  0.013
  70 E   1.00000 0.00000 0.00000 ( 1)  0.050 +-  0.000
  71 Y   0.99998 0.00002 0.00000 ( 1)  0.050 +-  0.004
  72 Y   0.30148 0.69846 0.00006 ( 2)  0.714 +-  0.436
  73 K   1.00000 0.00000 0.00000 ( 1)  0.050 +-  0.000
  74 H   1.00000 0.00000 0.00000 ( 1)  0.050 +-  0.000
  75 P   1.00000 0.00000 0.00000 ( 1)  0.050 +-  0.000
  76 I   1.00000 0.00000 0.00000 ( 1)  0.050 +-  0.000
  77 S   0.00029 0.99971 0.00000 ( 2)  1.000 +-  0.016
  78 R   1.00000 0.00000 0.00000 ( 1)  0.050 +-  0.000
  79 W   0.99982 0.00018 0.00000 ( 1)  0.050 +-  0.013
  80 I   1.00000 0.00000 0.00000 ( 1)  0.050 +-  0.000
  81 A   1.00000 0.00000 0.00000 ( 1)  0.050 +-  0.000
  82 R   1.00000 0.00000 0.00000 ( 1)  0.050 +-  0.000
  83 Y   0.99998 0.00002 0.00000 ( 1)  0.050 +-  0.004
  84 L   0.00000 0.22126 0.77874 ( 3)  2.150 +-  0.628
  85 L   1.00000 0.00000 0.00000 ( 1)  0.050 +-  0.000
  86 D   1.00000 0.00000 0.00000 ( 1)  0.050 +-  0.000
  87 P   0.00003 0.99992 0.00004 ( 2)  1.000 +-  0.006
  88 P   1.00000 0.00000 0.00000 ( 1)  0.050 +-  0.000
  89 E   0.99998 0.00002 0.00000 ( 1)  0.050 +-  0.004
  90 K   1.00000 0.00000 0.00000 ( 1)  0.050 +-  0.000
  91 D   0.00000 0.99954 0.00046 ( 2)  1.000 +-  0.011
  92 Y   0.99993 0.00007 0.00000 ( 1)  0.050 +-  0.008
  93 E   1.00000 0.00000 0.00000 ( 1)  0.050 +-  0.000
  94 K   1.00000 0.00000 0.00000 ( 1)  0.050 +-  0.000
  95 E   0.00000 0.99821 0.00179 ( 2)  1.001 +-  0.022
  96 L   0.99494 0.00506 0.00000 ( 1)  0.055 +-  0.067
  97 A   1.00000 0.00000 0.00000 ( 1)  0.050 +-  0.000
  98 M   0.00000 0.00034 0.99966 ( 3)  2.579 +-  0.344
  99 L   0.00000 0.99999 0.00001 ( 2)  1.000 +-  0.002
 100 D   0.00000 1.00000 0.00000 ( 2)  1.000 +-  0.001
 101 I   0.00000 0.98952 0.01048 ( 2)  1.007 +-  0.075
 102 E   1.00000 0.00000 0.00000 ( 1)  0.050 +-  0.000
 103 S   0.00000 0.99998 0.00002 ( 2)  1.000 +-  0.002
 104 R   0.00000 0.99997 0.00003 ( 2)  1.000 +-  0.003
 105 K   1.00000 0.00000 0.00000 ( 1)  0.050 +-  0.000
 106 A   0.00000 0.99959 0.00041 ( 2)  1.000 +-  0.010
 107 E   0.00002 0.99996 0.00002 ( 2)  1.000 +-  0.005
 108 M   0.00000 0.82483 0.17517 ( 2)  1.252 +-  0.556
 109 R   1.00000 0.00000 0.00000 ( 1)  0.050 +-  0.000
 110 M   0.00000 0.00077 0.99923 ( 3)  2.579 +-  0.345
 111 M   0.00000 0.99959 0.00041 ( 2)  1.000 +-  0.011
 112 E   0.98774 0.01226 0.00000 ( 1)  0.062 +-  0.105
 113 L   0.00000 0.99789 0.00210 ( 2)  1.002 +-  0.050
 114 E   0.99936 0.00064 0.00000 ( 1)  0.051 +-  0.024
 115 A   1.00000 0.00000 0.00000 ( 1)  0.050 +-  0.001
 116 R   1.00000 0.00000 0.00000 ( 1)  0.050 +-  0.001
 117 R   1.00000 0.00000 0.00000 ( 1)  0.050 +-  0.000
 118 L   0.99627 0.00373 0.00000 ( 1)  0.054 +-  0.058
 119 M   1.00000 0.00000 0.00000 ( 1)  0.050 +-  0.000
 120 R   1.00000 0.00000 0.00000 ( 1)  0.050 +-  0.000
 121 Q   0.00000 0.99951 0.00049 ( 2)  1.000 +-  0.011
 122 R   1.00000 0.00000 0.00000 ( 1)  0.050 +-  0.000
 123 G   1.00000 0.00000 0.00000 ( 1)  0.050 +-  0.000
 124 D   1.00000 0.00000 0.00000 ( 1)  0.050 +-  0.000
 125 G   1.00000 0.00000 0.00000 ( 1)  0.050 +-  0.000
 126 P   0.99999 0.00001 0.00000 ( 1)  0.050 +-  0.002
 127 W   0.99870 0.00130 0.00000 ( 1)  0.051 +-  0.034
 128 Y   0.81352 0.18642 0.00006 ( 1)  0.227 +-  0.370
 129 H   1.00000 0.00000 0.00000 ( 1)  0.050 +-  0.000
 130 Y   0.99939 0.00061 0.00000 ( 1)  0.051 +-  0.023
 131 P   0.58323 0.41675 0.00002 ( 1)  0.446 +-  0.468
 132 T   1.00000 0.00000 0.00000 ( 1)  0.050 +-  0.000
 133 P   0.99999 0.00001 0.00000 ( 1)  0.050 +-  0.002
 134 D   1.00000 0.00000 0.00000 ( 1)  0.050 +-  0.000
 135 K   1.00000 0.00000 0.00000 ( 1)  0.050 +-  0.000
 136 N   1.00000 0.00000 0.00000 ( 1)  0.050 +-  0.000
 137 L   1.00000 0.00000 0.00000 ( 1)  0.050 +-  0.000
 138 V   0.00000 0.99993 0.00007 ( 2)  1.000 +-  0.004
 139 D   1.00000 0.00000 0.00000 ( 1)  0.050 +-  0.000
 140 N   0.99998 0.00002 0.00000 ( 1)  0.050 +-  0.004
 141 S   1.00000 0.00000 0.00000 ( 1)  0.050 +-  0.000
 142 M   0.00000 0.99860 0.00140 ( 2)  1.001 +-  0.021
 143 K   1.00000 0.00000 0.00000 ( 1)  0.050 +-  0.000
 144 S   0.01705 0.98295 0.00000 ( 2)  0.984 +-  0.123
 145 T   1.00000 0.00000 0.00000 ( 1)  0.050 +-  0.000
 146 P   0.99999 0.00001 0.00000 ( 1)  0.050 +-  0.003
 147 D   1.00000 0.00000 0.00000 ( 1)  0.050 +-  0.000
 148 N   1.00000 0.00000 0.00000 ( 1)  0.050 +-  0.000

Positively selected sites

	Prob(w>1)  mean w

    84 L      0.779         2.150 +- 0.628
    98 M      1.000**       2.579 +- 0.344
   110 M      0.999**       2.579 +- 0.345
