# Extracted from OG0010784_00.rst: NEB section

Naive Empirical Bayes (NEB) probabilities for 2 classes & postmean_w
(amino acids refer to 1st sequence: Acchl)

   1 M   1.00000 0.00000 ( 1)  0.064
   2 G   1.00000 0.00000 ( 1)  0.064
   3 V   0.00000 1.00000 ( 2)  1.000
   4 H   1.00000 0.00000 ( 1)  0.064
   5 F   1.00000 0.00000 ( 1)  0.064
   6 G   1.00000 0.00000 ( 1)  0.064
   7 N   0.94512 0.05488 ( 1)  0.115
   8 L   1.00000 0.00000 ( 1)  0.064
   9 A   1.00000 0.00000 ( 1)  0.064
  10 R   1.00000 0.00000 ( 1)  0.064
  11 V   1.00000 0.00000 ( 1)  0.064
  12 R   1.00000 0.00000 ( 1)  0.064
  13 H   1.00000 0.00000 ( 1)  0.064
  14 V   0.99980 0.00020 ( 1)  0.064
  15 I   1.00000 0.00000 ( 1)  0.064
  16 T   1.00000 0.00000 ( 1)  0.064
  17 Y   0.99992 0.00008 ( 1)  0.064
  18 S   1.00000 0.00000 ( 1)  0.064
  19 L   1.00000 0.00000 ( 1)  0.064
  20 S   1.00000 0.00000 ( 1)  0.064
  21 P   1.00000 0.00000 ( 1)  0.064
  22 F   1.00000 0.00000 ( 1)  0.064
  23 E   1.00000 0.00000 ( 1)  0.064
  24 Q   1.00000 0.00000 ( 1)  0.064
  25 R   1.00000 0.00000 ( 1)  0.064
  26 A   1.00000 0.00000 ( 1)  0.064
  27 F   0.00000 1.00000 ( 2)  1.000
  28 P   1.00000 0.00000 ( 1)  0.064
  29 N   0.00000 1.00000 ( 2)  1.000
  30 V   0.00000 1.00000 ( 2)  1.000
  31 L   0.00000 1.00000 ( 2)  1.000
  32 S   1.00000 0.00000 ( 1)  0.064
  33 H   0.00000 1.00000 ( 2)  1.000
  34 G   0.94257 0.05743 ( 1)  0.117
  35 L   0.00000 1.00000 ( 2)  1.000
  36 P   1.00000 0.00000 ( 1)  0.064
  37 N   1.00000 0.00000 ( 1)  0.064
  38 A   0.00000 1.00000 ( 2)  1.000
  39 W   0.00000 1.00000 ( 2)  1.000
  40 R   1.00000 0.00000 ( 1)  0.064
  41 R   1.00000 0.00000 ( 1)  0.064
  42 F   1.00000 0.00000 ( 1)  0.064
  43 S   0.00000 1.00000 ( 2)  1.000
  44 S   1.00000 0.00000 ( 1)  0.064
  45 Q   1.00000 0.00000 ( 1)  0.064
  46 V   1.00000 0.00000 ( 1)  0.064
  47 F   0.99997 0.00003 ( 1)  0.064
  48 K   0.99996 0.00004 ( 1)  0.064
  49 V   1.00000 0.00000 ( 1)  0.064
  50 V   0.00000 1.00000 ( 2)  1.000
  51 P   1.00000 0.00000 ( 1)  0.064
  52 -   1.00000 0.00000 ( 1)  0.064
  53 -   0.99996 0.00004 ( 1)  0.064
  54 -   0.00000 1.00000 ( 2)  1.000
  55 -   0.00000 1.00000 ( 2)  1.000
  56 -   0.00000 1.00000 ( 2)  1.000
  57 -   1.00000 0.00000 ( 1)  0.064
  58 -   1.00000 0.00000 ( 1)  0.064
  59 -   0.00000 1.00000 ( 2)  1.000
  60 -   1.00000 0.00000 ( 1)  0.064
  61 -   1.00000 0.00000 ( 1)  0.064
  62 -   1.00000 0.00000 ( 1)  0.064
  63 -   1.00000 0.00000 ( 1)  0.064
  64 -   0.00000 1.00000 ( 2)  1.000
  65 -   0.00049 0.99951 ( 2)  1.000
  66 -   1.00000 0.00000 ( 1)  0.064
  67 -   1.00000 0.00000 ( 1)  0.064
  68 -   1.00000 0.00000 ( 1)  0.064
  69 -   1.00000 0.00000 ( 1)  0.064
  70 -   1.00000 0.00000 ( 1)  0.064
  71 -   1.00000 0.00000 ( 1)  0.064
  72 -   1.00000 0.00000 ( 1)  0.064
  73 -   1.00000 0.00000 ( 1)  0.064
  74 -   1.00000 0.00000 ( 1)  0.064
  75 -   1.00000 0.00000 ( 1)  0.064
  76 -   0.99999 0.00001 ( 1)  0.064
  77 -   1.00000 0.00000 ( 1)  0.064
  78 -   0.82455 0.17545 ( 1)  0.228
  79 -   0.00000 1.00000 ( 2)  1.000
  80 -   0.00009 0.99991 ( 2)  1.000
  81 -   0.00000 1.00000 ( 2)  1.000
  82 -   0.99984 0.00016 ( 1)  0.064
