# Extracted from OG0010192_00.rst: BEB section

Bayes Empirical Bayes (BEB) probabilities for 3 classes (class) & postmean_w
(amino acids refer to 1st sequence: Acgen)

   1 M   1.00000 0.00000 0.00000 ( 1)  0.150 +-  0.000
   2 A   1.00000 0.00000 0.00000 ( 1)  0.150 +-  0.000
   3 T   1.00000 0.00000 0.00000 ( 1)  0.150 +-  0.000
   4 A   1.00000 0.00000 0.00000 ( 1)  0.150 +-  0.000
   5 T   0.99999 0.00001 0.00000 ( 1)  0.150 +-  0.003
   6 R   0.00000 0.95335 0.04665 ( 2)  1.023 +-  0.106
   7 L   0.00000 0.01765 0.98235 ( 3)  2.064 +-  0.527
   8 I   0.00000 0.96970 0.03030 ( 2)  1.015 +-  0.086
   9 Q   0.01259 0.98699 0.00041 ( 2)  0.990 +-  0.095
  10 R   0.99999 0.00001 0.00000 ( 1)  0.150 +-  0.002
  11 G   1.00000 0.00000 0.00000 ( 1)  0.150 +-  0.001
  12 R   1.00000 0.00000 0.00000 ( 1)  0.150 +-  0.000
  13 D   0.00941 0.99058 0.00001 ( 2)  0.992 +-  0.082
  14 L   1.00000 0.00000 0.00000 ( 1)  0.150 +-  0.001
  15 Q   0.99999 0.00001 0.00000 ( 1)  0.150 +-  0.003
  16 A   0.99964 0.00036 0.00000 ( 1)  0.150 +-  0.016
  17 K   0.99999 0.00001 0.00000 ( 1)  0.150 +-  0.003
  18 L   1.00000 0.00000 0.00000 ( 1)  0.150 +-  0.000
  19 S   0.00000 0.99601 0.00399 ( 2)  1.002 +-  0.032
  20 L   1.00000 0.00000 0.00000 ( 1)  0.150 +-  0.000
  21 R   1.00000 0.00000 0.00000 ( 1)  0.150 +-  0.000
  22 Y   0.99995 0.00005 0.00000 ( 1)  0.150 +-  0.006
  23 T   0.00000 0.99963 0.00037 ( 2)  1.000 +-  0.010
  24 E   1.00000 0.00000 0.00000 ( 1)  0.150 +-  0.000
  25 I   0.99999 0.00001 0.00000 ( 1)  0.150 +-  0.002
  26 S   0.99917 0.00083 0.00000 ( 1)  0.151 +-  0.025
  27 K   0.25182 0.74793 0.00025 ( 2)  0.786 +-  0.369
  28 R   1.00000 0.00000 0.00000 ( 1)  0.150 +-  0.000
  29 S   1.00000 0.00000 0.00000 ( 1)  0.150 +-  0.001
  30 Q   1.00000 0.00000 0.00000 ( 1)  0.150 +-  0.000
  31 P   1.00000 0.00000 0.00000 ( 1)  0.150 +-  0.000
  32 P   1.00000 0.00000 0.00000 ( 1)  0.150 +-  0.000
  33 P   1.00000 0.00000 0.00000 ( 1)  0.150 +-  0.000
  34 R   1.00000 0.00000 0.00000 ( 1)  0.150 +-  0.000
  35 L   1.00000 0.00000 0.00000 ( 1)  0.150 +-  0.000
  36 P   1.00000 0.00000 0.00000 ( 1)  0.150 +-  0.000
  37 V   1.00000 0.00000 0.00000 ( 1)  0.150 +-  0.000
  38 G   1.00000 0.00000 0.00000 ( 1)  0.150 +-  0.000
  39 P   1.00000 0.00000 0.00000 ( 1)  0.150 +-  0.000
  40 S   1.00000 0.00000 0.00000 ( 1)  0.150 +-  0.000
  41 H   1.00000 0.00000 0.00000 ( 1)  0.150 +-  0.000
  42 R   0.99536 0.00464 0.00000 ( 1)  0.154 +-  0.058
  43 F   0.49147 0.50853 0.00000 ( 2)  0.582 +-  0.425
  44 A   0.99990 0.00010 0.00000 ( 1)  0.150 +-  0.009
  45 N   0.00465 0.99535 0.00000 ( 2)  0.996 +-  0.058
  46 N   1.00000 0.00000 0.00000 ( 1)  0.150 +-  0.000
  47 Y   0.98383 0.01615 0.00001 ( 1)  0.164 +-  0.107
  48 Y   1.00000 0.00000 0.00000 ( 1)  0.150 +-  0.000
  49 C   1.00000 0.00000 0.00000 ( 1)  0.150 +-  0.000
  50 T   0.00000 0.99334 0.00666 ( 2)  1.003 +-  0.041
  51 R   1.00000 0.00000 0.00000 ( 1)  0.150 +-  0.000
  52 D   1.00000 0.00000 0.00000 ( 1)  0.150 +-  0.000
  53 G   1.00000 0.00000 0.00000 ( 1)  0.150 +-  0.000
  54 R   1.00000 0.00000 0.00000 ( 1)  0.150 +-  0.000
  55 R   1.00000 0.00000 0.00000 ( 1)  0.150 +-  0.000
  56 E   1.00000 0.00000 0.00000 ( 1)  0.150 +-  0.000
  57 S   1.00000 0.00000 0.00000 ( 1)  0.150 +-  0.002
  58 L   0.00000 0.93838 0.06162 ( 2)  1.031 +-  0.120
  59 P   1.00000 0.00000 0.00000 ( 1)  0.150 +-  0.000
  60 P   1.00000 0.00000 0.00000 ( 1)  0.150 +-  0.000
  61 I   0.00000 0.99808 0.00192 ( 2)  1.001 +-  0.022
  62 V   1.00000 0.00000 0.00000 ( 1)  0.150 +-  0.000
  63 V   1.00000 0.00000 0.00000 ( 1)  0.150 +-  0.000
  64 V   0.00000 0.99188 0.00812 ( 2)  1.004 +-  0.045
  65 A   0.00000 0.99965 0.00035 ( 2)  1.000 +-  0.009
  66 A   0.03050 0.96949 0.00001 ( 2)  0.974 +-  0.146
  67 Q   0.00000 0.99926 0.00074 ( 2)  1.000 +-  0.014
  68 K   1.00000 0.00000 0.00000 ( 1)  0.150 +-  0.001
  69 T   0.99985 0.00015 0.00000 ( 1)  0.150 +-  0.010
  70 L   1.00000 0.00000 0.00000 ( 1)  0.150 +-  0.001
  71 A   0.00411 0.99573 0.00016 ( 2)  0.997 +-  0.055
  72 A   1.00000 0.00000 0.00000 ( 1)  0.150 +-  0.000
  73 G   1.00000 0.00000 0.00000 ( 1)  0.150 +-  0.000
  74 A   0.00000 0.99263 0.00737 ( 2)  1.004 +-  0.043
  75 Q   0.00000 0.99984 0.00016 ( 2)  1.000 +-  0.006
  76 S   0.99931 0.00069 0.00000 ( 1)  0.151 +-  0.022
  77 S   0.99995 0.00005 0.00000 ( 1)  0.150 +-  0.006
  78 G   0.66075 0.33925 0.00000 ( 1)  0.438 +-  0.402
  79 S   0.00000 0.96788 0.03212 ( 2)  1.016 +-  0.088
  80 A   0.04227 0.95769 0.00004 ( 2)  0.964 +-  0.171
  81 V   0.99999 0.00001 0.00000 ( 1)  0.150 +-  0.002
  82 T   0.21611 0.78381 0.00008 ( 2)  0.816 +-  0.350
  83 T   0.00000 0.94167 0.05833 ( 2)  1.029 +-  0.118
  84 A   0.00000 0.99190 0.00810 ( 2)  1.004 +-  0.045
  85 E   0.99814 0.00186 0.00000 ( 1)  0.152 +-  0.037
  86 K   1.00000 0.00000 0.00000 ( 1)  0.150 +-  0.002
  87 K   0.99996 0.00004 0.00000 ( 1)  0.150 +-  0.006
  88 P   0.97932 0.02067 0.00000 ( 1)  0.168 +-  0.121
  89 V   1.00000 0.00000 0.00000 ( 1)  0.150 +-  0.000
  90 T   1.00000 0.00000 0.00000 ( 1)  0.150 +-  0.000
  91 P   1.00000 0.00000 0.00000 ( 1)  0.150 +-  0.001
  92 G   1.00000 0.00000 0.00000 ( 1)  0.150 +-  0.000
  93 P   0.37441 0.62506 0.00053 ( 2)  0.682 +-  0.412
  94 V   0.00000 0.74272 0.25728 ( 2)  1.144 +-  0.272
  95 L   0.00001 0.99730 0.00270 ( 2)  1.001 +-  0.026
  96 K   0.00005 0.99993 0.00002 ( 2)  1.000 +-  0.006
  97 K   0.99956 0.00044 0.00000 ( 1)  0.150 +-  0.018
  98 W   1.00000 0.00000 0.00000 ( 1)  0.150 +-  0.000
  99 E   1.00000 0.00000 0.00000 ( 1)  0.150 +-  0.000
 100 I   0.99998 0.00002 0.00000 ( 1)  0.150 +-  0.004
 101 S   1.00000 0.00000 0.00000 ( 1)  0.150 +-  0.000
 102 K   0.02012 0.97962 0.00026 ( 2)  0.983 +-  0.120
 103 D   1.00000 0.00000 0.00000 ( 1)  0.150 +-  0.000
 104 Q   1.00000 0.00000 0.00000 ( 1)  0.150 +-  0.000
 105 P   1.00000 0.00000 0.00000 ( 1)  0.150 +-  0.000
 106 Y   0.32316 0.67585 0.00099 ( 2)  0.726 +-  0.398
 107 L   1.00000 0.00000 0.00000 ( 1)  0.150 +-  0.000

Positively selected sites

	Prob(w>1)  mean w

     7 L      0.982*        2.064 +- 0.527
