# Extracted from OG0004066_00.rst: NEB section

Naive Empirical Bayes (NEB) probabilities for 2 classes & postmean_w
(amino acids refer to 1st sequence: Acchl)

   1 D   1.00000 0.00000 ( 1)  0.033
   2 S   1.00000 0.00000 ( 1)  0.033
   3 P   1.00000 0.00000 ( 1)  0.033
   4 E   1.00000 0.00000 ( 1)  0.033
   5 N   1.00000 0.00000 ( 1)  0.033
   6 N   1.00000 0.00000 ( 1)  0.033
   7 P   1.00000 0.00000 ( 1)  0.033
   8 D   0.00003 0.99997 ( 2)  1.000
   9 T   1.00000 0.00000 ( 1)  0.033
  10 P   1.00000 0.00000 ( 1)  0.033
  11 F   1.00000 0.00000 ( 1)  0.033
  12 E   1.00000 0.00000 ( 1)  0.033
  13 F   1.00000 0.00000 ( 1)  0.033
  14 T   1.00000 0.00000 ( 1)  0.033
  15 P   0.00000 1.00000 ( 2)  1.000
  16 E   0.16386 0.83614 ( 2)  0.842
  17 N   1.00000 0.00000 ( 1)  0.033
  18 K   0.00002 0.99998 ( 2)  1.000
  19 K   1.00000 0.00000 ( 1)  0.033
  20 R   1.00000 0.00000 ( 1)  0.033
  21 I   1.00000 0.00000 ( 1)  0.033
  22 E   1.00000 0.00000 ( 1)  0.033
  23 A   1.00000 0.00000 ( 1)  0.033
  24 I   1.00000 0.00000 ( 1)  0.033
  25 I   0.00000 1.00000 ( 2)  1.000
  26 N   0.00000 1.00000 ( 2)  1.000
  27 N   0.00001 0.99999 ( 2)  1.000
  28 Y   1.00000 0.00000 ( 1)  0.033
  29 P   1.00000 0.00000 ( 1)  0.033
  30 E   0.00000 1.00000 ( 2)  1.000
  31 G   1.00000 0.00000 ( 1)  0.033
  32 H   1.00000 0.00000 ( 1)  0.033
  33 K   1.00000 0.00000 ( 1)  0.033
  34 S   1.00000 0.00000 ( 1)  0.033
  35 A   1.00000 0.00000 ( 1)  0.033
  36 A   1.00000 0.00000 ( 1)  0.033
  37 V   1.00000 0.00000 ( 1)  0.033
  38 M   1.00000 0.00000 ( 1)  0.033
  39 A   1.00000 0.00000 ( 1)  0.033
  40 V   1.00000 0.00000 ( 1)  0.033
  41 L   1.00000 0.00000 ( 1)  0.033
  42 D   1.00000 0.00000 ( 1)  0.033
  43 L   0.99996 0.00004 ( 1)  0.033
  44 A   1.00000 0.00000 ( 1)  0.033
  45 Q   1.00000 0.00000 ( 1)  0.033
  46 R   1.00000 0.00000 ( 1)  0.033
  47 Q   1.00000 0.00000 ( 1)  0.033
  48 H   1.00000 0.00000 ( 1)  0.033
  49 G   1.00000 0.00000 ( 1)  0.033
  50 W   1.00000 0.00000 ( 1)  0.033
  51 L   1.00000 0.00000 ( 1)  0.033
  52 P   1.00000 0.00000 ( 1)  0.033
  53 I   1.00000 0.00000 ( 1)  0.033
  54 S   1.00000 0.00000 ( 1)  0.033
  55 A   1.00000 0.00000 ( 1)  0.033
  56 M   1.00000 0.00000 ( 1)  0.033
  57 N   1.00000 0.00000 ( 1)  0.033
  58 K   0.99988 0.00012 ( 1)  0.033
  59 V   1.00000 0.00000 ( 1)  0.033
  60 A   1.00000 0.00000 ( 1)  0.033
  61 E   1.00000 0.00000 ( 1)  0.033
  62 V   0.00000 1.00000 ( 2)  1.000
  63 L   1.00000 0.00000 ( 1)  0.033
  64 D   0.00000 1.00000 ( 2)  1.000
  65 M   1.00000 0.00000 ( 1)  0.033
  66 P   1.00000 0.00000 ( 1)  0.033
  67 P   0.75866 0.24134 ( 1)  0.267
  68 M   1.00000 0.00000 ( 1)  0.033
  69 R   1.00000 0.00000 ( 1)  0.033
  70 V   1.00000 0.00000 ( 1)  0.033
  71 Y   1.00000 0.00000 ( 1)  0.033
  72 E   1.00000 0.00000 ( 1)  0.033
  73 V   1.00000 0.00000 ( 1)  0.033
  74 A   1.00000 0.00000 ( 1)  0.033
  75 T   1.00000 0.00000 ( 1)  0.033
  76 F   1.00000 0.00000 ( 1)  0.033
  77 Y   1.00000 0.00000 ( 1)  0.033
  78 T   1.00000 0.00000 ( 1)  0.033
  79 M   1.00000 0.00000 ( 1)  0.033
  80 Y   1.00000 0.00000 ( 1)  0.033
  81 N   1.00000 0.00000 ( 1)  0.033
  82 R   1.00000 0.00000 ( 1)  0.033
  83 K   1.00000 0.00000 ( 1)  0.033
  84 P   1.00000 0.00000 ( 1)  0.033
  85 V   1.00000 0.00000 ( 1)  0.033
  86 G   1.00000 0.00000 ( 1)  0.033
  87 K   1.00000 0.00000 ( 1)  0.033
  88 Y   1.00000 0.00000 ( 1)  0.033
  89 H   1.00000 0.00000 ( 1)  0.033
  90 I   1.00000 0.00000 ( 1)  0.033
  91 Q   1.00000 0.00000 ( 1)  0.033
  92 V   1.00000 0.00000 ( 1)  0.033
  93 C   1.00000 0.00000 ( 1)  0.033
  94 T   1.00000 0.00000 ( 1)  0.033
  95 T   1.00000 0.00000 ( 1)  0.033
  96 T   1.00000 0.00000 ( 1)  0.033
  97 P   1.00000 0.00000 ( 1)  0.033
  98 C   1.00000 0.00000 ( 1)  0.033
  99 M   1.00000 0.00000 ( 1)  0.033
 100 L   1.00000 0.00000 ( 1)  0.033
 101 R   1.00000 0.00000 ( 1)  0.033
 102 D   1.00000 0.00000 ( 1)  0.033
 103 S   1.00000 0.00000 ( 1)  0.033
 104 D   1.00000 0.00000 ( 1)  0.033
 105 S   1.00000 0.00000 ( 1)  0.033
 106 I   1.00000 0.00000 ( 1)  0.033
 107 L   1.00000 0.00000 ( 1)  0.033
 108 E   1.00000 0.00000 ( 1)  0.033
 109 A   1.00000 0.00000 ( 1)  0.033
 110 I   1.00000 0.00000 ( 1)  0.033
 111 K   0.00000 1.00000 ( 2)  1.000
 112 K   1.00000 0.00000 ( 1)  0.033
 113 K   1.00000 0.00000 ( 1)  0.033
 114 L   1.00000 0.00000 ( 1)  0.033
 115 G   1.00000 0.00000 ( 1)  0.033
 116 I   1.00000 0.00000 ( 1)  0.033
 117 K   0.97773 0.02227 ( 1)  0.055
 118 V   1.00000 0.00000 ( 1)  0.033
 119 G   0.99998 0.00002 ( 1)  0.033
 120 E   0.99903 0.00097 ( 1)  0.034
 121 T   1.00000 0.00000 ( 1)  0.033
 122 T   1.00000 0.00000 ( 1)  0.033
 123 P   0.99998 0.00002 ( 1)  0.033
 124 D   1.00000 0.00000 ( 1)  0.033
 125 K   1.00000 0.00000 ( 1)  0.033
 126 L   1.00000 0.00000 ( 1)  0.033
 127 F   1.00000 0.00000 ( 1)  0.033
 128 T   1.00000 0.00000 ( 1)  0.033
 129 L   1.00000 0.00000 ( 1)  0.033
 130 I   1.00000 0.00000 ( 1)  0.033
 131 E   1.00000 0.00000 ( 1)  0.033
 132 V   1.00000 0.00000 ( 1)  0.033
 133 E   1.00000 0.00000 ( 1)  0.033
 134 C   1.00000 0.00000 ( 1)  0.033
 135 L   1.00000 0.00000 ( 1)  0.033
 136 G   1.00000 0.00000 ( 1)  0.033
 137 A   1.00000 0.00000 ( 1)  0.033
 138 C   1.00000 0.00000 ( 1)  0.033
 139 V   1.00000 0.00000 ( 1)  0.033
 140 N   1.00000 0.00000 ( 1)  0.033
 141 A   1.00000 0.00000 ( 1)  0.033
 142 P   1.00000 0.00000 ( 1)  0.033
 143 M   1.00000 0.00000 ( 1)  0.033
 144 V   1.00000 0.00000 ( 1)  0.033
 145 Q   1.00000 0.00000 ( 1)  0.033
 146 I   1.00000 0.00000 ( 1)  0.033
 147 N   1.00000 0.00000 ( 1)  0.033
 148 D   1.00000 0.00000 ( 1)  0.033
 149 N   1.00000 0.00000 ( 1)  0.033
 150 Y   1.00000 0.00000 ( 1)  0.033
 151 Y   1.00000 0.00000 ( 1)  0.033
 152 E   0.48023 0.51977 ( 2)  0.536
 153 D   1.00000 0.00000 ( 1)  0.033
 154 L   0.99903 0.00097 ( 1)  0.034
 155 T   1.00000 0.00000 ( 1)  0.033
 156 P   0.99273 0.00727 ( 1)  0.040
 157 K   1.00000 0.00000 ( 1)  0.033
 158 D   1.00000 0.00000 ( 1)  0.033
 159 I   1.00000 0.00000 ( 1)  0.033
 160 E   1.00000 0.00000 ( 1)  0.033
 161 D   0.00000 1.00000 ( 2)  1.000
 162 I   1.00000 0.00000 ( 1)  0.033
 163 I   1.00000 0.00000 ( 1)  0.033
 164 D   1.00000 0.00000 ( 1)  0.033
 165 E   0.99647 0.00353 ( 1)  0.037
 166 L   1.00000 0.00000 ( 1)  0.033
 167 K   0.99659 0.00341 ( 1)  0.037
 168 A   0.01275 0.98725 ( 2)  0.988
 169 G   0.99200 0.00800 ( 1)  0.041
 170 K   0.99998 0.00002 ( 1)  0.033
 171 V   1.00000 0.00000 ( 1)  0.033
 172 P   1.00000 0.00000 ( 1)  0.033
 173 K   1.00000 0.00000 ( 1)  0.033
 174 P   1.00000 0.00000 ( 1)  0.033
 175 G   1.00000 0.00000 ( 1)  0.033
 176 P   1.00000 0.00000 ( 1)  0.033
 177 R   1.00000 0.00000 ( 1)  0.033
 178 S   1.00000 0.00000 ( 1)  0.033
 179 G   1.00000 0.00000 ( 1)  0.033
 180 R   1.00000 0.00000 ( 1)  0.033
 181 F   1.00000 0.00000 ( 1)  0.033
 182 S   1.00000 0.00000 ( 1)  0.033
 183 C   1.00000 0.00000 ( 1)  0.033
 184 E   1.00000 0.00000 ( 1)  0.033
 185 P   1.00000 0.00000 ( 1)  0.033
 186 A   1.00000 0.00000 ( 1)  0.033
 187 G   1.00000 0.00000 ( 1)  0.033
 188 G   1.00000 0.00000 ( 1)  0.033
 189 L   1.00000 0.00000 ( 1)  0.033
 190 T   1.00000 0.00000 ( 1)  0.033
 191 S   1.00000 0.00000 ( 1)  0.033
 192 L   0.99999 0.00001 ( 1)  0.033
 193 T   1.00000 0.00000 ( 1)  0.033
 194 E   0.99855 0.00145 ( 1)  0.035
 195 P   1.00000 0.00000 ( 1)  0.033
 196 P   1.00000 0.00000 ( 1)  0.033
 197 K   1.00000 0.00000 ( 1)  0.033
 198 G   1.00000 0.00000 ( 1)  0.033
 199 P   1.00000 0.00000 ( 1)  0.033
 200 G   1.00000 0.00000 ( 1)  0.033
 201 F   1.00000 0.00000 ( 1)  0.033
 202 G   1.00000 0.00000 ( 1)  0.033
 203 V   1.00000 0.00000 ( 1)  0.033
 204 R   0.99984 0.00016 ( 1)  0.033
 205 P   0.00000 1.00000 ( 2)  1.000
 206 D   1.00000 0.00000 ( 1)  0.033
 207 L   1.00000 0.00000 ( 1)  0.033
