# Extracted from OG0009194_00.rst: NEB section

Naive Empirical Bayes (NEB) probabilities for 2 classes & postmean_w
(amino acids refer to 1st sequence: Acgen)

   1 M   1.00000 0.00000 ( 1)  0.073
   2 P   1.00000 0.00000 ( 1)  0.073
   3 K   0.87672 0.12328 ( 1)  0.187
   4 Y   1.00000 0.00000 ( 1)  0.073
   5 Y   1.00000 0.00000 ( 1)  0.073
   6 E   1.00000 0.00000 ( 1)  0.073
   7 D   0.00000 1.00000 ( 2)  1.000
   8 K   1.00000 0.00000 ( 1)  0.073
   9 E   0.99999 0.00001 ( 1)  0.073
  10 E   1.00000 0.00000 ( 1)  0.073
  11 D   1.00000 0.00000 ( 1)  0.073
  12 G   1.00000 0.00000 ( 1)  0.073
  13 R   1.00000 0.00000 ( 1)  0.073
  14 A   1.00000 0.00000 ( 1)  0.073
  15 C   1.00000 0.00000 ( 1)  0.073
  16 G   0.00000 1.00000 ( 2)  1.000
  17 G   1.00000 0.00000 ( 1)  0.073
  18 V   1.00000 0.00000 ( 1)  0.073
  19 R   0.99992 0.00008 ( 1)  0.073
  20 E   1.00000 0.00000 ( 1)  0.073
  21 D   1.00000 0.00000 ( 1)  0.073
  22 L   1.00000 0.00000 ( 1)  0.073
  23 R   1.00000 0.00000 ( 1)  0.073
  24 Q   1.00000 0.00000 ( 1)  0.073
  25 C   1.00000 0.00000 ( 1)  0.073
  26 L   0.99993 0.00007 ( 1)  0.073
  27 L   0.99991 0.00009 ( 1)  0.073
  28 E   0.99881 0.00119 ( 1)  0.074
  29 S   1.00000 0.00000 ( 1)  0.073
  30 P   0.00004 0.99996 ( 2)  1.000
  31 C   0.99999 0.00001 ( 1)  0.073
  32 V   1.00000 0.00000 ( 1)  0.073
  33 L   0.82514 0.17486 ( 1)  0.235
  34 Q   0.00000 1.00000 ( 2)  1.000
  35 L   1.00000 0.00000 ( 1)  0.073
  36 R   0.00000 1.00000 ( 2)  1.000
  37 E   1.00000 0.00000 ( 1)  0.073
  38 G   1.00000 0.00000 ( 1)  0.073
  39 H   1.00000 0.00000 ( 1)  0.073
  40 C   0.99547 0.00453 ( 1)  0.077
  41 R   0.00462 0.99538 ( 2)  0.996
  42 S   0.99935 0.00065 ( 1)  0.073
  43 L   0.99998 0.00002 ( 1)  0.073
  44 Q   0.99999 0.00001 ( 1)  0.073
  45 V   0.00000 1.00000 ( 2)  1.000
  46 T   1.00000 0.00000 ( 1)  0.073
  47 F   1.00000 0.00000 ( 1)  0.073
  48 F   0.94625 0.05375 ( 1)  0.123
  49 A   1.00000 0.00000 ( 1)  0.073
  50 C   0.99958 0.00042 ( 1)  0.073
  51 K   1.00000 0.00000 ( 1)  0.073
  52 R   1.00000 0.00000 ( 1)  0.073
  53 S   0.99992 0.00008 ( 1)  0.073
  54 M   0.99999 0.00001 ( 1)  0.073
  55 T   0.00000 1.00000 ( 2)  1.000
