# Extracted from OG0010868_00.rst: NEB section

Naive Empirical Bayes (NEB) probabilities for 2 classes & postmean_w
(amino acids refer to 1st sequence: Acchl)

   1 M   1.00000 0.00000 ( 1)  0.029
   2 V   1.00000 0.00000 ( 1)  0.029
   3 A   1.00000 0.00000 ( 1)  0.029
   4 Y   0.99971 0.00029 ( 1)  0.029
   5 W   1.00000 0.00000 ( 1)  0.029
   6 R   1.00000 0.00000 ( 1)  0.029
   7 Q   1.00000 0.00000 ( 1)  0.029
   8 A   1.00000 0.00000 ( 1)  0.029
   9 G   1.00000 0.00000 ( 1)  0.029
  10 L   1.00000 0.00000 ( 1)  0.029
  11 S   1.00000 0.00000 ( 1)  0.029
  12 Y   0.99959 0.00041 ( 1)  0.029
  13 I   1.00000 0.00000 ( 1)  0.029
  14 R   1.00000 0.00000 ( 1)  0.029
  15 Y   0.95932 0.04068 ( 1)  0.068
  16 S   1.00000 0.00000 ( 1)  0.029
  17 Q   1.00000 0.00000 ( 1)  0.029
  18 I   1.00000 0.00000 ( 1)  0.029
  19 C   1.00000 0.00000 ( 1)  0.029
  20 A   1.00000 0.00000 ( 1)  0.029
  21 Q   1.00000 0.00000 ( 1)  0.029
  22 A   0.00001 0.99999 ( 2)  1.000
  23 V   1.00000 0.00000 ( 1)  0.029
  24 R   1.00000 0.00000 ( 1)  0.029
  25 A   1.00000 0.00000 ( 1)  0.029
  26 A   1.00000 0.00000 ( 1)  0.029
  27 M   1.00000 0.00000 ( 1)  0.029
  28 K   1.00000 0.00000 ( 1)  0.029
  29 P   1.00000 0.00000 ( 1)  0.029
  30 Q   1.00000 0.00000 ( 1)  0.029
  31 Y   0.09370 0.90630 ( 2)  0.909
  32 K   0.99977 0.00023 ( 1)  0.029
  33 A   1.00000 0.00000 ( 1)  0.029
  34 E   1.00000 0.00000 ( 1)  0.029
  35 A   1.00000 0.00000 ( 1)  0.029
  36 E   1.00000 0.00000 ( 1)  0.029
  37 K   1.00000 0.00000 ( 1)  0.029
  38 A   1.00000 0.00000 ( 1)  0.029
  39 A   1.00000 0.00000 ( 1)  0.029
  40 V   0.00000 1.00000 ( 2)  1.000
  41 A   1.00000 0.00000 ( 1)  0.029
  42 S   1.00000 0.00000 ( 1)  0.029
  43 V   1.00000 0.00000 ( 1)  0.029
  44 K   0.99999 0.00001 ( 1)  0.029
  45 T   1.00000 0.00000 ( 1)  0.029
  46 V   1.00000 0.00000 ( 1)  0.029
  47 K   1.00000 0.00000 ( 1)  0.029
  48 P   1.00000 0.00000 ( 1)  0.029
  49 K   1.00000 0.00000 ( 1)  0.029
  50 K   1.00000 0.00000 ( 1)  0.029
  51 E   1.00000 0.00000 ( 1)  0.029
