# Extracted from OG0007938_00.rst: NEB section

Naive Empirical Bayes (NEB) probabilities for 2 classes & postmean_w
(amino acids refer to 1st sequence: Acchl)

   1 -   1.00000 0.00000 ( 1)  0.123
   2 -   0.96923 0.03077 ( 1)  0.150
   3 -   0.84943 0.15057 ( 1)  0.255
   4 -   0.00000 1.00000 ( 2)  1.000
   5 -   0.00000 1.00000 ( 2)  1.000
   6 -   0.99997 0.00003 ( 1)  0.123
   7 -   0.62521 0.37479 ( 1)  0.451
   8 -   0.00085 0.99915 ( 2)  0.999
   9 -   1.00000 0.00000 ( 1)  0.123
  10 -   1.00000 0.00000 ( 1)  0.123
  11 -   0.99964 0.00036 ( 1)  0.123
  12 -   1.00000 0.00000 ( 1)  0.123
  13 -   0.99959 0.00041 ( 1)  0.123
  14 -   1.00000 0.00000 ( 1)  0.123
  15 -   0.00000 1.00000 ( 2)  1.000
  16 -   0.98981 0.01019 ( 1)  0.132
  17 -   0.46902 0.53098 ( 2)  0.588
  18 -   0.00028 0.99972 ( 2)  1.000
  19 -   0.99672 0.00328 ( 1)  0.125
  20 -   0.00000 1.00000 ( 2)  1.000
  21 -   1.00000 0.00000 ( 1)  0.123
  22 -   0.00019 0.99981 ( 2)  1.000
  23 -   0.99809 0.00191 ( 1)  0.124
  24 -   0.99565 0.00435 ( 1)  0.126
  25 -   1.00000 0.00000 ( 1)  0.123
  26 -   0.99999 0.00001 ( 1)  0.123
  27 -   1.00000 0.00000 ( 1)  0.123
  28 -   0.99999 0.00001 ( 1)  0.123
  29 -   0.00000 1.00000 ( 2)  1.000
  30 -   0.00000 1.00000 ( 2)  1.000
  31 -   1.00000 0.00000 ( 1)  0.123
  32 -   0.00098 0.99902 ( 2)  0.999
  33 -   1.00000 0.00000 ( 1)  0.123
  34 -   1.00000 0.00000 ( 1)  0.123
  35 -   0.00001 0.99999 ( 2)  1.000
  36 -   1.00000 0.00000 ( 1)  0.123
  37 -   1.00000 0.00000 ( 1)  0.123
  38 -   1.00000 0.00000 ( 1)  0.123
  39 -   0.99943 0.00057 ( 1)  0.123
  40 -   0.99992 0.00008 ( 1)  0.123
  41 -   1.00000 0.00000 ( 1)  0.123
  42 -   0.99999 0.00001 ( 1)  0.123
  43 -   0.99920 0.00080 ( 1)  0.123
  44 -   0.98869 0.01131 ( 1)  0.132
  45 -   0.74832 0.25168 ( 1)  0.343
  46 -   1.00000 0.00000 ( 1)  0.123
  47 -   0.00000 1.00000 ( 2)  1.000
  48 -   1.00000 0.00000 ( 1)  0.123
  49 -   1.00000 0.00000 ( 1)  0.123
  50 -   0.99992 0.00008 ( 1)  0.123
  51 -   0.00000 1.00000 ( 2)  1.000
  52 -   0.36010 0.63990 ( 2)  0.684
  53 -   1.00000 0.00000 ( 1)  0.123
  54 -   0.99966 0.00034 ( 1)  0.123
  55 -   1.00000 0.00000 ( 1)  0.123
  56 -   1.00000 0.00000 ( 1)  0.123
  57 -   0.43142 0.56858 ( 2)  0.621
  58 -   1.00000 0.00000 ( 1)  0.123
  59 -   0.97077 0.02923 ( 1)  0.148
  60 -   1.00000 0.00000 ( 1)  0.123
  61 -   1.00000 0.00000 ( 1)  0.123
  62 -   0.99987 0.00013 ( 1)  0.123
  63 -   0.00000 1.00000 ( 2)  1.000
  64 -   0.00008 0.99992 ( 2)  1.000
  65 -   1.00000 0.00000 ( 1)  0.123
  66 -   1.00000 0.00000 ( 1)  0.123
  67 -   0.99998 0.00002 ( 1)  0.123
  68 -   1.00000 0.00000 ( 1)  0.123
  69 -   1.00000 0.00000 ( 1)  0.123
  70 -   1.00000 0.00000 ( 1)  0.123
  71 -   0.99957 0.00043 ( 1)  0.123
  72 -   0.87043 0.12957 ( 1)  0.236
  73 L   0.99996 0.00004 ( 1)  0.123
  74 G   1.00000 0.00000 ( 1)  0.123
  75 A   0.01313 0.98687 ( 2)  0.988
  76 Y   1.00000 0.00000 ( 1)  0.123
  77 Q   1.00000 0.00000 ( 1)  0.123
  78 A   0.78335 0.21665 ( 1)  0.313
  79 V   0.23890 0.76110 ( 2)  0.790
  80 G   1.00000 0.00000 ( 1)  0.123
  81 K   0.99874 0.00126 ( 1)  0.124
  82 G   1.00000 0.00000 ( 1)  0.123
  83 G   1.00000 0.00000 ( 1)  0.123
  84 L   1.00000 0.00000 ( 1)  0.123
  85 A   0.00000 1.00000 ( 2)  1.000
  86 P   0.00000 1.00000 ( 2)  1.000
  87 D   1.00000 0.00000 ( 1)  0.123
  88 L   1.00000 0.00000 ( 1)  0.123
  89 K   0.99998 0.00002 ( 1)  0.123
  90 A   1.00000 0.00000 ( 1)  0.123
  91 A   0.99999 0.00001 ( 1)  0.123
  92 Y   1.00000 0.00000 ( 1)  0.123
  93 K   0.00000 1.00000 ( 2)  1.000
  94 S   1.00000 0.00000 ( 1)  0.123
  95 F   1.00000 0.00000 ( 1)  0.123
  96 M   0.00000 1.00000 ( 2)  1.000
  97 K   1.00000 0.00000 ( 1)  0.123
  98 S   1.00000 0.00000 ( 1)  0.123
  99 C   1.00000 0.00000 ( 1)  0.123
 100 E   1.00000 0.00000 ( 1)  0.123
 101 K   0.98739 0.01261 ( 1)  0.134
 102 G   1.00000 0.00000 ( 1)  0.123
 103 G   1.00000 0.00000 ( 1)  0.123
 104 K   1.00000 0.00000 ( 1)  0.123
 105 K   0.95549 0.04451 ( 1)  0.162
 106 S   0.99999 0.00001 ( 1)  0.123
 107 V   0.00041 0.99959 ( 2)  1.000
 108 N   1.00000 0.00000 ( 1)  0.123
 109 A   1.00000 0.00000 ( 1)  0.123
 110 C   0.99991 0.00009 ( 1)  0.123
 111 H   1.00000 0.00000 ( 1)  0.123
 112 S   0.99997 0.00003 ( 1)  0.123
 113 A   0.97900 0.02100 ( 1)  0.141
 114 G   1.00000 0.00000 ( 1)  0.123
 115 L   0.46398 0.53602 ( 2)  0.593
 116 L   1.00000 0.00000 ( 1)  0.123
 117 A   0.99685 0.00315 ( 1)  0.125
 118 H   0.89736 0.10264 ( 1)  0.213
 119 D   1.00000 0.00000 ( 1)  0.123
 120 G   1.00000 0.00000 ( 1)  0.123
 121 R   1.00000 0.00000 ( 1)  0.123
 122 I   1.00000 0.00000 ( 1)  0.123
 123 N   0.99990 0.00010 ( 1)  0.123
 124 D   0.00000 1.00000 ( 2)  1.000
 125 D   0.00951 0.99049 ( 2)  0.992
 126 K   0.99917 0.00083 ( 1)  0.123
 127 P   0.35586 0.64414 ( 2)  0.688
 128 D   1.00000 0.00000 ( 1)  0.123
 129 T   1.00000 0.00000 ( 1)  0.123
 130 V   0.00001 0.99999 ( 2)  1.000
 131 V   0.00550 0.99450 ( 2)  0.995
 132 A   1.00000 0.00000 ( 1)  0.123
 133 R   1.00000 0.00000 ( 1)  0.123
 134 D   1.00000 0.00000 ( 1)  0.123
 135 Y   1.00000 0.00000 ( 1)  0.123
 136 Y   1.00000 0.00000 ( 1)  0.123
 137 T   1.00000 0.00000 ( 1)  0.123
 138 K   0.99862 0.00138 ( 1)  0.124
 139 A   0.85051 0.14949 ( 1)  0.254
 140 C   1.00000 0.00000 ( 1)  0.123
 141 D   1.00000 0.00000 ( 1)  0.123
 142 G   0.99951 0.00049 ( 1)  0.123
 143 N   0.97210 0.02790 ( 1)  0.147
 144 F   0.99813 0.00187 ( 1)  0.124
 145 A   0.99991 0.00009 ( 1)  0.123
 146 P   1.00000 0.00000 ( 1)  0.123
 147 S   1.00000 0.00000 ( 1)  0.123
 148 C   1.00000 0.00000 ( 1)  0.123
 149 F   1.00000 0.00000 ( 1)  0.123
 150 N   1.00000 0.00000 ( 1)  0.123
 151 L   1.00000 0.00000 ( 1)  0.123
 152 G   1.00000 0.00000 ( 1)  0.123
 153 V   0.00000 1.00000 ( 2)  1.000
 154 I   0.03686 0.96314 ( 2)  0.968
 155 Q   1.00000 0.00000 ( 1)  0.123
 156 G   1.00000 0.00000 ( 1)  0.123
 157 A   0.99978 0.00022 ( 1)  0.123
 158 P   0.00000 1.00000 ( 2)  1.000
 159 G   1.00000 0.00000 ( 1)  0.123
 160 V   1.00000 0.00000 ( 1)  0.123
 161 P   1.00000 0.00000 ( 1)  0.123
 162 K   1.00000 0.00000 ( 1)  0.123
 163 D   1.00000 0.00000 ( 1)  0.123
 164 M   1.00000 0.00000 ( 1)  0.123
 165 S   0.00033 0.99967 ( 2)  1.000
 166 Q   0.00000 1.00000 ( 2)  1.000
 167 A   1.00000 0.00000 ( 1)  0.123
 168 L   1.00000 0.00000 ( 1)  0.123
 169 K   0.00322 0.99678 ( 2)  0.997
 170 Y   1.00000 0.00000 ( 1)  0.123
 171 S   1.00000 0.00000 ( 1)  0.123
 172 L   0.99995 0.00005 ( 1)  0.123
 173 K   0.97773 0.02227 ( 1)  0.142
 174 G   0.99945 0.00055 ( 1)  0.123
 175 C   1.00000 0.00000 ( 1)  0.123
 176 E   1.00000 0.00000 ( 1)  0.123
 177 L   0.99994 0.00006 ( 1)  0.123
 178 G   1.00000 0.00000 ( 1)  0.123
 179 H   1.00000 0.00000 ( 1)  0.123
 180 M   0.00000 1.00000 ( 2)  1.000
 181 W   1.00000 0.00000 ( 1)  0.123
 182 A   1.00000 0.00000 ( 1)  0.123
 183 C   1.00000 0.00000 ( 1)  0.123
 184 A   0.99994 0.00006 ( 1)  0.123
 185 N   1.00000 0.00000 ( 1)  0.123
 186 A   0.99999 0.00001 ( 1)  0.123
 187 S   1.00000 0.00000 ( 1)  0.123
 188 R   1.00000 0.00000 ( 1)  0.123
 189 M   1.00000 0.00000 ( 1)  0.123
 190 Y   1.00000 0.00000 ( 1)  0.123
 191 K   0.99955 0.00045 ( 1)  0.123
 192 L   0.97196 0.02804 ( 1)  0.147
 193 G   1.00000 0.00000 ( 1)  0.123
 194 D   1.00000 0.00000 ( 1)  0.123
 195 G   1.00000 0.00000 ( 1)  0.123
 196 V   0.00000 1.00000 ( 2)  1.000
 197 E   1.00000 0.00000 ( 1)  0.123
 198 K   0.00039 0.99961 ( 2)  1.000
 199 N   1.00000 0.00000 ( 1)  0.123
 200 D   1.00000 0.00000 ( 1)  0.123
 201 A   0.06936 0.93064 ( 2)  0.939
 202 K   1.00000 0.00000 ( 1)  0.123
 203 A   1.00000 0.00000 ( 1)  0.123
 204 E   1.00000 0.00000 ( 1)  0.123
 205 E   0.00000 1.00000 ( 2)  1.000
 206 L   1.00000 0.00000 ( 1)  0.123
 207 K   0.99992 0.00008 ( 1)  0.123
 208 N   1.00000 0.00000 ( 1)  0.123
 209 R   1.00000 0.00000 ( 1)  0.123
 210 A   1.00000 0.00000 ( 1)  0.123
 211 K   1.00000 0.00000 ( 1)  0.123
 212 Q   0.00001 0.99999 ( 2)  1.000
 213 L   1.00000 0.00000 ( 1)  0.123
 214 H   1.00000 0.00000 ( 1)  0.123
 215 K   0.35200 0.64800 ( 2)  0.691
 216 E   1.00000 0.00000 ( 1)  0.123
 217 Q   1.00000 0.00000 ( 1)  0.123
 218 K   0.98392 0.01608 ( 1)  0.137
 219 E   1.00000 0.00000 ( 1)  0.123
 220 A   1.00000 0.00000 ( 1)  0.123
 221 S   0.00000 1.00000 ( 2)  1.000
 222 S   0.00000 1.00000 ( 2)  1.000
 223 S   1.00000 0.00000 ( 1)  0.123
 224 L   0.00000 1.00000 ( 2)  1.000
 225 T   0.00000 1.00000 ( 2)  1.000
 226 F   0.00341 0.99659 ( 2)  0.997
 227 G   1.00000 0.00000 ( 1)  0.123
 228 E   0.93788 0.06212 ( 1)  0.177
