# Extracted from OG0009828_00.rst: NEB section

Naive Empirical Bayes (NEB) probabilities for 2 classes & postmean_w
(amino acids refer to 1st sequence: Acgen)

   1 N   0.00000 1.00000 ( 2)  1.000
   2 V   1.00000 0.00000 ( 1)  0.080
   3 G   1.00000 0.00000 ( 1)  0.080
   4 S   1.00000 0.00000 ( 1)  0.080
   5 Y   1.00000 0.00000 ( 1)  0.080
   6 R   0.99962 0.00038 ( 1)  0.081
   7 D   1.00000 0.00000 ( 1)  0.080
   8 I   1.00000 0.00000 ( 1)  0.080
   9 S   1.00000 0.00000 ( 1)  0.080
  10 H   0.00000 1.00000 ( 2)  1.000
  11 E   1.00000 0.00000 ( 1)  0.080
  12 S   1.00000 0.00000 ( 1)  0.080
  13 L   1.00000 0.00000 ( 1)  0.080
  14 S   0.15208 0.84792 ( 2)  0.860
  15 L   1.00000 0.00000 ( 1)  0.080
  16 F   1.00000 0.00000 ( 1)  0.080
  17 R   1.00000 0.00000 ( 1)  0.080
  18 L   1.00000 0.00000 ( 1)  0.080
  19 L   1.00000 0.00000 ( 1)  0.080
  20 E   0.99999 0.00001 ( 1)  0.080
  21 P   1.00000 0.00000 ( 1)  0.080
  22 K   0.00000 1.00000 ( 2)  1.000
  23 I   1.00000 0.00000 ( 1)  0.080
  24 E   1.00000 0.00000 ( 1)  0.080
  25 I   1.00000 0.00000 ( 1)  0.080
  26 L   1.00000 0.00000 ( 1)  0.080
  27 V   1.00000 0.00000 ( 1)  0.080
  28 L   0.99998 0.00002 ( 1)  0.080
  29 G   1.00000 0.00000 ( 1)  0.080
  30 T   1.00000 0.00000 ( 1)  0.080
  31 G   1.00000 0.00000 ( 1)  0.080
  32 E   1.00000 0.00000 ( 1)  0.080
  33 R   1.00000 0.00000 ( 1)  0.080
  34 V   1.00000 0.00000 ( 1)  0.080
  35 E   1.00000 0.00000 ( 1)  0.080
  36 R   1.00000 0.00000 ( 1)  0.080
  37 L   1.00000 0.00000 ( 1)  0.080
  38 H   1.00000 0.00000 ( 1)  0.080
  39 P   1.00000 0.00000 ( 1)  0.080
  40 A   0.00000 1.00000 ( 2)  1.000
  41 M   0.00000 1.00000 ( 2)  1.000
  42 L   0.00001 0.99999 ( 2)  1.000
  43 K   1.00000 0.00000 ( 1)  0.080
  44 H   0.98227 0.01773 ( 1)  0.097
  45 M   1.00000 0.00000 ( 1)  0.080
  46 R   1.00000 0.00000 ( 1)  0.080
  47 E   0.00000 1.00000 ( 2)  1.000
  48 S   1.00000 0.00000 ( 1)  0.080
  49 G   1.00000 0.00000 ( 1)  0.080
  50 I   1.00000 0.00000 ( 1)  0.080
  51 A   1.00000 0.00000 ( 1)  0.080
  52 V   1.00000 0.00000 ( 1)  0.080
  53 E   1.00000 0.00000 ( 1)  0.080
  54 V   1.00000 0.00000 ( 1)  0.080
  55 Q   1.00000 0.00000 ( 1)  0.080
  56 D   1.00000 0.00000 ( 1)  0.080
  57 T   1.00000 0.00000 ( 1)  0.080
  58 P   1.00000 0.00000 ( 1)  0.080
  59 N   1.00000 0.00000 ( 1)  0.080
  60 A   1.00000 0.00000 ( 1)  0.080
  61 C   1.00000 0.00000 ( 1)  0.080
  62 A   1.00000 0.00000 ( 1)  0.080
  63 T   1.00000 0.00000 ( 1)  0.080
  64 F   1.00000 0.00000 ( 1)  0.080
  65 N   1.00000 0.00000 ( 1)  0.080
  66 F   1.00000 0.00000 ( 1)  0.080
  67 L   1.00000 0.00000 ( 1)  0.080
  68 T   0.98960 0.01040 ( 1)  0.090
  69 S   0.99999 0.00001 ( 1)  0.080
  70 E   1.00000 0.00000 ( 1)  0.080
  71 K   1.00000 0.00000 ( 1)  0.080
  72 R   1.00000 0.00000 ( 1)  0.080
  73 V   0.00000 1.00000 ( 2)  1.000
  74 A   1.00000 0.00000 ( 1)  0.080
  75 A   1.00000 0.00000 ( 1)  0.080
  76 A   1.00000 0.00000 ( 1)  0.080
  77 G   1.00000 0.00000 ( 1)  0.080
  78 L   1.00000 0.00000 ( 1)  0.080
  79 I   1.00000 0.00000 ( 1)  0.080
  80 P   1.00000 0.00000 ( 1)  0.080
  81 P   1.00000 0.00000 ( 1)  0.080
