# Extracted from OG0007784_00.rst: NEB section

Naive Empirical Bayes (NEB) probabilities for 2 classes & postmean_w
(amino acids refer to 1st sequence: Acchl)

   1 M   0.91722 0.08278 ( 1)  0.152
   2 L   0.99886 0.00114 ( 1)  0.077
   3 E   0.00001 0.99999 ( 2)  1.000
   4 N   0.37637 0.62363 ( 2)  0.652
   5 C   0.00000 1.00000 ( 2)  1.000
   6 I   0.00000 1.00000 ( 2)  1.000
   7 L   0.00000 1.00000 ( 2)  1.000
   8 L   0.00000 1.00000 ( 2)  1.000
   9 S   1.00000 0.00000 ( 1)  0.076
  10 L   1.00000 0.00000 ( 1)  0.076
  11 F   0.99998 0.00002 ( 1)  0.076
  12 A   1.00000 0.00000 ( 1)  0.076
  13 K   1.00000 0.00000 ( 1)  0.076
  14 E   1.00000 0.00000 ( 1)  0.076
  15 N   1.00000 0.00000 ( 1)  0.076
  16 L   1.00000 0.00000 ( 1)  0.076
  17 -   0.02656 0.97344 ( 2)  0.975
  18 -   0.00000 1.00000 ( 2)  1.000
  19 -   1.00000 0.00000 ( 1)  0.076
  20 -   1.00000 0.00000 ( 1)  0.076
  21 -   0.00072 0.99928 ( 2)  0.999
  22 -   0.00204 0.99796 ( 2)  0.998
  23 -   1.00000 0.00000 ( 1)  0.076
  24 -   1.00000 0.00000 ( 1)  0.076
  25 -   1.00000 0.00000 ( 1)  0.076
  26 -   0.03143 0.96857 ( 2)  0.971
  27 Y   1.00000 0.00000 ( 1)  0.076
  28 D   1.00000 0.00000 ( 1)  0.076
  29 R   1.00000 0.00000 ( 1)  0.076
  30 L   1.00000 0.00000 ( 1)  0.076
  31 I   1.00000 0.00000 ( 1)  0.076
  32 N   1.00000 0.00000 ( 1)  0.076
  33 E   1.00000 0.00000 ( 1)  0.076
  34 P   1.00000 0.00000 ( 1)  0.076
  35 S   1.00000 0.00000 ( 1)  0.076
  36 N   1.00000 0.00000 ( 1)  0.076
  37 D   1.00000 0.00000 ( 1)  0.076
  38 W   1.00000 0.00000 ( 1)  0.076
  39 D   1.00000 0.00000 ( 1)  0.076
  40 I   1.00000 0.00000 ( 1)  0.076
  41 Y   1.00000 0.00000 ( 1)  0.076
  42 Y   1.00000 0.00000 ( 1)  0.076
  43 W   1.00000 0.00000 ( 1)  0.076
  44 A   1.00000 0.00000 ( 1)  0.076
  45 T   1.00000 0.00000 ( 1)  0.076
  46 D   0.76049 0.23951 ( 1)  0.297
  47 A   1.00000 0.00000 ( 1)  0.076
  48 K   1.00000 0.00000 ( 1)  0.076
  49 P   1.00000 0.00000 ( 1)  0.076
  50 P   0.00000 1.00000 ( 2)  1.000
  51 P   1.00000 0.00000 ( 1)  0.076
  52 A   0.00000 1.00000 ( 2)  1.000
  53 E   1.00000 0.00000 ( 1)  0.076
  54 F   1.00000 0.00000 ( 1)  0.076
  55 D   0.99965 0.00035 ( 1)  0.076
  56 T   1.00000 0.00000 ( 1)  0.076
  57 D   1.00000 0.00000 ( 1)  0.076
  58 V   1.00000 0.00000 ( 1)  0.076
  59 M   1.00000 0.00000 ( 1)  0.076
  60 A   0.01901 0.98099 ( 2)  0.982
  61 M   1.00000 0.00000 ( 1)  0.076
  62 L   1.00000 0.00000 ( 1)  0.076
  63 R   1.00000 0.00000 ( 1)  0.076
  64 E   0.99551 0.00449 ( 1)  0.080
  65 F   1.00000 0.00000 ( 1)  0.076
  66 A   0.03047 0.96953 ( 2)  0.972
  67 K   1.00000 0.00000 ( 1)  0.076
  68 N   1.00000 0.00000 ( 1)  0.076
  69 R   1.00000 0.00000 ( 1)  0.076
  70 N   1.00000 0.00000 ( 1)  0.076
  71 R   0.02158 0.97842 ( 2)  0.980
  72 E   1.00000 0.00000 ( 1)  0.076
  73 Q   1.00000 0.00000 ( 1)  0.076
  74 R   1.00000 0.00000 ( 1)  0.076
  75 L   1.00000 0.00000 ( 1)  0.076
  76 R   1.00000 0.00000 ( 1)  0.076
  77 Q   1.00000 0.00000 ( 1)  0.076
  78 P   1.00000 0.00000 ( 1)  0.076
  79 D   1.00000 0.00000 ( 1)  0.076
  80 L   1.00000 0.00000 ( 1)  0.076
  81 E   1.00000 0.00000 ( 1)  0.076
  82 Y   1.00000 0.00000 ( 1)  0.076
  83 L   1.00000 0.00000 ( 1)  0.076
  84 F   0.97252 0.02748 ( 1)  0.101
  85 E   1.00000 0.00000 ( 1)  0.076
  86 T   0.00000 1.00000 ( 2)  1.000
  87 P   0.86769 0.13231 ( 1)  0.198
  88 S   0.00000 1.00000 ( 2)  1.000
