# Extracted from OG0007011_00.rst: NEB section

Naive Empirical Bayes (NEB) probabilities for 2 classes & postmean_w
(amino acids refer to 1st sequence: Acchl)

   1 S   0.00064 0.99936 ( 2)  0.999
   2 S   0.95755 0.04245 ( 1)  0.217
   3 L   0.64403 0.35597 ( 1)  0.473
   4 L   0.99884 0.00116 ( 1)  0.183
   5 C   0.93084 0.06916 ( 1)  0.239
   6 S   0.00000 1.00000 ( 2)  1.000
   7 L   0.00000 1.00000 ( 2)  1.000
   8 R   0.01225 0.98775 ( 2)  0.990
   9 S   0.95229 0.04771 ( 1)  0.221
  10 S   0.02214 0.97786 ( 2)  0.982
  11 S   0.91472 0.08528 ( 1)  0.252
  12 S   0.00000 1.00000 ( 2)  1.000
  13 S   0.98900 0.01100 ( 1)  0.191
  14 E   0.00135 0.99865 ( 2)  0.999
  15 P   0.00001 0.99999 ( 2)  1.000
  16 R   0.82984 0.17016 ( 1)  0.321
  17 G   1.00000 0.00000 ( 1)  0.182
  18 R   0.99999 0.00001 ( 1)  0.182
  19 S   0.00042 0.99958 ( 2)  1.000
  20 E   0.83946 0.16054 ( 1)  0.313
  21 P   0.00000 1.00000 ( 2)  1.000
  22 A   0.97446 0.02554 ( 1)  0.203
  23 K   1.00000 0.00000 ( 1)  0.182
  24 Q   1.00000 0.00000 ( 1)  0.182
  25 P   0.00000 1.00000 ( 2)  1.000
  26 L   1.00000 0.00000 ( 1)  0.182
  27 K   0.09591 0.90409 ( 2)  0.922
  28 K   1.00000 0.00000 ( 1)  0.182
  29 P   0.99998 0.00002 ( 1)  0.182
  30 K   1.00000 0.00000 ( 1)  0.182
  31 H   0.99993 0.00007 ( 1)  0.182
  32 P   0.99999 0.00001 ( 1)  0.182
  33 V   1.00000 0.00000 ( 1)  0.182
  34 G   1.00000 0.00000 ( 1)  0.182
  35 R   1.00000 0.00000 ( 1)  0.182
  36 F   1.00000 0.00000 ( 1)  0.182
  37 D   1.00000 0.00000 ( 1)  0.182
  38 E   1.00000 0.00000 ( 1)  0.182
  39 P   0.66990 0.33010 ( 1)  0.452
  40 E   1.00000 0.00000 ( 1)  0.182
  41 E   0.99998 0.00002 ( 1)  0.182
  42 S   0.99978 0.00022 ( 1)  0.182
  43 S   0.99068 0.00932 ( 1)  0.190
  44 V   0.00000 1.00000 ( 2)  1.000
  45 E   1.00000 0.00000 ( 1)  0.182
  46 K   0.56817 0.43183 ( 1)  0.535
  47 E   1.00000 0.00000 ( 1)  0.182
  48 P   1.00000 0.00000 ( 1)  0.182
  49 L   1.00000 0.00000 ( 1)  0.182
  50 E   1.00000 0.00000 ( 1)  0.182
  51 K   0.99998 0.00002 ( 1)  0.182
  52 N   1.00000 0.00000 ( 1)  0.182
  53 P   0.98438 0.01562 ( 1)  0.195
  54 V   0.00000 1.00000 ( 2)  1.000
  55 T   1.00000 0.00000 ( 1)  0.182
  56 K   0.98944 0.01056 ( 1)  0.191
  57 E   0.99926 0.00074 ( 1)  0.183
  58 R   0.99999 0.00001 ( 1)  0.182
  59 G   1.00000 0.00000 ( 1)  0.182
  60 G   1.00000 0.00000 ( 1)  0.182
  61 P   1.00000 0.00000 ( 1)  0.182
  62 R   0.86914 0.13086 ( 1)  0.289
  63 G   1.00000 0.00000 ( 1)  0.182
  64 P   1.00000 0.00000 ( 1)  0.182
  65 E   1.00000 0.00000 ( 1)  0.182
  66 D   1.00000 0.00000 ( 1)  0.182
  67 W   1.00000 0.00000 ( 1)  0.182
  68 E   0.99998 0.00002 ( 1)  0.182
  69 R   1.00000 0.00000 ( 1)  0.182
  70 K   1.00000 0.00000 ( 1)  0.182
