# Extracted from OG0010049_00.rst: BEB section

Bayes Empirical Bayes (BEB) probabilities for 3 classes (class) & postmean_w
(amino acids refer to 1st sequence: Acchl)

   1 V   0.00000 0.99998 0.00002 ( 2)  1.000 +-  0.002
   2 H   1.00000 0.00000 0.00000 ( 1)  0.050 +-  0.001
   3 R   1.00000 0.00000 0.00000 ( 1)  0.050 +-  0.001
   4 Q   1.00000 0.00000 0.00000 ( 1)  0.050 +-  0.001
   5 I   0.00000 0.99987 0.00013 ( 2)  1.000 +-  0.006
   6 L   1.00000 0.00000 0.00000 ( 1)  0.050 +-  0.001
   7 Y   0.00000 0.28967 0.71033 ( 3)  2.049 +-  0.682
   8 T   0.00000 0.99999 0.00001 ( 2)  1.000 +-  0.002
   9 T   0.00017 0.99983 0.00000 ( 2)  1.000 +-  0.011
  10 V   0.00000 0.99992 0.00008 ( 2)  1.000 +-  0.004
  11 G   1.00000 0.00000 0.00000 ( 1)  0.050 +-  0.001
  12 W   0.68393 0.31607 0.00000 ( 1)  0.350 +-  0.442
  13 F   0.10180 0.89819 0.00001 ( 2)  0.903 +-  0.287
  14 V   0.00000 0.99998 0.00002 ( 2)  1.000 +-  0.002
  15 G   1.00000 0.00000 0.00000 ( 1)  0.050 +-  0.001
  16 Y   1.00000 0.00000 0.00000 ( 1)  0.050 +-  0.001
  17 Y   0.00000 0.99980 0.00020 ( 2)  1.000 +-  0.007
  18 L   1.00000 0.00000 0.00000 ( 1)  0.050 +-  0.001
  19 V   0.00000 0.00007 0.99993 ( 3)  2.482 +-  0.132
  20 K   1.00000 0.00000 0.00000 ( 1)  0.050 +-  0.001
  21 R   0.99578 0.00422 0.00000 ( 1)  0.054 +-  0.062
  22 T   0.00000 0.99930 0.00070 ( 2)  1.000 +-  0.013
  23 D   0.00000 0.99997 0.00003 ( 2)  1.000 +-  0.003
  24 Y   1.00000 0.00000 0.00000 ( 1)  0.050 +-  0.001
  25 I   0.00000 0.00073 0.99927 ( 3)  2.481 +-  0.138
  26 H   0.00000 0.99999 0.00001 ( 2)  1.000 +-  0.001
  27 A   1.00000 0.00000 0.00000 ( 1)  0.050 +-  0.001
  28 K   1.00000 0.00000 0.00000 ( 1)  0.050 +-  0.001
  29 L   0.00000 0.18310 0.81690 ( 3)  2.208 +-  0.587
  30 D   1.00000 0.00000 0.00000 ( 1)  0.050 +-  0.001
  31 R   1.00000 0.00000 0.00000 ( 1)  0.050 +-  0.001
  32 E   1.00000 0.00000 0.00000 ( 1)  0.050 +-  0.001
  33 L   0.00000 0.99985 0.00015 ( 2)  1.000 +-  0.006
  34 L   0.00000 0.99803 0.00197 ( 2)  1.001 +-  0.024
  35 T   0.00062 0.99938 0.00000 ( 2)  0.999 +-  0.023
  36 Y   1.00000 0.00000 0.00000 ( 1)  0.050 +-  0.001
  37 V   0.00000 1.00000 0.00000 ( 2)  1.000 +-  0.001
  38 K   0.99983 0.00017 0.00000 ( 1)  0.050 +-  0.012
  39 H   0.00000 0.99998 0.00002 ( 2)  1.000 +-  0.002
  40 H   1.00000 0.00000 0.00000 ( 1)  0.050 +-  0.001
  41 P   1.00000 0.00000 0.00000 ( 1)  0.050 +-  0.001
  42 E   0.00000 0.99999 0.00001 ( 2)  1.000 +-  0.001
  43 D   1.00000 0.00000 0.00000 ( 1)  0.050 +-  0.001
  44 F   1.00000 0.00000 0.00000 ( 1)  0.050 +-  0.001
  45 K   0.00000 1.00000 0.00000 ( 2)  1.000 +-  0.001
  46 T   0.00000 0.00008 0.99992 ( 3)  2.482 +-  0.132
  47 A   0.00000 0.96927 0.03073 ( 2)  1.030 +-  0.190
  48 E   0.00000 0.00000 1.00000 ( 3)  2.482 +-  0.132
  49 K   0.00000 0.00024 0.99976 ( 3)  2.482 +-  0.134
  50 K   0.00006 0.99994 0.00000 ( 2)  1.000 +-  0.007
  51 K   0.00015 0.99984 0.00000 ( 2)  1.000 +-  0.011
  52 I   0.00039 0.99961 0.00000 ( 2)  1.000 +-  0.018
  53 G   1.00000 0.00000 0.00000 ( 1)  0.050 +-  0.001
  54 E   0.00000 0.99991 0.00009 ( 2)  1.000 +-  0.005
  55 L   1.00000 0.00000 0.00000 ( 1)  0.050 +-  0.002
  56 L   0.05183 0.94815 0.00001 ( 2)  0.951 +-  0.211
  57 E   1.00000 0.00000 0.00000 ( 1)  0.050 +-  0.002
  58 E   0.89676 0.10324 0.00000 ( 1)  0.148 +-  0.289
  59 F   1.00000 0.00000 0.00000 ( 1)  0.050 +-  0.002
  60 Y   0.00000 0.00914 0.99086 ( 3)  2.469 +-  0.192
  61 P   1.00000 0.00000 0.00000 ( 1)  0.050 +-  0.001
  62 V   0.00000 0.99654 0.00346 ( 2)  1.002 +-  0.030
  63 R   0.97337 0.02663 0.00000 ( 1)  0.075 +-  0.153

Positively selected sites

	Prob(w>1)  mean w

     7 Y      0.710         2.049 +- 0.682
    19 V      1.000**       2.482 +- 0.132
    25 I      0.999**       2.481 +- 0.138
    29 L      0.817         2.208 +- 0.587
    46 T      1.000**       2.482 +- 0.132
    48 E      1.000**       2.482 +- 0.132
    49 K      1.000**       2.482 +- 0.134
    60 Y      0.991**       2.469 +- 0.192
