# Extracted from OG0007907_00.rst: BEB section

Bayes Empirical Bayes (BEB) probabilities for 3 classes (class) & postmean_w
(amino acids refer to 1st sequence: Acchl)

   1 L   0.00000 0.99995 0.00005 ( 2)  1.000 +-  0.004
   2 A   0.00000 0.77930 0.22070 ( 2)  1.110 +-  0.207
   3 A   0.00000 0.01198 0.98802 ( 3)  1.494 +-  0.056
   4 G   0.00022 0.99978 0.00000 ( 2)  1.000 +-  0.014
   5 V   0.99992 0.00008 0.00000 ( 1)  0.050 +-  0.009
   6 L   0.99434 0.00565 0.00000 ( 1)  0.055 +-  0.071
   7 H   1.00000 0.00000 0.00000 ( 1)  0.050 +-  0.000
   8 T   0.00000 0.99571 0.00429 ( 2)  1.002 +-  0.033
   9 T   0.00000 0.99983 0.00017 ( 2)  1.000 +-  0.006
  10 R   1.00000 0.00000 0.00000 ( 1)  0.050 +-  0.000
  11 S   0.00000 1.00000 0.00000 ( 2)  1.000 +-  0.000
  12 L   0.99901 0.00099 0.00000 ( 1)  0.051 +-  0.030
  13 H   1.00000 0.00000 0.00000 ( 1)  0.050 +-  0.000
  14 T   0.99964 0.00036 0.00000 ( 1)  0.050 +-  0.018
  15 T   0.40988 0.59012 0.00000 ( 2)  0.611 +-  0.467
  16 Q   0.00000 0.99464 0.00536 ( 2)  1.003 +-  0.037
  17 Q   0.00000 0.99914 0.00086 ( 2)  1.000 +-  0.015
  18 S   0.00000 1.00000 0.00000 ( 2)  1.000 +-  0.000
  19 L   0.00000 0.95681 0.04319 ( 2)  1.022 +-  0.102
  20 A   1.00000 0.00000 0.00000 ( 1)  0.050 +-  0.000
  21 P   1.00000 0.00000 0.00000 ( 1)  0.050 +-  0.000
  22 L   0.00041 0.99936 0.00023 ( 2)  1.000 +-  0.021
  23 P   1.00000 0.00000 0.00000 ( 1)  0.050 +-  0.000
  24 P   1.00000 0.00000 0.00000 ( 1)  0.050 +-  0.000
  25 L   1.00000 0.00000 0.00000 ( 1)  0.050 +-  0.001
  26 P   1.00000 0.00000 0.00000 ( 1)  0.050 +-  0.000
  27 E   1.00000 0.00000 0.00000 ( 1)  0.050 +-  0.000
  28 K   1.00000 0.00000 0.00000 ( 1)  0.050 +-  0.000
  29 G   1.00000 0.00000 0.00000 ( 1)  0.050 +-  0.000
  30 G   1.00000 0.00000 0.00000 ( 1)  0.050 +-  0.000
  31 E   1.00000 0.00000 0.00000 ( 1)  0.050 +-  0.000
  32 V   1.00000 0.00000 0.00000 ( 1)  0.050 +-  0.000
  33 R   1.00000 0.00000 0.00000 ( 1)  0.050 +-  0.000
  34 H   0.00138 0.99862 0.00000 ( 2)  0.999 +-  0.035
  35 G   1.00000 0.00000 0.00000 ( 1)  0.050 +-  0.000
  36 L   0.00011 0.99863 0.00127 ( 2)  1.001 +-  0.020
  37 I   1.00000 0.00000 0.00000 ( 1)  0.050 +-  0.000
  38 P   1.00000 0.00000 0.00000 ( 1)  0.050 +-  0.000
  39 E   1.00000 0.00000 0.00000 ( 1)  0.050 +-  0.000
  40 E   1.00000 0.00000 0.00000 ( 1)  0.050 +-  0.000
  41 F   1.00000 0.00000 0.00000 ( 1)  0.050 +-  0.000
  42 F   1.00000 0.00000 0.00000 ( 1)  0.050 +-  0.000
  43 Q   1.00000 0.00000 0.00000 ( 1)  0.050 +-  0.000
  44 F   1.00000 0.00000 0.00000 ( 1)  0.050 +-  0.000
  45 L   1.00000 0.00000 0.00000 ( 1)  0.050 +-  0.000
  46 Y   1.00000 0.00000 0.00000 ( 1)  0.050 +-  0.000
  47 P   1.00000 0.00000 0.00000 ( 1)  0.050 +-  0.000
  48 K   1.00000 0.00000 0.00000 ( 1)  0.050 +-  0.000
  49 T   1.00000 0.00000 0.00000 ( 1)  0.050 +-  0.000
  50 G   1.00000 0.00000 0.00000 ( 1)  0.050 +-  0.000
  51 V   1.00000 0.00000 0.00000 ( 1)  0.050 +-  0.000
  52 T   1.00000 0.00000 0.00000 ( 1)  0.050 +-  0.000
  53 G   1.00000 0.00000 0.00000 ( 1)  0.050 +-  0.000
  54 P   1.00000 0.00000 0.00000 ( 1)  0.050 +-  0.000
  55 Y   1.00000 0.00000 0.00000 ( 1)  0.050 +-  0.000
  56 M   1.00000 0.00000 0.00000 ( 1)  0.050 +-  0.000
  57 L   1.00000 0.00000 0.00000 ( 1)  0.050 +-  0.001
  58 G   1.00000 0.00000 0.00000 ( 1)  0.050 +-  0.000
  59 T   1.00000 0.00000 0.00000 ( 1)  0.050 +-  0.000
  60 G   1.00000 0.00000 0.00000 ( 1)  0.050 +-  0.000
  61 L   1.00000 0.00000 0.00000 ( 1)  0.050 +-  0.000
  62 M   0.00000 0.48333 0.51667 ( 3)  1.258 +-  0.250
  63 L   1.00000 0.00000 0.00000 ( 1)  0.050 +-  0.000
  64 Y   1.00000 0.00000 0.00000 ( 1)  0.050 +-  0.000
  65 L   0.00000 0.94652 0.05348 ( 2)  1.027 +-  0.112
  66 L   1.00000 0.00000 0.00000 ( 1)  0.050 +-  0.000
  67 S   1.00000 0.00000 0.00000 ( 1)  0.050 +-  0.000
  68 K   1.00000 0.00000 0.00000 ( 1)  0.050 +-  0.000
  69 E   1.00000 0.00000 0.00000 ( 1)  0.050 +-  0.000
  70 I   1.00000 0.00000 0.00000 ( 1)  0.050 +-  0.000
  71 Y   1.00000 0.00000 0.00000 ( 1)  0.050 +-  0.000
  72 V   1.00000 0.00000 0.00000 ( 1)  0.050 +-  0.000
  73 I   0.00000 0.48714 0.51286 ( 3)  1.256 +-  0.250
  74 N   1.00000 0.00000 0.00000 ( 1)  0.050 +-  0.000
  75 H   1.00000 0.00000 0.00000 ( 1)  0.050 +-  0.000
  76 E   1.00000 0.00000 0.00000 ( 1)  0.050 +-  0.000
  77 T   1.00000 0.00000 0.00000 ( 1)  0.050 +-  0.000
  78 V   0.00010 0.99990 0.00000 ( 2)  1.000 +-  0.010
  79 A   1.00000 0.00000 0.00000 ( 1)  0.050 +-  0.000
  80 G   0.97945 0.02055 0.00000 ( 1)  0.070 +-  0.135
  81 A   0.00000 0.94598 0.05402 ( 2)  1.027 +-  0.113
  82 C   1.00000 0.00000 0.00000 ( 1)  0.050 +-  0.000
  83 I   1.00000 0.00000 0.00000 ( 1)  0.050 +-  0.000
  84 L   0.99993 0.00007 0.00000 ( 1)  0.050 +-  0.008
  85 T   0.00000 0.96966 0.03034 ( 2)  1.015 +-  0.086
  86 V   1.00000 0.00000 0.00000 ( 1)  0.050 +-  0.001
  87 L   0.92351 0.07649 0.00000 ( 1)  0.123 +-  0.252
  88 I   0.00000 0.99978 0.00022 ( 2)  1.000 +-  0.007
  89 Y   1.00000 0.00000 0.00000 ( 1)  0.050 +-  0.000
  90 G   0.00000 0.99860 0.00140 ( 2)  1.001 +-  0.019
  91 I   0.00000 0.99807 0.00193 ( 2)  1.001 +-  0.022
  92 K   1.00000 0.00000 0.00000 ( 1)  0.050 +-  0.000
  93 R   0.27588 0.72412 0.00000 ( 2)  0.738 +-  0.425
  94 F   0.00000 0.99994 0.00006 ( 2)  1.000 +-  0.004
  95 G   1.00000 0.00000 0.00000 ( 1)  0.050 +-  0.000
  96 K   0.00000 0.00143 0.99857 ( 3)  1.499 +-  0.022
  97 D   0.00000 0.98048 0.01952 ( 2)  1.010 +-  0.069
  98 V   1.00000 0.00000 0.00000 ( 1)  0.050 +-  0.000
  99 A   1.00000 0.00000 0.00000 ( 1)  0.050 +-  0.000
 100 A   0.99964 0.00036 0.00000 ( 1)  0.050 +-  0.018
 101 F   1.00000 0.00000 0.00000 ( 1)  0.050 +-  0.000
 102 A   1.00000 0.00000 0.00000 ( 1)  0.050 +-  0.000
 103 D   1.00000 0.00000 0.00000 ( 1)  0.050 +-  0.000
 104 K   1.00000 0.00000 0.00000 ( 1)  0.050 +-  0.000
 105 L   1.00000 0.00000 0.00000 ( 1)  0.050 +-  0.000
 106 N   1.00000 0.00000 0.00000 ( 1)  0.050 +-  0.000
 107 E   1.00000 0.00000 0.00000 ( 1)  0.050 +-  0.000
 108 E   1.00000 0.00000 0.00000 ( 1)  0.050 +-  0.000
 109 K   1.00000 0.00000 0.00000 ( 1)  0.050 +-  0.000
 110 I   0.00000 0.00215 0.99785 ( 3)  1.499 +-  0.026
 111 A   0.73392 0.26607 0.00000 ( 1)  0.303 +-  0.420
 112 Q   0.00000 0.00822 0.99178 ( 3)  1.496 +-  0.046
 113 A   0.99843 0.00157 0.00000 ( 1)  0.051 +-  0.038
 114 L   0.00000 0.03884 0.96116 ( 3)  1.481 +-  0.097
 115 A   0.00000 0.99957 0.00043 ( 2)  1.000 +-  0.010
 116 V   0.00009 0.99990 0.00000 ( 2)  1.000 +-  0.009
 117 K   1.00000 0.00000 0.00000 ( 1)  0.050 +-  0.000
 118 N   1.00000 0.00000 0.00000 ( 1)  0.050 +-  0.000
 119 E   0.00000 0.99973 0.00027 ( 2)  1.000 +-  0.008
 120 A   0.00000 0.99827 0.00173 ( 2)  1.001 +-  0.021
 121 I   0.00000 0.99924 0.00076 ( 2)  1.000 +-  0.014
 122 E   0.00000 0.98741 0.01259 ( 2)  1.006 +-  0.056
 123 N   0.00000 0.00979 0.99021 ( 3)  1.495 +-  0.049
 124 L   0.99999 0.00001 0.00000 ( 1)  0.050 +-  0.003
 125 Q   0.99997 0.00003 0.00000 ( 1)  0.050 +-  0.005
 126 A   0.00000 0.99999 0.00001 ( 2)  1.000 +-  0.002
 127 A   1.00000 0.00000 0.00000 ( 1)  0.050 +-  0.000
 128 I   1.00000 0.00000 0.00000 ( 1)  0.050 +-  0.000
 129 E   1.00000 0.00000 0.00000 ( 1)  0.050 +-  0.000
 130 Q   0.00000 0.05070 0.94930 ( 3)  1.475 +-  0.110
 131 E   1.00000 0.00000 0.00000 ( 1)  0.050 +-  0.000
 132 K   1.00000 0.00000 0.00000 ( 1)  0.050 +-  0.000
 133 K   1.00000 0.00000 0.00000 ( 1)  0.050 +-  0.000
 134 E   1.00000 0.00000 0.00000 ( 1)  0.050 +-  0.000
 135 Q   1.00000 0.00000 0.00000 ( 1)  0.050 +-  0.000
 136 W   1.00000 0.00000 0.00000 ( 1)  0.050 +-  0.000
 137 R   1.00000 0.00000 0.00000 ( 1)  0.050 +-  0.000
 138 V   0.00000 0.99657 0.00343 ( 2)  1.002 +-  0.029
 139 E   1.00000 0.00000 0.00000 ( 1)  0.050 +-  0.000
 140 G   1.00000 0.00000 0.00000 ( 1)  0.050 +-  0.000
 141 R   0.00000 1.00000 0.00000 ( 2)  1.000 +-  0.000
 142 S   0.00000 0.48219 0.51781 ( 3)  1.259 +-  0.250
 143 Y   0.00000 0.99964 0.00036 ( 2)  1.000 +-  0.009
 144 L   1.00000 0.00000 0.00000 ( 1)  0.050 +-  0.000
 145 F   1.00000 0.00000 0.00000 ( 1)  0.050 +-  0.000
 146 D   1.00000 0.00000 0.00000 ( 1)  0.050 +-  0.000
 147 A   1.00000 0.00000 0.00000 ( 1)  0.050 +-  0.002
 148 K   0.99970 0.00030 0.00000 ( 1)  0.050 +-  0.017
 149 R   1.00000 0.00000 0.00000 ( 1)  0.050 +-  0.000
 150 N   1.00000 0.00000 0.00000 ( 1)  0.050 +-  0.000
 151 N   1.00000 0.00000 0.00000 ( 1)  0.050 +-  0.000
 152 I   0.00000 0.99940 0.00060 ( 2)  1.000 +-  0.012
 153 A   1.00000 0.00000 0.00000 ( 1)  0.050 +-  0.000
 154 M   1.00000 0.00000 0.00000 ( 1)  0.050 +-  0.000
 155 Q   0.99988 0.00012 0.00000 ( 1)  0.050 +-  0.010
 156 L   1.00000 0.00000 0.00000 ( 1)  0.050 +-  0.000
 157 E   1.00000 0.00000 0.00000 ( 1)  0.050 +-  0.000
 158 T   0.00000 0.99994 0.00006 ( 2)  1.000 +-  0.004
 159 N   1.00000 0.00000 0.00000 ( 1)  0.050 +-  0.000
 160 Y   1.00000 0.00000 0.00000 ( 1)  0.050 +-  0.000
 161 R   1.00000 0.00000 0.00000 ( 1)  0.050 +-  0.000
 162 E   1.00000 0.00000 0.00000 ( 1)  0.050 +-  0.000
 163 R   1.00000 0.00000 0.00000 ( 1)  0.050 +-  0.000
 164 M   0.96085 0.03911 0.00004 ( 1)  0.087 +-  0.184
 165 M   0.00000 0.99813 0.00187 ( 2)  1.001 +-  0.022
 166 M   0.00000 0.99998 0.00002 ( 2)  1.000 +-  0.002
 167 V   1.00000 0.00000 0.00000 ( 1)  0.050 +-  0.000
 168 Y   1.00000 0.00000 0.00000 ( 1)  0.050 +-  0.000
 169 N   0.92502 0.07498 0.00000 ( 1)  0.121 +-  0.250
 170 E   1.00000 0.00000 0.00000 ( 1)  0.050 +-  0.000
 171 V   1.00000 0.00000 0.00000 ( 1)  0.050 +-  0.000
 172 K   1.00000 0.00000 0.00000 ( 1)  0.050 +-  0.000
 173 K   1.00000 0.00000 0.00000 ( 1)  0.050 +-  0.000
 174 R   1.00000 0.00000 0.00000 ( 1)  0.050 +-  0.000
 175 L   1.00000 0.00000 0.00000 ( 1)  0.050 +-  0.001
 176 D   1.00000 0.00000 0.00000 ( 1)  0.050 +-  0.000
 177 Y   1.00000 0.00000 0.00000 ( 1)  0.050 +-  0.000
 178 Q   1.00000 0.00000 0.00000 ( 1)  0.050 +-  0.000
 179 V   1.00000 0.00000 0.00000 ( 1)  0.050 +-  0.000
 180 A   1.00000 0.00000 0.00000 ( 1)  0.050 +-  0.000
 181 M   0.00000 1.00000 0.00000 ( 2)  1.000 +-  0.001
 182 Q   1.00000 0.00000 0.00000 ( 1)  0.050 +-  0.000
 183 N   0.00000 0.99993 0.00007 ( 2)  1.000 +-  0.004
 184 L   1.00000 0.00000 0.00000 ( 1)  0.050 +-  0.000
 185 K   0.81695 0.18305 0.00000 ( 1)  0.224 +-  0.367
 186 R   1.00000 0.00000 0.00000 ( 1)  0.050 +-  0.000
 187 Q   1.00000 0.00000 0.00000 ( 1)  0.050 +-  0.000
 188 K   1.00000 0.00000 0.00000 ( 1)  0.050 +-  0.000
 189 E   1.00000 0.00000 0.00000 ( 1)  0.050 +-  0.000
 190 Q   1.00000 0.00000 0.00000 ( 1)  0.050 +-  0.000
 191 D   1.00000 0.00000 0.00000 ( 1)  0.050 +-  0.000
 192 H   0.04905 0.95095 0.00000 ( 2)  0.953 +-  0.205
 193 M   1.00000 0.00000 0.00000 ( 1)  0.050 +-  0.000
 194 I   1.00000 0.00000 0.00000 ( 1)  0.050 +-  0.000
 195 Q   0.00003 0.99968 0.00030 ( 2)  1.000 +-  0.010
 196 W   1.00000 0.00000 0.00000 ( 1)  0.050 +-  0.000
 197 V   1.00000 0.00000 0.00000 ( 1)  0.050 +-  0.000
 198 E   1.00000 0.00000 0.00000 ( 1)  0.050 +-  0.000
 199 K   0.99348 0.00652 0.00000 ( 1)  0.056 +-  0.076
 200 N   0.00000 0.99999 0.00001 ( 2)  1.000 +-  0.001
 201 V   1.00000 0.00000 0.00000 ( 1)  0.050 +-  0.000
 202 I   0.00000 0.99749 0.00251 ( 2)  1.001 +-  0.025
 203 Q   1.00000 0.00000 0.00000 ( 1)  0.050 +-  0.002
 204 S   1.00000 0.00000 0.00000 ( 1)  0.050 +-  0.000
 205 I   1.00000 0.00000 0.00000 ( 1)  0.050 +-  0.000
 206 T   1.00000 0.00000 0.00000 ( 1)  0.050 +-  0.000
 207 P   1.00000 0.00000 0.00000 ( 1)  0.050 +-  0.000
 208 Q   1.00000 0.00000 0.00000 ( 1)  0.050 +-  0.000
 209 Q   1.00000 0.00000 0.00000 ( 1)  0.050 +-  0.000
 210 Q   1.00000 0.00000 0.00000 ( 1)  0.050 +-  0.000
 211 K   1.00000 0.00000 0.00000 ( 1)  0.050 +-  0.000
 212 E   0.00001 0.99997 0.00002 ( 2)  1.000 +-  0.004
 213 S   1.00000 0.00000 0.00000 ( 1)  0.050 +-  0.000
 214 I   0.09520 0.90480 0.00000 ( 2)  0.910 +-  0.279
 215 A   0.96721 0.03279 0.00000 ( 1)  0.081 +-  0.169
 216 K   1.00000 0.00000 0.00000 ( 1)  0.050 +-  0.000
 217 C   1.00000 0.00000 0.00000 ( 1)  0.050 +-  0.000
 218 I   1.00000 0.00000 0.00000 ( 1)  0.050 +-  0.000
 219 L   0.00000 0.96768 0.03232 ( 2)  1.016 +-  0.088
 220 D   1.00000 0.00000 0.00000 ( 1)  0.050 +-  0.000
 221 L   1.00000 0.00000 0.00000 ( 1)  0.050 +-  0.001
 222 K   1.00000 0.00000 0.00000 ( 1)  0.050 +-  0.000
 223 A   1.00000 0.00000 0.00000 ( 1)  0.050 +-  0.000
 224 L   1.00000 0.00000 0.00000 ( 1)  0.050 +-  0.000
 225 S   1.00000 0.00000 0.00000 ( 1)  0.050 +-  0.000
 226 K   0.99175 0.00825 0.00000 ( 1)  0.058 +-  0.086
 227 G   0.00497 0.99503 0.00000 ( 2)  0.995 +-  0.067
 228 S   1.00000 0.00000 0.00000 ( 1)  0.050 +-  0.002
 229 H   0.00000 1.00000 0.00000 ( 2)  1.000 +-  0.001
 230 A   0.99999 0.00001 0.00000 ( 1)  0.050 +-  0.002
 231 V   0.00000 0.99986 0.00014 ( 2)  1.000 +-  0.006
 232 L   0.00000 0.99934 0.00066 ( 2)  1.000 +-  0.013

Positively selected sites

	Prob(w>1)  mean w

     3 A      0.988*        1.494 +- 0.056
    62 M      0.517         1.258 +- 0.250
    73 I      0.513         1.256 +- 0.250
    96 K      0.999**       1.499 +- 0.022
   110 I      0.998**       1.499 +- 0.026
   112 Q      0.992**       1.496 +- 0.046
   114 L      0.961*        1.481 +- 0.097
   123 N      0.990**       1.495 +- 0.049
   130 Q      0.949         1.475 +- 0.110
   142 S      0.518         1.259 +- 0.250
