# Extracted from OG0002535_00.rst: BEB section

Bayes Empirical Bayes (BEB) probabilities for 3 classes (class) & postmean_w
(amino acids refer to 1st sequence: Acchl)

   1 -   1.00000 0.00000 0.00000 ( 1)  0.150 +-  0.000
   2 -   0.13049 0.86865 0.00086 ( 2)  0.890 +-  0.287
   3 -   1.00000 0.00000 0.00000 ( 1)  0.150 +-  0.000
   4 -   0.00000 0.21564 0.78436 ( 3)  1.395 +-  0.213
   5 -   1.00000 0.00000 0.00000 ( 1)  0.150 +-  0.000
   6 -   0.45738 0.54260 0.00002 ( 2)  0.611 +-  0.423
   7 -   0.00000 0.01192 0.98808 ( 3)  1.555 +-  0.247
   8 -   0.00001 0.99848 0.00151 ( 2)  1.001 +-  0.020
   9 -   0.74438 0.25562 0.00000 ( 1)  0.367 +-  0.371
  10 -   0.99806 0.00193 0.00000 ( 1)  0.152 +-  0.037
  11 -   0.00002 0.99468 0.00530 ( 2)  1.003 +-  0.036
  12 -   1.00000 0.00000 0.00000 ( 1)  0.150 +-  0.000
  13 -   1.00000 0.00000 0.00000 ( 1)  0.150 +-  0.000
  14 -   1.00000 0.00000 0.00000 ( 1)  0.150 +-  0.001
  15 -   0.99988 0.00012 0.00000 ( 1)  0.150 +-  0.009
  16 -   1.00000 0.00000 0.00000 ( 1)  0.150 +-  0.000
  17 -   0.99998 0.00002 0.00000 ( 1)  0.150 +-  0.004
  18 M   1.00000 0.00000 0.00000 ( 1)  0.150 +-  0.000
  19 L   0.99999 0.00001 0.00000 ( 1)  0.150 +-  0.002
  20 G   1.00000 0.00000 0.00000 ( 1)  0.150 +-  0.000
  21 E   0.00032 0.99961 0.00008 ( 2)  1.000 +-  0.016
  22 R   0.99996 0.00004 0.00000 ( 1)  0.150 +-  0.006
  23 T   0.00007 0.99991 0.00002 ( 2)  1.000 +-  0.007
  24 T   0.00000 0.99969 0.00031 ( 2)  1.000 +-  0.009
  25 K   0.99961 0.00039 0.00000 ( 1)  0.150 +-  0.017
  26 R   0.00002 0.99956 0.00042 ( 2)  1.000 +-  0.011
  27 F   0.98335 0.01665 0.00000 ( 1)  0.164 +-  0.109
  28 T   0.67147 0.32853 0.00000 ( 1)  0.429 +-  0.399
  29 K   0.00000 0.99438 0.00562 ( 2)  1.003 +-  0.037
  30 Y   0.00000 0.47404 0.52596 ( 3)  1.264 +-  0.251
  31 S   1.00000 0.00000 0.00000 ( 1)  0.150 +-  0.000
  32 K   1.00000 0.00000 0.00000 ( 1)  0.150 +-  0.000
  33 V   0.00005 0.99955 0.00040 ( 2)  1.000 +-  0.012
  34 F   1.00000 0.00000 0.00000 ( 1)  0.150 +-  0.001
  35 T   1.00000 0.00000 0.00000 ( 1)  0.150 +-  0.000
  36 V   1.00000 0.00000 0.00000 ( 1)  0.150 +-  0.001
  37 E   0.99747 0.00253 0.00000 ( 1)  0.152 +-  0.043
  38 G   1.00000 0.00000 0.00000 ( 1)  0.150 +-  0.000
  39 N   1.00000 0.00000 0.00000 ( 1)  0.150 +-  0.000
  40 L   1.00000 0.00000 0.00000 ( 1)  0.150 +-  0.001
  41 S   0.04804 0.95193 0.00003 ( 2)  0.959 +-  0.182
  42 S   1.00000 0.00000 0.00000 ( 1)  0.150 +-  0.001
  43 G   1.00000 0.00000 0.00000 ( 1)  0.150 +-  0.000
  44 K   1.00000 0.00000 0.00000 ( 1)  0.150 +-  0.000
  45 G   1.00000 0.00000 0.00000 ( 1)  0.150 +-  0.000
  46 K   0.00000 0.99669 0.00331 ( 2)  1.002 +-  0.029
  47 L   1.00000 0.00000 0.00000 ( 1)  0.150 +-  0.000
  48 A   1.00000 0.00000 0.00000 ( 1)  0.150 +-  0.000
  49 E   0.98281 0.01719 0.00000 ( 1)  0.165 +-  0.110
  50 Q   0.00000 0.98926 0.01074 ( 2)  1.005 +-  0.052
  51 I   0.04634 0.95366 0.00000 ( 2)  0.961 +-  0.179
  52 A   1.00000 0.00000 0.00000 ( 1)  0.150 +-  0.000
  53 E   1.00000 0.00000 0.00000 ( 1)  0.150 +-  0.000
  54 K   1.00000 0.00000 0.00000 ( 1)  0.150 +-  0.000
  55 L   1.00000 0.00000 0.00000 ( 1)  0.150 +-  0.002
  56 G   1.00000 0.00000 0.00000 ( 1)  0.150 +-  0.000
  57 M   1.00000 0.00000 0.00000 ( 1)  0.150 +-  0.000
  58 K   0.99986 0.00014 0.00000 ( 1)  0.150 +-  0.010
  59 Y   0.94888 0.05110 0.00003 ( 1)  0.193 +-  0.187
  60 F   1.00000 0.00000 0.00000 ( 1)  0.150 +-  0.000
  61 P   1.00000 0.00000 0.00000 ( 1)  0.150 +-  0.000
  62 E   1.00000 0.00000 0.00000 ( 1)  0.150 +-  0.000
  63 A   1.00000 0.00000 0.00000 ( 1)  0.150 +-  0.000
  64 G   1.00000 0.00000 0.00000 ( 1)  0.150 +-  0.000
  65 I   0.99997 0.00003 0.00000 ( 1)  0.150 +-  0.005
  66 H   1.00000 0.00000 0.00000 ( 1)  0.150 +-  0.000
  67 Y   0.99998 0.00002 0.00000 ( 1)  0.150 +-  0.004
  68 L   0.00001 0.99859 0.00140 ( 2)  1.001 +-  0.019
  69 D   0.00473 0.99526 0.00000 ( 2)  0.996 +-  0.058
  70 R   1.00000 0.00000 0.00000 ( 1)  0.150 +-  0.000
  71 I   0.00000 0.82170 0.17830 ( 2)  1.089 +-  0.191
  72 T   0.56954 0.43046 0.00000 ( 1)  0.516 +-  0.421
  73 G   0.99952 0.00048 0.00000 ( 1)  0.150 +-  0.019
  74 D   1.00000 0.00000 0.00000 ( 1)  0.150 +-  0.001
  75 G   0.99999 0.00001 0.00000 ( 1)  0.150 +-  0.003
  76 K   0.00000 0.99979 0.00021 ( 2)  1.000 +-  0.007
  77 L   0.89967 0.10006 0.00027 ( 1)  0.235 +-  0.256
  78 L   0.99996 0.00004 0.00000 ( 1)  0.150 +-  0.006
  79 P   0.00004 0.99972 0.00024 ( 2)  1.000 +-  0.010
  80 E   1.00000 0.00000 0.00000 ( 1)  0.150 +-  0.000
  81 K   0.99993 0.00007 0.00000 ( 1)  0.150 +-  0.007
  82 F   1.00000 0.00000 0.00000 ( 1)  0.150 +-  0.000
  83 N   1.00000 0.00000 0.00000 ( 1)  0.150 +-  0.000
  84 G   1.00000 0.00000 0.00000 ( 1)  0.150 +-  0.000
  85 F   1.00000 0.00000 0.00000 ( 1)  0.150 +-  0.001
  86 C   1.00000 0.00000 0.00000 ( 1)  0.150 +-  0.000
  87 N   0.99966 0.00034 0.00000 ( 1)  0.150 +-  0.016
  88 L   1.00000 0.00000 0.00000 ( 1)  0.150 +-  0.001
  89 E   1.00000 0.00000 0.00000 ( 1)  0.150 +-  0.000
  90 R   1.00000 0.00000 0.00000 ( 1)  0.150 +-  0.000
  91 F   1.00000 0.00000 0.00000 ( 1)  0.150 +-  0.000
  92 Y   1.00000 0.00000 0.00000 ( 1)  0.150 +-  0.001
  93 T   0.00067 0.99933 0.00000 ( 2)  0.999 +-  0.022
  94 D   0.03467 0.96519 0.00015 ( 2)  0.971 +-  0.156
  95 P   1.00000 0.00000 0.00000 ( 1)  0.150 +-  0.000
  96 M   0.00008 0.99901 0.00090 ( 2)  1.000 +-  0.017
  97 C   1.00000 0.00000 0.00000 ( 1)  0.150 +-  0.000
  98 S   0.00000 0.99938 0.00062 ( 2)  1.000 +-  0.012
  99 D   1.00000 0.00000 0.00000 ( 1)  0.150 +-  0.000
 100 G   1.00000 0.00000 0.00000 ( 1)  0.150 +-  0.000
 101 H   1.00000 0.00000 0.00000 ( 1)  0.150 +-  0.000
 102 S   1.00000 0.00000 0.00000 ( 1)  0.150 +-  0.000
 103 Y   1.00000 0.00000 0.00000 ( 1)  0.150 +-  0.001
 104 R   1.00000 0.00000 0.00000 ( 1)  0.150 +-  0.000
 105 L   0.00000 0.95240 0.04760 ( 2)  1.024 +-  0.107
 106 Q   1.00000 0.00000 0.00000 ( 1)  0.150 +-  0.000
 107 A   0.99326 0.00674 0.00000 ( 1)  0.156 +-  0.070
 108 W   1.00000 0.00000 0.00000 ( 1)  0.150 +-  0.000
 109 L   0.00000 0.97163 0.02837 ( 2)  1.014 +-  0.083
 110 F   1.00000 0.00000 0.00000 ( 1)  0.150 +-  0.001
 111 G   1.00000 0.00000 0.00000 ( 1)  0.150 +-  0.000
 112 N   1.00000 0.00000 0.00000 ( 1)  0.150 +-  0.000
 113 R   1.00000 0.00000 0.00000 ( 1)  0.150 +-  0.000
 114 V   1.00000 0.00000 0.00000 ( 1)  0.150 +-  0.000
 115 L   0.99983 0.00017 0.00000 ( 1)  0.150 +-  0.011
 116 Q   1.00000 0.00000 0.00000 ( 1)  0.150 +-  0.000
 117 Y   1.00000 0.00000 0.00000 ( 1)  0.150 +-  0.000
 118 A   1.00000 0.00000 0.00000 ( 1)  0.150 +-  0.000
 119 D   1.00000 0.00000 0.00000 ( 1)  0.150 +-  0.000
 120 A   1.00000 0.00000 0.00000 ( 1)  0.150 +-  0.000
 121 L   1.00000 0.00000 0.00000 ( 1)  0.150 +-  0.001
 122 E   1.00000 0.00000 0.00000 ( 1)  0.150 +-  0.000
 123 H   1.00000 0.00000 0.00000 ( 1)  0.150 +-  0.000
 124 L   0.99993 0.00007 0.00000 ( 1)  0.150 +-  0.007
 125 L   1.00000 0.00000 0.00000 ( 1)  0.150 +-  0.000
 126 S   0.00000 0.99843 0.00157 ( 2)  1.001 +-  0.020
 127 T   1.00000 0.00000 0.00000 ( 1)  0.150 +-  0.000
 128 G   1.00000 0.00000 0.00000 ( 1)  0.150 +-  0.000
 129 Q   1.00000 0.00000 0.00000 ( 1)  0.150 +-  0.000
 130 G   1.00000 0.00000 0.00000 ( 1)  0.150 +-  0.000
 131 V   1.00000 0.00000 0.00000 ( 1)  0.150 +-  0.000
 132 V   1.00000 0.00000 0.00000 ( 1)  0.150 +-  0.000
 133 L   0.99835 0.00165 0.00000 ( 1)  0.151 +-  0.034
 134 E   1.00000 0.00000 0.00000 ( 1)  0.150 +-  0.000
 135 R   1.00000 0.00000 0.00000 ( 1)  0.150 +-  0.000
 136 S   1.00000 0.00000 0.00000 ( 1)  0.150 +-  0.000
 137 P   1.00000 0.00000 0.00000 ( 1)  0.150 +-  0.000
 138 Y   0.99997 0.00003 0.00000 ( 1)  0.150 +-  0.004
 139 S   1.00000 0.00000 0.00000 ( 1)  0.150 +-  0.000
 140 D   1.00000 0.00000 0.00000 ( 1)  0.150 +-  0.000
 141 F   1.00000 0.00000 0.00000 ( 1)  0.150 +-  0.000
 142 V   1.00000 0.00000 0.00000 ( 1)  0.150 +-  0.000
 143 F   1.00000 0.00000 0.00000 ( 1)  0.150 +-  0.000
 144 L   0.99867 0.00133 0.00000 ( 1)  0.151 +-  0.031
 145 D   0.20576 0.79400 0.00024 ( 2)  0.825 +-  0.344
 146 A   1.00000 0.00000 0.00000 ( 1)  0.150 +-  0.000
 147 M   1.00000 0.00000 0.00000 ( 1)  0.150 +-  0.000
 148 F   0.98812 0.01188 0.00000 ( 1)  0.160 +-  0.092
 149 K   1.00000 0.00000 0.00000 ( 1)  0.150 +-  0.000
 150 Q   0.05148 0.94841 0.00011 ( 2)  0.956 +-  0.188
 151 G   1.00000 0.00000 0.00000 ( 1)  0.150 +-  0.000
 152 Y   1.00000 0.00000 0.00000 ( 1)  0.150 +-  0.000
 153 V   0.08288 0.91685 0.00027 ( 2)  0.930 +-  0.235
 154 H   1.00000 0.00000 0.00000 ( 1)  0.150 +-  0.000
 155 K   0.98671 0.01329 0.00000 ( 1)  0.161 +-  0.097
 156 R   1.00000 0.00000 0.00000 ( 1)  0.150 +-  0.000
 157 C   1.00000 0.00000 0.00000 ( 1)  0.150 +-  0.000
 158 L   0.99999 0.00001 0.00000 ( 1)  0.150 +-  0.003
 159 D   1.00000 0.00000 0.00000 ( 1)  0.150 +-  0.001
 160 H   1.00000 0.00000 0.00000 ( 1)  0.150 +-  0.000
 161 Y   1.00000 0.00000 0.00000 ( 1)  0.150 +-  0.001
 162 K   0.00792 0.99171 0.00037 ( 2)  0.993 +-  0.076
 163 E   1.00000 0.00000 0.00000 ( 1)  0.150 +-  0.000
 164 I   0.00000 0.99623 0.00377 ( 2)  1.002 +-  0.031
 165 K   1.00000 0.00000 0.00000 ( 1)  0.150 +-  0.000
 166 E   0.06281 0.93660 0.00059 ( 2)  0.947 +-  0.207
 167 I   0.00000 0.99366 0.00634 ( 2)  1.003 +-  0.040
 168 S   1.00000 0.00000 0.00000 ( 1)  0.150 +-  0.000
 169 I   0.00000 0.98661 0.01339 ( 2)  1.007 +-  0.057
 170 C   0.00000 0.99993 0.00007 ( 2)  1.000 +-  0.004
 171 E   1.00000 0.00000 0.00000 ( 1)  0.150 +-  0.000
 172 F   0.00000 0.96891 0.03109 ( 2)  1.016 +-  0.087
 173 L   0.99998 0.00002 0.00000 ( 1)  0.150 +-  0.004
 174 P   1.00000 0.00000 0.00000 ( 1)  0.150 +-  0.000
 175 P   1.00000 0.00000 0.00000 ( 1)  0.150 +-  0.000
 176 H   1.00000 0.00000 0.00000 ( 1)  0.150 +-  0.000
 177 L   0.99999 0.00001 0.00000 ( 1)  0.150 +-  0.003
 178 V   1.00000 0.00000 0.00000 ( 1)  0.150 +-  0.000
 179 I   1.00000 0.00000 0.00000 ( 1)  0.150 +-  0.000
 180 Y   1.00000 0.00000 0.00000 ( 1)  0.150 +-  0.000
 181 L   0.00039 0.99960 0.00000 ( 2)  1.000 +-  0.017
 182 D   1.00000 0.00000 0.00000 ( 1)  0.150 +-  0.000
 183 V   0.00000 0.99779 0.00221 ( 2)  1.001 +-  0.023
 184 P   1.00000 0.00000 0.00000 ( 1)  0.150 +-  0.000
 185 V   1.00000 0.00000 0.00000 ( 1)  0.150 +-  0.000
 186 P   0.99871 0.00129 0.00000 ( 1)  0.151 +-  0.031
 187 E   0.15998 0.83964 0.00038 ( 2)  0.864 +-  0.312
 188 V   1.00000 0.00000 0.00000 ( 1)  0.150 +-  0.001
 189 Q   0.98988 0.01011 0.00000 ( 1)  0.159 +-  0.085
 190 K   1.00000 0.00000 0.00000 ( 1)  0.150 +-  0.001
 191 R   1.00000 0.00000 0.00000 ( 1)  0.150 +-  0.000
 192 I   0.99988 0.00012 0.00000 ( 1)  0.150 +-  0.009
 193 Q   1.00000 0.00000 0.00000 ( 1)  0.150 +-  0.000
 194 E   0.99994 0.00006 0.00000 ( 1)  0.150 +-  0.007
 195 K   0.00001 0.99761 0.00238 ( 2)  1.001 +-  0.024
 196 G   1.00000 0.00000 0.00000 ( 1)  0.150 +-  0.000
 197 K   0.00000 0.96827 0.03173 ( 2)  1.016 +-  0.088
 198 P   0.99117 0.00883 0.00000 ( 1)  0.158 +-  0.080
 199 Y   0.99999 0.00001 0.00000 ( 1)  0.150 +-  0.002
 200 E   1.00000 0.00000 0.00000 ( 1)  0.150 +-  0.000
 201 K   1.00000 0.00000 0.00000 ( 1)  0.150 +-  0.000
 202 K   1.00000 0.00000 0.00000 ( 1)  0.150 +-  0.001
 203 V   0.99976 0.00024 0.00000 ( 1)  0.150 +-  0.013
 204 S   1.00000 0.00000 0.00000 ( 1)  0.150 +-  0.001
 205 P   0.63355 0.36644 0.00001 ( 1)  0.461 +-  0.410
 206 S   0.00000 0.99904 0.00096 ( 2)  1.000 +-  0.015
 207 Y   1.00000 0.00000 0.00000 ( 1)  0.150 +-  0.001
 208 L   1.00000 0.00000 0.00000 ( 1)  0.150 +-  0.000
 209 Q   1.00000 0.00000 0.00000 ( 1)  0.150 +-  0.000
 210 N   0.00000 0.99987 0.00013 ( 2)  1.000 +-  0.006
 211 I   0.99999 0.00001 0.00000 ( 1)  0.150 +-  0.003
 212 E   1.00000 0.00000 0.00000 ( 1)  0.150 +-  0.000
 213 D   1.00000 0.00000 0.00000 ( 1)  0.150 +-  0.000
 214 A   1.00000 0.00000 0.00000 ( 1)  0.150 +-  0.000
 215 Y   1.00000 0.00000 0.00000 ( 1)  0.150 +-  0.001
 216 K   1.00000 0.00000 0.00000 ( 1)  0.150 +-  0.000
 217 K   0.00011 0.99938 0.00051 ( 2)  1.000 +-  0.014
 218 T   1.00000 0.00000 0.00000 ( 1)  0.150 +-  0.000
 219 F   1.00000 0.00000 0.00000 ( 1)  0.150 +-  0.000
 220 L   1.00000 0.00000 0.00000 ( 1)  0.150 +-  0.000
 221 P   1.00000 0.00000 0.00000 ( 1)  0.150 +-  0.000
 222 E   0.29114 0.70864 0.00022 ( 2)  0.753 +-  0.386
 223 I   0.99998 0.00002 0.00000 ( 1)  0.150 +-  0.004
 224 S   1.00000 0.00000 0.00000 ( 1)  0.150 +-  0.000
 225 E   1.00000 0.00000 0.00000 ( 1)  0.150 +-  0.000
 226 T   0.93418 0.06582 0.00000 ( 1)  0.206 +-  0.211
 227 S   0.99999 0.00001 0.00000 ( 1)  0.150 +-  0.003
 228 E   1.00000 0.00000 0.00000 ( 1)  0.150 +-  0.000
 229 V   0.66334 0.33666 0.00000 ( 1)  0.436 +-  0.402
 230 L   0.99970 0.00030 0.00000 ( 1)  0.150 +-  0.015
 231 Q   0.99804 0.00196 0.00000 ( 1)  0.152 +-  0.038
 232 Y   1.00000 0.00000 0.00000 ( 1)  0.150 +-  0.001
 233 T   0.99961 0.00039 0.00000 ( 1)  0.150 +-  0.017
 234 A   0.99698 0.00302 0.00000 ( 1)  0.153 +-  0.047
 235 A   0.00000 0.99584 0.00416 ( 2)  1.002 +-  0.032
 236 E   0.99840 0.00160 0.00000 ( 1)  0.151 +-  0.034
 237 A   0.92559 0.07441 0.00000 ( 1)  0.213 +-  0.223
 238 E   0.98718 0.01282 0.00000 ( 1)  0.161 +-  0.096
 239 D   1.00000 0.00000 0.00000 ( 1)  0.150 +-  0.000
 240 V   0.99996 0.00004 0.00000 ( 1)  0.150 +-  0.005
 241 E   0.99700 0.00300 0.00000 ( 1)  0.153 +-  0.047
 242 R   0.99781 0.00218 0.00000 ( 1)  0.152 +-  0.040
 243 V   1.00000 0.00000 0.00000 ( 1)  0.150 +-  0.001
 244 I   0.00000 0.92225 0.07775 ( 2)  1.039 +-  0.134
 245 E   1.00000 0.00000 0.00000 ( 1)  0.150 +-  0.000
 246 D   1.00000 0.00000 0.00000 ( 1)  0.150 +-  0.000
 247 V   0.99999 0.00001 0.00000 ( 1)  0.150 +-  0.002
 248 E   0.99999 0.00001 0.00000 ( 1)  0.150 +-  0.002
 249 Y   0.86684 0.13295 0.00021 ( 1)  0.263 +-  0.289
 250 L   0.16806 0.82442 0.00752 ( 2)  0.861 +-  0.322
 251 K   0.99999 0.00001 0.00000 ( 1)  0.150 +-  0.002
 252 F   1.00000 0.00000 0.00000 ( 1)  0.150 +-  0.000
 253 D   1.00000 0.00000 0.00000 ( 1)  0.150 +-  0.000
 254 K   1.00000 0.00000 0.00000 ( 1)  0.150 +-  0.000
 255 G   1.00000 0.00000 0.00000 ( 1)  0.150 +-  0.000
 256 P   1.00000 0.00000 0.00000 ( 1)  0.150 +-  0.000
 257 W   1.00000 0.00000 0.00000 ( 1)  0.150 +-  0.000
 258 L   0.00000 0.54541 0.45459 ( 2)  1.240 +-  0.285
 259 E   1.00000 0.00000 0.00000 ( 1)  0.150 +-  0.000
 260 Q   1.00000 0.00000 0.00000 ( 1)  0.150 +-  0.000
 261 D   1.00000 0.00000 0.00000 ( 1)  0.150 +-  0.000
 262 D   1.00000 0.00000 0.00000 ( 1)  0.150 +-  0.000
 263 V   1.00000 0.00000 0.00000 ( 1)  0.150 +-  0.000
 264 S   1.00000 0.00000 0.00000 ( 1)  0.150 +-  0.000
 265 F   0.00000 0.94488 0.05512 ( 2)  1.028 +-  0.114
 266 H   1.00000 0.00000 0.00000 ( 1)  0.150 +-  0.000
 267 H   1.00000 0.00000 0.00000 ( 1)  0.150 +-  0.000
 268 L   1.00000 0.00000 0.00000 ( 1)  0.150 +-  0.001
 269 R   1.00000 0.00000 0.00000 ( 1)  0.150 +-  0.000
 270 L   1.00000 0.00000 0.00000 ( 1)  0.150 +-  0.000
 271 -   0.00000 0.53098 0.46902 ( 2)  1.237 +-  0.257
 272 -   1.00000 0.00000 0.00000 ( 1)  0.150 +-  0.000
 273 -   0.99995 0.00005 0.00000 ( 1)  0.150 +-  0.006
 274 -   1.00000 0.00000 0.00000 ( 1)  0.150 +-  0.000
 275 -   1.00000 0.00000 0.00000 ( 1)  0.150 +-  0.000
 276 -   0.00000 0.00174 0.99826 ( 3)  1.561 +-  0.241
 277 -   0.00000 0.90982 0.09018 ( 2)  1.045 +-  0.143
 278 -   0.99999 0.00001 0.00000 ( 1)  0.150 +-  0.003
 279 -   0.03768 0.94809 0.01422 ( 2)  0.975 +-  0.174
 280 -   0.99975 0.00025 0.00000 ( 1)  0.150 +-  0.013
 281 -   0.00008 0.99964 0.00028 ( 2)  1.000 +-  0.011
 282 -   0.00000 0.32671 0.67329 ( 3)  1.338 +-  0.239
 283 -   0.99991 0.00009 0.00000 ( 1)  0.150 +-  0.008
 284 -   0.02819 0.97059 0.00122 ( 2)  0.977 +-  0.142
 285 -   1.00000 0.00000 0.00000 ( 1)  0.150 +-  0.000
 286 -   0.00000 0.99992 0.00007 ( 2)  1.000 +-  0.004
 287 -   0.99993 0.00007 0.00000 ( 1)  0.150 +-  0.007
 288 -   0.00000 0.83509 0.16491 ( 2)  1.082 +-  0.186
 289 -   1.00000 0.00000 0.00000 ( 1)  0.150 +-  0.000
 290 -   1.00000 0.00000 0.00000 ( 1)  0.150 +-  0.000
 291 -   0.00000 0.99348 0.00651 ( 2)  1.003 +-  0.040
 292 -   1.00000 0.00000 0.00000 ( 1)  0.150 +-  0.000
 293 -   0.98681 0.01318 0.00001 ( 1)  0.161 +-  0.097
 294 -   1.00000 0.00000 0.00000 ( 1)  0.150 +-  0.000
 295 -   1.00000 0.00000 0.00000 ( 1)  0.150 +-  0.000
 296 -   0.00000 0.65626 0.34374 ( 2)  1.172 +-  0.237
 297 -   1.00000 0.00000 0.00000 ( 1)  0.150 +-  0.002
 298 -   0.00003 0.98267 0.01731 ( 2)  1.009 +-  0.065
 299 -   1.00000 0.00000 0.00000 ( 1)  0.150 +-  0.000
 300 -   0.00001 0.99522 0.00477 ( 2)  1.002 +-  0.035
 301 -   0.00000 0.98298 0.01702 ( 2)  1.009 +-  0.065
 302 -   0.54138 0.45760 0.00102 ( 1)  0.540 +-  0.424
 303 -   0.98475 0.01523 0.00001 ( 1)  0.163 +-  0.104
 304 -   0.99994 0.00006 0.00000 ( 1)  0.150 +-  0.007
 305 -   0.99285 0.00715 0.00000 ( 1)  0.156 +-  0.072
 306 -   1.00000 0.00000 0.00000 ( 1)  0.150 +-  0.000
 307 -   0.18071 0.81926 0.00004 ( 2)  0.846 +-  0.327
 308 -   0.00000 0.05235 0.94765 ( 3)  1.529 +-  0.260

Positively selected sites

	Prob(w>1)  mean w

     4 -      0.784         1.395 +- 0.213
     7 -      0.988*        1.555 +- 0.247
    30 Y      0.526         1.264 +- 0.251
   276 -      0.998**       1.561 +- 0.241
   282 -      0.673         1.338 +- 0.239
   308 -      0.948         1.529 +- 0.260
