# Extracted from OG0001432_00.rst: BEB section

Bayes Empirical Bayes (BEB) probabilities for 3 classes (class) & postmean_w
(amino acids refer to 1st sequence: Acchl)

   1 A   0.00000 0.00000 1.00000 ( 3)  2.500 +-  0.000
   2 L   0.00000 0.00000 1.00000 ( 3)  2.500 +-  0.000
   3 P   0.00000 0.00010 0.99990 ( 3)  2.500 +-  0.015
   4 A   0.00000 0.05282 0.94718 ( 3)  2.421 +-  0.336
   5 V   0.99997 0.00003 0.00000 ( 1)  0.050 +-  0.007
   6 L   0.04696 0.95304 0.00000 ( 2)  0.956 +-  0.200
   7 L   1.00000 0.00000 0.00000 ( 1)  0.050 +-  0.004
   8 K   0.99950 0.00050 0.00000 ( 1)  0.051 +-  0.022
   9 D   1.00000 0.00000 0.00000 ( 1)  0.050 +-  0.004
  10 A   0.00000 1.00000 0.00000 ( 2)  1.000 +-  0.000
  11 K   0.00056 0.99944 0.00000 ( 2)  1.000 +-  0.021
  12 L   0.99995 0.00005 0.00000 ( 1)  0.050 +-  0.008
  13 M   0.00000 1.00000 0.00000 ( 2)  1.000 +-  0.001
  14 D   1.00000 0.00000 0.00000 ( 1)  0.050 +-  0.004
  15 V   0.99994 0.00006 0.00000 ( 1)  0.050 +-  0.009
  16 K   0.99993 0.00007 0.00000 ( 1)  0.050 +-  0.009
  17 L   0.97146 0.02854 0.00000 ( 1)  0.077 +-  0.158
  18 G   1.00000 0.00000 0.00000 ( 1)  0.050 +-  0.004
  19 Q   1.00000 0.00000 0.00000 ( 1)  0.050 +-  0.004
  20 L   0.99990 0.00010 0.00000 ( 1)  0.050 +-  0.011
  21 P   0.97538 0.02462 0.00000 ( 1)  0.074 +-  0.147
  22 T   0.00000 1.00000 0.00000 ( 2)  1.000 +-  0.000
  23 W   0.99966 0.00034 0.00000 ( 1)  0.051 +-  0.018
  24 L   0.00000 0.99991 0.00009 ( 2)  1.000 +-  0.014
  25 A   1.00000 0.00000 0.00000 ( 1)  0.050 +-  0.004
  26 M   0.99999 0.00001 0.00000 ( 1)  0.050 +-  0.006
  27 R   1.00000 0.00000 0.00000 ( 1)  0.050 +-  0.004
  28 D   1.00000 0.00000 0.00000 ( 1)  0.050 +-  0.004
  29 F   1.00000 0.00000 0.00000 ( 1)  0.050 +-  0.004
  30 T   1.00000 0.00000 0.00000 ( 1)  0.050 +-  0.004
  31 P   1.00000 0.00000 0.00000 ( 1)  0.050 +-  0.004
  32 G   0.00000 1.00000 0.00000 ( 2)  1.000 +-  0.000
  33 G   1.00000 0.00000 0.00000 ( 1)  0.050 +-  0.004
  34 I   1.00000 0.00000 0.00000 ( 1)  0.050 +-  0.004
  35 -   0.00000 0.00160 0.99840 ( 3)  2.498 +-  0.060
  36 -   0.99938 0.00062 0.00000 ( 1)  0.051 +-  0.024
  37 -   1.00000 0.00000 0.00000 ( 1)  0.050 +-  0.004
  38 M   0.00000 0.00000 1.00000 ( 3)  2.500 +-  0.000
  39 R   0.00000 1.00000 0.00000 ( 2)  1.000 +-  0.000
  40 R   0.58987 0.41013 0.00000 ( 1)  0.440 +-  0.467
  41 G   1.00000 0.00000 0.00000 ( 1)  0.050 +-  0.004
  42 Y   0.00000 0.99961 0.00039 ( 2)  1.001 +-  0.030
  43 D   0.00000 0.99991 0.00009 ( 2)  1.000 +-  0.014
  44 R   1.00000 0.00000 0.00000 ( 1)  0.050 +-  0.004
  45 Y   0.95297 0.04703 0.00000 ( 1)  0.095 +-  0.201
  46 Y   0.00575 0.99418 0.00007 ( 2)  0.995 +-  0.072
  47 N   1.00000 0.00000 0.00000 ( 1)  0.050 +-  0.004
  48 K   1.00000 0.00000 0.00000 ( 1)  0.050 +-  0.004
  49 Y   0.99985 0.00015 0.00000 ( 1)  0.050 +-  0.012
  50 I   1.00000 0.00000 0.00000 ( 1)  0.050 +-  0.004
  51 N   1.00000 0.00000 0.00000 ( 1)  0.050 +-  0.004
  52 V   1.00000 0.00000 0.00000 ( 1)  0.050 +-  0.004
  53 R   0.00000 1.00000 0.00000 ( 2)  1.000 +-  0.000
  54 K   1.00000 0.00000 0.00000 ( 1)  0.050 +-  0.004
  55 G   1.00000 0.00000 0.00000 ( 1)  0.050 +-  0.004
  56 G   1.00000 0.00000 0.00000 ( 1)  0.050 +-  0.004
  57 L   0.00021 0.99979 0.00000 ( 2)  1.000 +-  0.012
  58 G   0.63517 0.36483 0.00000 ( 1)  0.397 +-  0.457
  59 G   1.00000 0.00000 0.00000 ( 1)  0.050 +-  0.004
  60 I   0.00000 0.99910 0.00090 ( 2)  1.001 +-  0.045
  61 S   1.00000 0.00000 0.00000 ( 1)  0.050 +-  0.004
  62 M   1.00000 0.00000 0.00000 ( 1)  0.050 +-  0.004
  63 V   0.00000 1.00000 0.00000 ( 2)  1.000 +-  0.001
  64 L   1.00000 0.00000 0.00000 ( 1)  0.050 +-  0.004
  65 A   1.00000 0.00000 0.00000 ( 1)  0.050 +-  0.004
  66 G   1.00000 0.00000 0.00000 ( 1)  0.050 +-  0.004
  67 Y   0.99961 0.00039 0.00000 ( 1)  0.051 +-  0.019
  68 V   0.00000 0.99998 0.00002 ( 2)  1.000 +-  0.006
  69 V   0.00121 0.99879 0.00000 ( 2)  0.999 +-  0.030
  70 I   0.00000 0.99999 0.00001 ( 2)  1.000 +-  0.004
  71 S   1.00000 0.00000 0.00000 ( 1)  0.050 +-  0.004
  72 Y   0.99989 0.00011 0.00000 ( 1)  0.050 +-  0.011
  73 I   0.00000 0.99415 0.00585 ( 2)  1.009 +-  0.114
  74 W   0.99984 0.00016 0.00000 ( 1)  0.050 +-  0.013
  75 S   1.00000 0.00000 0.00000 ( 1)  0.050 +-  0.004
  76 Y   0.99791 0.00209 0.00000 ( 1)  0.052 +-  0.044
  77 S   1.00000 0.00000 0.00000 ( 1)  0.050 +-  0.004
  78 H   1.00000 0.00000 0.00000 ( 1)  0.050 +-  0.004
  79 L   0.00000 0.00008 0.99992 ( 3)  2.500 +-  0.014
  80 K   0.00000 0.99999 0.00001 ( 2)  1.000 +-  0.005
  81 H   1.00000 0.00000 0.00000 ( 1)  0.050 +-  0.004
  82 E   0.28471 0.71529 0.00000 ( 2)  0.730 +-  0.428
  83 R   1.00000 0.00000 0.00000 ( 1)  0.050 +-  0.004
  84 H   0.00178 0.99822 0.00000 ( 2)  0.998 +-  0.036
  85 R   1.00000 0.00000 0.00000 ( 1)  0.050 +-  0.004
  86 K   0.48880 0.51120 0.00000 ( 2)  0.536 +-  0.475
  87 Y   0.87281 0.12718 0.00001 ( 1)  0.171 +-  0.317
  88 H   1.00000 0.00000 0.00000 ( 1)  0.050 +-  0.004

Positively selected sites

	Prob(w>1)  mean w

     1 A      1.000**       2.500 +- 0.000
     2 L      1.000**       2.500 +- 0.000
     3 P      1.000**       2.500 +- 0.015
     4 A      0.947         2.421 +- 0.336
    35 -      0.998**       2.498 +- 0.060
    38 M      1.000**       2.500 +- 0.000
    79 L      1.000**       2.500 +- 0.014
