# Extracted from OG0003711_00.rst: BEB section

Bayes Empirical Bayes (BEB) probabilities for 3 classes (class) & postmean_w
(amino acids refer to 1st sequence: Acchl)

   1 M   0.99999 0.00001 0.00000 ( 1)  0.150 +-  0.003
   2 A   0.00000 1.00000 0.00000 ( 2)  1.000 +-  0.001
   3 L   0.00000 0.99722 0.00278 ( 2)  1.004 +-  0.079
   4 T   0.00000 1.00000 0.00000 ( 2)  1.000 +-  0.001
   5 S   0.00000 0.00989 0.99011 ( 3)  2.485 +-  0.148
   6 T   0.00000 0.99998 0.00002 ( 2)  1.000 +-  0.007
   7 L   0.00033 0.99966 0.00001 ( 2)  1.000 +-  0.016
   8 L   0.00327 0.99654 0.00020 ( 2)  0.998 +-  0.053
   9 H   0.00000 1.00000 0.00000 ( 2)  1.000 +-  0.001
  10 S   0.00000 0.99997 0.00003 ( 2)  1.000 +-  0.008
  11 A   0.00000 1.00000 0.00000 ( 2)  1.000 +-  0.000
  12 S   0.00000 1.00000 0.00000 ( 2)  1.000 +-  0.001
  13 L   0.00000 0.99996 0.00004 ( 2)  1.000 +-  0.009
  14 C   0.00000 0.03850 0.96150 ( 3)  2.442 +-  0.289
  15 G   0.00000 1.00000 0.00000 ( 2)  1.000 +-  0.000
  16 G   0.00010 0.99990 0.00000 ( 2)  1.000 +-  0.009
  17 C   1.00000 0.00000 0.00000 ( 1)  0.150 +-  0.000
  18 C   0.00608 0.99392 0.00000 ( 2)  0.995 +-  0.066
  19 R   0.99963 0.00037 0.00000 ( 1)  0.150 +-  0.016
  20 H   0.99997 0.00003 0.00000 ( 1)  0.150 +-  0.005
  21 R   0.00000 0.84797 0.15203 ( 2)  1.228 +-  0.539
  22 V   0.00000 1.00000 0.00000 ( 2)  1.000 +-  0.000
  23 L   0.00165 0.99834 0.00001 ( 2)  0.999 +-  0.035
  24 H   0.00000 1.00000 0.00000 ( 2)  1.000 +-  0.000
  25 P   0.00298 0.99702 0.00000 ( 2)  0.997 +-  0.046
  26 L   0.00000 1.00000 0.00000 ( 2)  1.000 +-  0.001
  27 P   0.00000 1.00000 0.00000 ( 2)  1.000 +-  0.001
  28 S   0.00000 0.99990 0.00010 ( 2)  1.000 +-  0.015
  29 N   0.00000 0.99685 0.00315 ( 2)  1.005 +-  0.084
  30 S   0.99903 0.00097 0.00000 ( 1)  0.151 +-  0.026
  31 K   0.95593 0.04407 0.00000 ( 1)  0.187 +-  0.174
  32 L   0.00000 0.99916 0.00084 ( 2)  1.001 +-  0.043
  33 Y   0.13559 0.86441 0.00000 ( 2)  0.885 +-  0.291
  34 S   1.00000 0.00000 0.00000 ( 1)  0.150 +-  0.000
  35 S   1.00000 0.00000 0.00000 ( 1)  0.150 +-  0.000
  36 Y   1.00000 0.00000 0.00000 ( 1)  0.150 +-  0.000
  37 R   1.00000 0.00000 0.00000 ( 1)  0.150 +-  0.000
  38 R   1.00000 0.00000 0.00000 ( 1)  0.150 +-  0.000
  39 P   1.00000 0.00000 0.00000 ( 1)  0.150 +-  0.000
  40 G   1.00000 0.00000 0.00000 ( 1)  0.150 +-  0.000
  41 A   1.00000 0.00000 0.00000 ( 1)  0.150 +-  0.000
  42 E   0.00000 1.00000 0.00000 ( 2)  1.000 +-  0.002
  43 P   1.00000 0.00000 0.00000 ( 1)  0.150 +-  0.000
  44 K   0.93660 0.06340 0.00000 ( 1)  0.204 +-  0.207
  45 K   0.99993 0.00007 0.00000 ( 1)  0.150 +-  0.007
  46 K   0.89842 0.10158 0.00000 ( 1)  0.236 +-  0.257
  47 P   0.00000 0.00000 1.00000 ( 3)  2.500 +-  0.000
  48 S   0.16435 0.83565 0.00000 ( 2)  0.860 +-  0.315
  49 W   0.98765 0.01235 0.00000 ( 1)  0.161 +-  0.094
  50 K   0.00000 1.00000 0.00000 ( 2)  1.000 +-  0.002
  51 D   0.00019 0.99981 0.00000 ( 2)  1.000 +-  0.012
  52 A   0.00000 0.01308 0.98692 ( 3)  2.480 +-  0.170
  53 D   1.00000 0.00000 0.00000 ( 1)  0.150 +-  0.000
  54 F   0.76153 0.23847 0.00000 ( 1)  0.353 +-  0.362
  55 S   1.00000 0.00000 0.00000 ( 1)  0.150 +-  0.000
  56 F   0.00169 0.99831 0.00000 ( 2)  0.999 +-  0.035
  57 K   0.99999 0.00001 0.00000 ( 1)  0.150 +-  0.002
  58 K   1.00000 0.00000 0.00000 ( 1)  0.150 +-  0.001
  59 C   0.00000 0.99994 0.00006 ( 2)  1.000 +-  0.012
  60 I   0.00000 0.99999 0.00001 ( 2)  1.000 +-  0.005
  61 D   0.00009 0.99991 0.00000 ( 2)  1.000 +-  0.008
  62 V   0.00000 1.00000 0.00000 ( 2)  1.000 +-  0.002
  63 F   0.99999 0.00001 0.00000 ( 1)  0.150 +-  0.002
  64 K   1.00000 0.00000 0.00000 ( 1)  0.150 +-  0.000
  65 T   1.00000 0.00000 0.00000 ( 1)  0.150 +-  0.000
  66 Q   0.99207 0.00793 0.00000 ( 1)  0.157 +-  0.075
  67 L   1.00000 0.00000 0.00000 ( 1)  0.150 +-  0.000
  68 S   0.00000 1.00000 0.00000 ( 2)  1.000 +-  0.000
  69 L   0.00039 0.99961 0.00000 ( 2)  1.000 +-  0.017
  70 L   0.99994 0.00006 0.00000 ( 1)  0.150 +-  0.006
  71 K   0.89786 0.10214 0.00000 ( 1)  0.237 +-  0.257
  72 K   0.00000 1.00000 0.00000 ( 2)  1.000 +-  0.001
  73 E   1.00000 0.00000 0.00000 ( 1)  0.150 +-  0.000
  74 T   0.02575 0.97425 0.00000 ( 2)  0.978 +-  0.135
  75 R   0.00000 0.85208 0.14792 ( 2)  1.222 +-  0.533
  76 D   0.00000 1.00000 0.00000 ( 2)  1.000 +-  0.000
  77 H   0.00000 1.00000 0.00000 ( 2)  1.000 +-  0.000
  78 L   0.00000 0.99999 0.00001 ( 2)  1.000 +-  0.004
  79 V   0.00000 0.00000 1.00000 ( 3)  2.500 +-  0.000
  80 G   0.99965 0.00035 0.00000 ( 1)  0.150 +-  0.016
  81 P   0.94717 0.05283 0.00000 ( 1)  0.195 +-  0.190
  82 E   0.00000 0.99368 0.00632 ( 2)  1.009 +-  0.119
  83 G   1.00000 0.00000 0.00000 ( 1)  0.150 +-  0.000
  84 Y   0.00000 0.82055 0.17945 ( 2)  1.269 +-  0.576
  85 P   0.00000 1.00000 0.00000 ( 2)  1.000 +-  0.001
  86 L   0.00000 0.00808 0.99192 ( 3)  2.488 +-  0.134
  87 S   0.00000 0.00000 1.00000 ( 3)  2.500 +-  0.001
  88 Q   0.00000 0.00181 0.99819 ( 3)  2.497 +-  0.064
  89 Y   0.00000 1.00000 0.00000 ( 2)  1.000 +-  0.001
  90 L   0.00000 0.00000 1.00000 ( 3)  2.500 +-  0.000
  91 L   0.77808 0.22192 0.00000 ( 1)  0.339 +-  0.353
  92 E   1.00000 0.00000 0.00000 ( 1)  0.150 +-  0.000
  93 Q   1.00000 0.00000 0.00000 ( 1)  0.150 +-  0.000
  94 T   1.00000 0.00000 0.00000 ( 1)  0.150 +-  0.000
  95 R   0.00000 1.00000 0.00000 ( 2)  1.000 +-  0.000
  96 V   1.00000 0.00000 0.00000 ( 1)  0.150 +-  0.000
  97 L   0.00000 0.99045 0.00955 ( 2)  1.014 +-  0.146
  98 W   0.99977 0.00023 0.00000 ( 1)  0.150 +-  0.013
  99 Q   0.33181 0.66819 0.00000 ( 2)  0.718 +-  0.400
 100 F   1.00000 0.00000 0.00000 ( 1)  0.150 +-  0.000
 101 R   1.00000 0.00000 0.00000 ( 1)  0.150 +-  0.000
 102 S   0.99995 0.00005 0.00000 ( 1)  0.150 +-  0.006
 103 Q   1.00000 0.00000 0.00000 ( 1)  0.150 +-  0.000
 104 E   1.00000 0.00000 0.00000 ( 1)  0.150 +-  0.000
 105 D   1.00000 0.00000 0.00000 ( 1)  0.150 +-  0.000
 106 L   0.99999 0.00001 0.00000 ( 1)  0.150 +-  0.002
 107 N   1.00000 0.00000 0.00000 ( 1)  0.150 +-  0.002
 108 K   0.99955 0.00045 0.00000 ( 1)  0.150 +-  0.018
 109 W   0.99999 0.00001 0.00000 ( 1)  0.150 +-  0.002
 110 I   1.00000 0.00000 0.00000 ( 1)  0.150 +-  0.000
 111 I   0.18397 0.81603 0.00000 ( 2)  0.844 +-  0.329
 112 S   1.00000 0.00000 0.00000 ( 1)  0.150 +-  0.000
 113 S   1.00000 0.00000 0.00000 ( 1)  0.150 +-  0.000
 114 D   1.00000 0.00000 0.00000 ( 1)  0.150 +-  0.000
 115 V   0.00019 0.99981 0.00000 ( 2)  1.000 +-  0.012
 116 E   1.00000 0.00000 0.00000 ( 1)  0.150 +-  0.000
 117 I   0.99999 0.00001 0.00000 ( 1)  0.150 +-  0.003
 118 G   1.00000 0.00000 0.00000 ( 1)  0.150 +-  0.001
 119 G   1.00000 0.00000 0.00000 ( 1)  0.150 +-  0.000
 120 K   1.00000 0.00000 0.00000 ( 1)  0.150 +-  0.000
 121 S   1.00000 0.00000 0.00000 ( 1)  0.150 +-  0.000
 122 E   0.32379 0.67621 0.00000 ( 2)  0.725 +-  0.398
 123 V   1.00000 0.00000 0.00000 ( 1)  0.150 +-  0.000
 124 Y   0.00000 1.00000 0.00000 ( 2)  1.000 +-  0.002
 125 L   0.99999 0.00001 0.00000 ( 1)  0.150 +-  0.003
 126 K   0.99998 0.00002 0.00000 ( 1)  0.150 +-  0.004
 127 L   0.99435 0.00565 0.00000 ( 1)  0.155 +-  0.064
 128 G   1.00000 0.00000 0.00000 ( 1)  0.150 +-  0.000
 129 R   1.00000 0.00000 0.00000 ( 1)  0.150 +-  0.000
 130 N   1.00000 0.00000 0.00000 ( 1)  0.150 +-  0.000
 131 N   1.00000 0.00000 0.00000 ( 1)  0.150 +-  0.001
 132 Q   1.00000 0.00000 0.00000 ( 1)  0.150 +-  0.000
 133 A   0.00111 0.99889 0.00000 ( 2)  0.999 +-  0.028
 134 A   1.00000 0.00000 0.00000 ( 1)  0.150 +-  0.000
 135 L   0.00000 0.99150 0.00850 ( 2)  1.013 +-  0.138
 136 L   0.99999 0.00001 0.00000 ( 1)  0.150 +-  0.002
 137 Y   1.00000 0.00000 0.00000 ( 1)  0.150 +-  0.001
 138 G   1.00000 0.00000 0.00000 ( 1)  0.150 +-  0.000
 139 T   0.03808 0.96192 0.00000 ( 2)  0.968 +-  0.163
 140 L   0.99979 0.00021 0.00000 ( 1)  0.150 +-  0.012
 141 N   1.00000 0.00000 0.00000 ( 1)  0.150 +-  0.000
 142 T   1.00000 0.00000 0.00000 ( 1)  0.150 +-  0.000
 143 E   1.00000 0.00000 0.00000 ( 1)  0.150 +-  0.000
 144 V   0.00427 0.99573 0.00000 ( 2)  0.996 +-  0.055
 145 P   1.00000 0.00000 0.00000 ( 1)  0.150 +-  0.000
 146 R   1.00000 0.00000 0.00000 ( 1)  0.150 +-  0.000
 147 D   1.00000 0.00000 0.00000 ( 1)  0.150 +-  0.000
 148 G   1.00000 0.00000 0.00000 ( 1)  0.150 +-  0.000
 149 E   1.00000 0.00000 0.00000 ( 1)  0.150 +-  0.000
 150 T   1.00000 0.00000 0.00000 ( 1)  0.150 +-  0.000
 151 K   0.01236 0.98764 0.00000 ( 2)  0.989 +-  0.094
 152 Y   1.00000 0.00000 0.00000 ( 1)  0.150 +-  0.000
 153 S   1.00000 0.00000 0.00000 ( 1)  0.150 +-  0.000
 154 G   1.00000 0.00000 0.00000 ( 1)  0.150 +-  0.000
 155 Y   1.00000 0.00000 0.00000 ( 1)  0.150 +-  0.000
 156 C   1.00000 0.00000 0.00000 ( 1)  0.150 +-  0.000
 157 S   1.00000 0.00000 0.00000 ( 1)  0.150 +-  0.001
 158 M   1.00000 0.00000 0.00000 ( 1)  0.150 +-  0.000
 159 R   1.00000 0.00000 0.00000 ( 1)  0.150 +-  0.000
 160 A   0.98057 0.01943 0.00000 ( 1)  0.167 +-  0.117
 161 K   0.10084 0.89916 0.00000 ( 2)  0.914 +-  0.256
 162 P   0.99999 0.00001 0.00000 ( 1)  0.150 +-  0.003
 163 P   0.00000 0.99820 0.00180 ( 2)  1.003 +-  0.064
 164 V   0.00000 1.00000 0.00000 ( 2)  1.000 +-  0.000
 165 G   1.00000 0.00000 0.00000 ( 1)  0.150 +-  0.002
 166 S   1.00000 0.00000 0.00000 ( 1)  0.150 +-  0.000
 167 F   1.00000 0.00000 0.00000 ( 1)  0.150 +-  0.000
 168 A   0.00062 0.99938 0.00000 ( 2)  0.999 +-  0.021
 169 R   1.00000 0.00000 0.00000 ( 1)  0.150 +-  0.000
 170 K   0.99335 0.00665 0.00000 ( 1)  0.156 +-  0.069
 171 K   0.99964 0.00036 0.00000 ( 1)  0.150 +-  0.016
 172 Y   0.40718 0.59282 0.00000 ( 2)  0.654 +-  0.418
 173 Y   0.99629 0.00371 0.00000 ( 1)  0.153 +-  0.052
 174 D   1.00000 0.00000 0.00000 ( 1)  0.150 +-  0.000
 175 W   0.99851 0.00149 0.00000 ( 1)  0.151 +-  0.033
 176 S   1.00000 0.00000 0.00000 ( 1)  0.150 +-  0.000
 177 N   0.99953 0.00047 0.00000 ( 1)  0.150 +-  0.018
 178 F   1.00000 0.00000 0.00000 ( 1)  0.150 +-  0.000
 179 N   1.00000 0.00000 0.00000 ( 1)  0.150 +-  0.000
 180 S   0.00000 1.00000 0.00000 ( 2)  1.000 +-  0.000
 181 L   0.99972 0.00028 0.00000 ( 1)  0.150 +-  0.014
 182 Y   0.99999 0.00001 0.00000 ( 1)  0.150 +-  0.002
 183 L   0.99937 0.00063 0.00000 ( 1)  0.151 +-  0.021
 184 R   1.00000 0.00000 0.00000 ( 1)  0.150 +-  0.000
 185 V   1.00000 0.00000 0.00000 ( 1)  0.150 +-  0.000
 186 R   1.00000 0.00000 0.00000 ( 1)  0.150 +-  0.000
 187 G   1.00000 0.00000 0.00000 ( 1)  0.150 +-  0.000
 188 D   1.00000 0.00000 0.00000 ( 1)  0.150 +-  0.000
 189 G   1.00000 0.00000 0.00000 ( 1)  0.150 +-  0.000
 190 R   1.00000 0.00000 0.00000 ( 1)  0.150 +-  0.000
 191 P   0.91016 0.08984 0.00000 ( 1)  0.226 +-  0.243
 192 W   0.98379 0.01621 0.00000 ( 1)  0.164 +-  0.107
 193 M   1.00000 0.00000 0.00000 ( 1)  0.150 +-  0.000
 194 V   0.98239 0.01761 0.00000 ( 1)  0.165 +-  0.112
 195 N   1.00000 0.00000 0.00000 ( 1)  0.150 +-  0.000
 196 I   0.99992 0.00008 0.00000 ( 1)  0.150 +-  0.008
 197 Y   0.99989 0.00011 0.00000 ( 1)  0.150 +-  0.009
 198 T   1.00000 0.00000 0.00000 ( 1)  0.150 +-  0.002
 199 D   1.00000 0.00000 0.00000 ( 1)  0.150 +-  0.000
 200 P   1.00000 0.00000 0.00000 ( 1)  0.150 +-  0.000
 201 Y   0.99993 0.00007 0.00000 ( 1)  0.150 +-  0.007
 202 F   1.00000 0.00000 0.00000 ( 1)  0.150 +-  0.000
 203 S   1.00000 0.00000 0.00000 ( 1)  0.150 +-  0.000
 204 H   1.00000 0.00000 0.00000 ( 1)  0.150 +-  0.000
 205 Q   0.93425 0.06575 0.00000 ( 1)  0.206 +-  0.211
 206 K   1.00000 0.00000 0.00000 ( 1)  0.150 +-  0.000
 207 D   1.00000 0.00000 0.00000 ( 1)  0.150 +-  0.000
 208 D   1.00000 0.00000 0.00000 ( 1)  0.150 +-  0.000
 209 L   1.00000 0.00000 0.00000 ( 1)  0.150 +-  0.000
 210 Y   1.00000 0.00000 0.00000 ( 1)  0.150 +-  0.000
 211 N   0.97999 0.02001 0.00000 ( 1)  0.167 +-  0.119
 212 Y   1.00000 0.00000 0.00000 ( 1)  0.150 +-  0.001
 213 F   1.00000 0.00000 0.00000 ( 1)  0.150 +-  0.000
 214 M   1.00000 0.00000 0.00000 ( 1)  0.150 +-  0.000
 215 F   1.00000 0.00000 0.00000 ( 1)  0.150 +-  0.000
 216 T   0.99999 0.00001 0.00000 ( 1)  0.150 +-  0.002
 217 R   1.00000 0.00000 0.00000 ( 1)  0.150 +-  0.000
 218 G   1.00000 0.00000 0.00000 ( 1)  0.150 +-  0.001
 219 G   1.00000 0.00000 0.00000 ( 1)  0.150 +-  0.000
 220 P   1.00000 0.00000 0.00000 ( 1)  0.150 +-  0.000
 221 Y   1.00000 0.00000 0.00000 ( 1)  0.150 +-  0.001
 222 W   0.99999 0.00001 0.00000 ( 1)  0.150 +-  0.002
 223 E   1.00000 0.00000 0.00000 ( 1)  0.150 +-  0.000
 224 E   1.00000 0.00000 0.00000 ( 1)  0.150 +-  0.000
 225 I   1.00000 0.00000 0.00000 ( 1)  0.150 +-  0.000
 226 K   0.32041 0.67959 0.00000 ( 2)  0.728 +-  0.397
 227 I   1.00000 0.00000 0.00000 ( 1)  0.150 +-  0.002
 228 P   1.00000 0.00000 0.00000 ( 1)  0.150 +-  0.000
 229 F   1.00000 0.00000 0.00000 ( 1)  0.150 +-  0.000
 230 S   1.00000 0.00000 0.00000 ( 1)  0.150 +-  0.000
 231 K   1.00000 0.00000 0.00000 ( 1)  0.150 +-  0.000
 232 F   1.00000 0.00000 0.00000 ( 1)  0.150 +-  0.000
 233 F   1.00000 0.00000 0.00000 ( 1)  0.150 +-  0.000
 234 I   0.00000 1.00000 0.00000 ( 2)  1.000 +-  0.001
 235 S   1.00000 0.00000 0.00000 ( 1)  0.150 +-  0.000
 236 S   1.00000 0.00000 0.00000 ( 1)  0.150 +-  0.000
 237 R   0.99004 0.00996 0.00000 ( 1)  0.158 +-  0.084
 238 G   1.00000 0.00000 0.00000 ( 1)  0.150 +-  0.000
 239 R   1.00000 0.00000 0.00000 ( 1)  0.150 +-  0.000
 240 V   0.99986 0.00014 0.00000 ( 1)  0.150 +-  0.010
 241 Q   1.00000 0.00000 0.00000 ( 1)  0.150 +-  0.000
 242 D   1.00000 0.00000 0.00000 ( 1)  0.150 +-  0.000
 243 N   0.00000 0.99982 0.00018 ( 2)  1.000 +-  0.020
 244 Q   1.00000 0.00000 0.00000 ( 1)  0.150 +-  0.000
 245 H   1.00000 0.00000 0.00000 ( 1)  0.150 +-  0.000
 246 P   1.00000 0.00000 0.00000 ( 1)  0.150 +-  0.000
 247 I   0.00000 1.00000 0.00000 ( 2)  1.000 +-  0.000
 248 W   0.87142 0.12858 0.00000 ( 1)  0.259 +-  0.285
 249 L   1.00000 0.00000 0.00000 ( 1)  0.150 +-  0.001
 250 D   1.00000 0.00000 0.00000 ( 1)  0.150 +-  0.000
 251 K   1.00000 0.00000 0.00000 ( 1)  0.150 +-  0.000
 252 T   0.99966 0.00034 0.00000 ( 1)  0.150 +-  0.016
 253 L   1.00000 0.00000 0.00000 ( 1)  0.150 +-  0.000
 254 G   1.00000 0.00000 0.00000 ( 1)  0.150 +-  0.000
 255 F   1.00000 0.00000 0.00000 ( 1)  0.150 +-  0.001
 256 T   1.00000 0.00000 0.00000 ( 1)  0.150 +-  0.000
 257 I   1.00000 0.00000 0.00000 ( 1)  0.150 +-  0.000
 258 G   1.00000 0.00000 0.00000 ( 1)  0.150 +-  0.000
 259 D   1.00000 0.00000 0.00000 ( 1)  0.150 +-  0.000
 260 K   1.00000 0.00000 0.00000 ( 1)  0.150 +-  0.000
 261 V   0.02336 0.97664 0.00000 ( 2)  0.980 +-  0.128
 262 D   0.00295 0.99705 0.00000 ( 2)  0.997 +-  0.046
 263 G   1.00000 0.00000 0.00000 ( 1)  0.150 +-  0.000
 264 P   1.00000 0.00000 0.00000 ( 1)  0.150 +-  0.000
 265 F   1.00000 0.00000 0.00000 ( 1)  0.150 +-  0.000
 266 Q   1.00000 0.00000 0.00000 ( 1)  0.150 +-  0.000
 267 L   0.99992 0.00008 0.00000 ( 1)  0.150 +-  0.008
 268 E   1.00000 0.00000 0.00000 ( 1)  0.150 +-  0.000
 269 I   1.00000 0.00000 0.00000 ( 1)  0.150 +-  0.000
 270 D   1.00000 0.00000 0.00000 ( 1)  0.150 +-  0.000
 271 F   1.00000 0.00000 0.00000 ( 1)  0.150 +-  0.000
 272 I   1.00000 0.00000 0.00000 ( 1)  0.150 +-  0.000
 273 G   1.00000 0.00000 0.00000 ( 1)  0.150 +-  0.000
 274 L   0.99851 0.00149 0.00000 ( 1)  0.151 +-  0.033
 275 L   0.98458 0.01542 0.00000 ( 1)  0.163 +-  0.105
 276 N   0.99999 0.00001 0.00000 ( 1)  0.150 +-  0.002
 277 D   1.00000 0.00000 0.00000 ( 1)  0.150 +-  0.000
 278 R   1.00000 0.00000 0.00000 ( 1)  0.150 +-  0.000
 279 A   1.00000 0.00000 0.00000 ( 1)  0.150 +-  0.000
 280 H   1.00000 0.00000 0.00000 ( 1)  0.150 +-  0.000
 281 T   0.00000 1.00000 0.00000 ( 2)  1.000 +-  0.000
 282 E   1.00000 0.00000 0.00000 ( 1)  0.150 +-  0.000
 283 E   1.00000 0.00000 0.00000 ( 1)  0.150 +-  0.000
 284 F   1.00000 0.00000 0.00000 ( 1)  0.150 +-  0.000
 285 A   1.00000 0.00000 0.00000 ( 1)  0.150 +-  0.000
 286 Y   1.00000 0.00000 0.00000 ( 1)  0.150 +-  0.000
 287 E   1.00000 0.00000 0.00000 ( 1)  0.150 +-  0.000
 288 T   0.00000 0.00000 1.00000 ( 3)  2.500 +-  0.000
 289 Y   1.00000 0.00000 0.00000 ( 1)  0.150 +-  0.001
 290 D   0.99787 0.00213 0.00000 ( 1)  0.152 +-  0.039
 291 K   0.98632 0.01368 0.00000 ( 1)  0.162 +-  0.099
 292 N   1.00000 0.00000 0.00000 ( 1)  0.150 +-  0.000
 293 T   0.97791 0.02209 0.00000 ( 1)  0.169 +-  0.125
 294 P   0.00000 0.87692 0.12308 ( 2)  1.185 +-  0.493
 295 V   0.00000 1.00000 0.00000 ( 2)  1.000 +-  0.001

Positively selected sites

	Prob(w>1)  mean w

     5 S      0.990**       2.485 +- 0.148
    14 C      0.961*        2.442 +- 0.289
    47 P      1.000**       2.500 +- 0.000
    52 A      0.987*        2.480 +- 0.170
    79 V      1.000**       2.500 +- 0.000
    86 L      0.992**       2.488 +- 0.134
    87 S      1.000**       2.500 +- 0.001
    88 Q      0.998**       2.497 +- 0.064
    90 L      1.000**       2.500 +- 0.000
   288 T      1.000**       2.500 +- 0.000
