   1 M   1.00000 0.00000 ( 1)  0.011
   2 V   1.00000 0.00000 ( 1)  0.011
   3 L   1.00000 0.00000 ( 1)  0.011
   4 D   1.00000 0.00000 ( 1)  0.011
   5 A   1.00000 0.00000 ( 1)  0.011
   6 L   1.00000 0.00000 ( 1)  0.011
   7 I   1.00000 0.00000 ( 1)  0.011
   8 K   1.00000 0.00000 ( 1)  0.011
   9 I   1.00000 0.00000 ( 1)  0.011
  10 K   1.00000 0.00000 ( 1)  0.011
  11 N   1.00000 0.00000 ( 1)  0.011
  12 E   1.00000 0.00000 ( 1)  0.011
  13 L   0.00000 1.00000 ( 2)  1.000
  14 D   1.00000 0.00000 ( 1)  0.011
  15 S   1.00000 0.00000 ( 1)  0.011
  16 T   1.00000 0.00000 ( 1)  0.011
  17 L   1.00000 0.00000 ( 1)  0.011
  18 T   1.00000 0.00000 ( 1)  0.011
  19 F   1.00000 0.00000 ( 1)  0.011
  20 R   1.00000 0.00000 ( 1)  0.011
  21 R   1.00000 0.00000 ( 1)  0.011
  22 S   1.00000 0.00000 ( 1)  0.011
  23 C   1.00000 0.00000 ( 1)  0.011
  24 R   1.00000 0.00000 ( 1)  0.011
  25 E   1.00000 0.00000 ( 1)  0.011
  26 G   1.00000 0.00000 ( 1)  0.011
  27 I   1.00000 0.00000 ( 1)  0.011
  28 C   1.00000 0.00000 ( 1)  0.011
  29 G   1.00000 0.00000 ( 1)  0.011
  30 S   1.00000 0.00000 ( 1)  0.011
  31 C   1.00000 0.00000 ( 1)  0.011
  32 A   1.00000 0.00000 ( 1)  0.011
  33 M   1.00000 0.00000 ( 1)  0.011
  34 N   1.00000 0.00000 ( 1)  0.011
  35 I   1.00000 0.00000 ( 1)  0.011
  36 A   0.99979 0.00021 ( 1)  0.011
  37 G   1.00000 0.00000 ( 1)  0.011
  38 G   1.00000 0.00000 ( 1)  0.011
  39 N   1.00000 0.00000 ( 1)  0.011
  40 T   1.00000 0.00000 ( 1)  0.011
  41 L   0.99999 0.00001 ( 1)  0.011
  42 A   1.00000 0.00000 ( 1)  0.011
  43 C   1.00000 0.00000 ( 1)  0.011
  44 I   0.99970 0.00030 ( 1)  0.011
  45 K   0.99820 0.00180 ( 1)  0.013
  46 K   0.00000 1.00000 ( 2)  1.000
  47 I   1.00000 0.00000 ( 1)  0.011
  48 D   1.00000 0.00000 ( 1)  0.011
  49 T   0.00000 1.00000 ( 2)  1.000
  50 D   1.00000 0.00000 ( 1)  0.011
  51 V   0.98256 0.01744 ( 1)  0.028
  52 N   0.00000 1.00000 ( 2)  1.000
  53 K   1.00000 0.00000 ( 1)  0.011
  54 V   0.00000 1.00000 ( 2)  1.000
  55 T   1.00000 0.00000 ( 1)  0.011
  56 K   1.00000 0.00000 ( 1)  0.011
  57 I   1.00000 0.00000 ( 1)  0.011
  58 Y   1.00000 0.00000 ( 1)  0.011
  59 P   1.00000 0.00000 ( 1)  0.011
  60 L   1.00000 0.00000 ( 1)  0.011
  61 P   1.00000 0.00000 ( 1)  0.011
  62 H   1.00000 0.00000 ( 1)  0.011
  63 M   1.00000 0.00000 ( 1)  0.011
  64 Y   1.00000 0.00000 ( 1)  0.011
  65 V   1.00000 0.00000 ( 1)  0.011
  66 V   1.00000 0.00000 ( 1)  0.011
  67 K   1.00000 0.00000 ( 1)  0.011
  68 D   1.00000 0.00000 ( 1)  0.011
  69 L   1.00000 0.00000 ( 1)  0.011
  70 V   1.00000 0.00000 ( 1)  0.011
  71 P   1.00000 0.00000 ( 1)  0.011
  72 D   1.00000 0.00000 ( 1)  0.011
  73 L   0.99998 0.00002 ( 1)  0.011
  74 S   1.00000 0.00000 ( 1)  0.011
  75 N   1.00000 0.00000 ( 1)  0.011
  76 F   1.00000 0.00000 ( 1)  0.011
  77 Y   1.00000 0.00000 ( 1)  0.011
  78 A   1.00000 0.00000 ( 1)  0.011
  79 Q   1.00000 0.00000 ( 1)  0.011
  80 Y   1.00000 0.00000 ( 1)  0.011
  81 K   1.00000 0.00000 ( 1)  0.011
  82 S   1.00000 0.00000 ( 1)  0.011
  83 I   1.00000 0.00000 ( 1)  0.011
  84 E   1.00000 0.00000 ( 1)  0.011
  85 P   1.00000 0.00000 ( 1)  0.011
  86 Y   1.00000 0.00000 ( 1)  0.011
  87 L   0.99999 0.00001 ( 1)  0.011
  88 K   1.00000 0.00000 ( 1)  0.011
  89 K   1.00000 0.00000 ( 1)  0.011
  90 K   1.00000 0.00000 ( 1)  0.011
  91 D   1.00000 0.00000 ( 1)  0.011
  92 G   1.00000 0.00000 ( 1)  0.011
  93 S   1.00000 0.00000 ( 1)  0.011
  94 K   0.00000 1.00000 ( 2)  1.000
  95 E   0.99527 0.00473 ( 1)  0.016
  96 G   1.00000 0.00000 ( 1)  0.011
  97 K   1.00000 0.00000 ( 1)  0.011
  98 Q   0.00000 1.00000 ( 2)  1.000
  99 Q   1.00000 0.00000 ( 1)  0.011
 100 Y   1.00000 0.00000 ( 1)  0.011
 101 L   0.99999 0.00001 ( 1)  0.011
 102 Q   1.00000 0.00000 ( 1)  0.011
 103 S   1.00000 0.00000 ( 1)  0.011
 104 I   1.00000 0.00000 ( 1)  0.011
 105 E   1.00000 0.00000 ( 1)  0.011
 106 D   1.00000 0.00000 ( 1)  0.011
 107 R   1.00000 0.00000 ( 1)  0.011
 108 Q   1.00000 0.00000 ( 1)  0.011
 109 K   1.00000 0.00000 ( 1)  0.011
 110 L   0.99999 0.00001 ( 1)  0.011
 111 D   1.00000 0.00000 ( 1)  0.011
 112 G   1.00000 0.00000 ( 1)  0.011
 113 L   1.00000 0.00000 ( 1)  0.011
 114 Y   1.00000 0.00000 ( 1)  0.011
 115 E   1.00000 0.00000 ( 1)  0.011
 116 C   1.00000 0.00000 ( 1)  0.011
 117 I   1.00000 0.00000 ( 1)  0.011
 118 L   1.00000 0.00000 ( 1)  0.011
 119 C   1.00000 0.00000 ( 1)  0.011
 120 A   1.00000 0.00000 ( 1)  0.011
 121 C   1.00000 0.00000 ( 1)  0.011
 122 C   1.00000 0.00000 ( 1)  0.011
 123 S   1.00000 0.00000 ( 1)  0.011
 124 T   1.00000 0.00000 ( 1)  0.011
 125 S   1.00000 0.00000 ( 1)  0.011
 126 C   1.00000 0.00000 ( 1)  0.011
 127 P   1.00000 0.00000 ( 1)  0.011
 128 S   1.00000 0.00000 ( 1)  0.011
 129 Y   1.00000 0.00000 ( 1)  0.011
 130 W   1.00000 0.00000 ( 1)  0.011
 131 W   1.00000 0.00000 ( 1)  0.011
 132 N   1.00000 0.00000 ( 1)  0.011
 133 G   1.00000 0.00000 ( 1)  0.011
 134 D   1.00000 0.00000 ( 1)  0.011
 135 K   1.00000 0.00000 ( 1)  0.011
 136 Y   1.00000 0.00000 ( 1)  0.011
 137 L   1.00000 0.00000 ( 1)  0.011
 138 G   1.00000 0.00000 ( 1)  0.011
 139 P   1.00000 0.00000 ( 1)  0.011
 140 A   1.00000 0.00000 ( 1)  0.011
 141 V   1.00000 0.00000 ( 1)  0.011
 142 L   1.00000 0.00000 ( 1)  0.011
 143 M   1.00000 0.00000 ( 1)  0.011
 144 Q   1.00000 0.00000 ( 1)  0.011
 145 A   1.00000 0.00000 ( 1)  0.011
 146 Y   1.00000 0.00000 ( 1)  0.011
 147 R   1.00000 0.00000 ( 1)  0.011
 148 W   1.00000 0.00000 ( 1)  0.011
 149 M   1.00000 0.00000 ( 1)  0.011
 150 I   1.00000 0.00000 ( 1)  0.011
 151 D   1.00000 0.00000 ( 1)  0.011
 152 S   1.00000 0.00000 ( 1)  0.011
 153 R   1.00000 0.00000 ( 1)  0.011
 154 D   1.00000 0.00000 ( 1)  0.011
 155 D   1.00000 0.00000 ( 1)  0.011
 156 Y   0.00001 0.99999 ( 2)  1.000
 157 T   1.00000 0.00000 ( 1)  0.011
 158 E   1.00000 0.00000 ( 1)  0.011
 159 E   1.00000 0.00000 ( 1)  0.011
 160 R   1.00000 0.00000 ( 1)  0.011
 161 L   0.99999 0.00001 ( 1)  0.011
 162 A   1.00000 0.00000 ( 1)  0.011
 163 Q   1.00000 0.00000 ( 1)  0.011
 164 L   1.00000 0.00000 ( 1)  0.011
 165 Q   1.00000 0.00000 ( 1)  0.011
 166 D   1.00000 0.00000 ( 1)  0.011
 167 P   1.00000 0.00000 ( 1)  0.011
 168 F   1.00000 0.00000 ( 1)  0.011
 169 S   1.00000 0.00000 ( 1)  0.011
 170 L   1.00000 0.00000 ( 1)  0.011
 171 Y   1.00000 0.00000 ( 1)  0.011
 172 R   1.00000 0.00000 ( 1)  0.011
 173 C   1.00000 0.00000 ( 1)  0.011
 174 H   1.00000 0.00000 ( 1)  0.011
 175 T   1.00000 0.00000 ( 1)  0.011
 176 I   1.00000 0.00000 ( 1)  0.011
 177 M   1.00000 0.00000 ( 1)  0.011
 178 N   1.00000 0.00000 ( 1)  0.011
 179 C   1.00000 0.00000 ( 1)  0.011
 180 T   1.00000 0.00000 ( 1)  0.011
 181 R   1.00000 0.00000 ( 1)  0.011
 182 T   1.00000 0.00000 ( 1)  0.011
 183 C   1.00000 0.00000 ( 1)  0.011
 184 P   1.00000 0.00000 ( 1)  0.011
 185 K   1.00000 0.00000 ( 1)  0.011
 186 G   1.00000 0.00000 ( 1)  0.011
 187 L   1.00000 0.00000 ( 1)  0.011
 188 N   1.00000 0.00000 ( 1)  0.011
 189 P   1.00000 0.00000 ( 1)  0.011
 190 G   1.00000 0.00000 ( 1)  0.011
 191 K   1.00000 0.00000 ( 1)  0.011
 192 A   1.00000 0.00000 ( 1)  0.011
 193 I   1.00000 0.00000 ( 1)  0.011
 194 A   1.00000 0.00000 ( 1)  0.011
 195 E   1.00000 0.00000 ( 1)  0.011
 196 I   1.00000 0.00000 ( 1)  0.011
 197 K   1.00000 0.00000 ( 1)  0.011
 198 K   1.00000 0.00000 ( 1)  0.011
 199 M   1.00000 0.00000 ( 1)  0.011
 200 M   1.00000 0.00000 ( 1)  0.011
 201 A   1.00000 0.00000 ( 1)  0.011
 202 T   1.00000 0.00000 ( 1)  0.011
 203 Y   1.00000 0.00000 ( 1)  0.011
 204 K   0.99085 0.00915 ( 1)  0.020
 205 Q   0.13418 0.86582 ( 2)  0.867
 206 K   1.00000 0.00000 ( 1)  0.011
 207 A   0.12046 0.87954 ( 2)  0.881
 208 T   0.00000 1.00000 ( 2)  1.000
 209 A   0.00000 1.00000 ( 2)  1.000
 210 A   0.99995 0.00005 ( 1)  0.011

