   1 F   1.00000 0.00000 ( 1)  0.022
   2 M   1.00000 0.00000 ( 1)  0.022
   3 E   1.00000 0.00000 ( 1)  0.022
   4 R   1.00000 0.00000 ( 1)  0.022
   5 Y   1.00000 0.00000 ( 1)  0.022
   6 A   1.00000 0.00000 ( 1)  0.022
   7 P   1.00000 0.00000 ( 1)  0.022
   8 V   1.00000 0.00000 ( 1)  0.022
   9 A   1.00000 0.00000 ( 1)  0.022
  10 K   1.00000 0.00000 ( 1)  0.022
  11 D   1.00000 0.00000 ( 1)  0.022
  12 L   1.00000 0.00000 ( 1)  0.022
  13 A   1.00000 0.00000 ( 1)  0.022
  14 S   1.00000 0.00000 ( 1)  0.022
  15 R   1.00000 0.00000 ( 1)  0.022
  16 D   1.00000 0.00000 ( 1)  0.022
  17 V   1.00000 0.00000 ( 1)  0.022
  18 V   1.00000 0.00000 ( 1)  0.022
  19 S   1.00000 0.00000 ( 1)  0.022
  20 R   1.00000 0.00000 ( 1)  0.022
  21 S   1.00000 0.00000 ( 1)  0.022
  22 M   1.00000 0.00000 ( 1)  0.022
  23 T   1.00000 0.00000 ( 1)  0.022
  24 I   1.00000 0.00000 ( 1)  0.022
  25 E   1.00000 0.00000 ( 1)  0.022
  26 I   1.00000 0.00000 ( 1)  0.022
  27 R   1.00000 0.00000 ( 1)  0.022
  28 E   1.00000 0.00000 ( 1)  0.022
  29 G   1.00000 0.00000 ( 1)  0.022
  30 R   1.00000 0.00000 ( 1)  0.022
  31 G   1.00000 0.00000 ( 1)  0.022
  32 C   1.00000 0.00000 ( 1)  0.022
  33 G   1.00000 0.00000 ( 1)  0.022
  34 P   1.00000 0.00000 ( 1)  0.022
  35 E   1.00000 0.00000 ( 1)  0.022
  36 K   1.00000 0.00000 ( 1)  0.022
  37 D   1.00000 0.00000 ( 1)  0.022
  38 H   1.00000 0.00000 ( 1)  0.022
  39 V   1.00000 0.00000 ( 1)  0.022
  40 F   1.00000 0.00000 ( 1)  0.022
  41 L   1.00000 0.00000 ( 1)  0.022
  42 Q   1.00000 0.00000 ( 1)  0.022
  43 L   1.00000 0.00000 ( 1)  0.022
  44 H   1.00000 0.00000 ( 1)  0.022
  45 H   1.00000 0.00000 ( 1)  0.022
  46 L   1.00000 0.00000 ( 1)  0.022
  47 P   1.00000 0.00000 ( 1)  0.022
  48 P   1.00000 0.00000 ( 1)  0.022
  49 Q   1.00000 0.00000 ( 1)  0.022
  50 Q   1.00000 0.00000 ( 1)  0.022
  51 L   1.00000 0.00000 ( 1)  0.022
  52 A   1.00000 0.00000 ( 1)  0.022
  53 T   1.00000 0.00000 ( 1)  0.022
  54 R   1.00000 0.00000 ( 1)  0.022
  55 L   1.00000 0.00000 ( 1)  0.022
  56 P   1.00000 0.00000 ( 1)  0.022
  57 G   1.00000 0.00000 ( 1)  0.022
  58 I   1.00000 0.00000 ( 1)  0.022
  59 S   1.00000 0.00000 ( 1)  0.022
  60 E   1.00000 0.00000 ( 1)  0.022
  61 T   1.00000 0.00000 ( 1)  0.022
  62 A   1.00000 0.00000 ( 1)  0.022
  63 M   1.00000 0.00000 ( 1)  0.022
  64 I   1.00000 0.00000 ( 1)  0.022
  65 F   1.00000 0.00000 ( 1)  0.022
  66 A   1.00000 0.00000 ( 1)  0.022
  67 G   1.00000 0.00000 ( 1)  0.022
  68 V   1.00000 0.00000 ( 1)  0.022
  69 D   1.00000 0.00000 ( 1)  0.022
  70 V   1.00000 0.00000 ( 1)  0.022
  71 T   1.00000 0.00000 ( 1)  0.022
  72 K   1.00000 0.00000 ( 1)  0.022
  73 E   1.00000 0.00000 ( 1)  0.022
  74 P   1.00000 0.00000 ( 1)  0.022
  75 I   1.00000 0.00000 ( 1)  0.022
  76 P   1.00000 0.00000 ( 1)  0.022
  77 V   1.00000 0.00000 ( 1)  0.022
  78 L   1.00000 0.00000 ( 1)  0.022
  79 P   1.00000 0.00000 ( 1)  0.022
  80 T   1.00000 0.00000 ( 1)  0.022
  81 V   1.00000 0.00000 ( 1)  0.022
  82 H   1.00000 0.00000 ( 1)  0.022
  83 Y   1.00000 0.00000 ( 1)  0.022
  84 N   1.00000 0.00000 ( 1)  0.022
  85 M   1.00000 0.00000 ( 1)  0.022
  86 G   1.00000 0.00000 ( 1)  0.022
  87 G   1.00000 0.00000 ( 1)  0.022
  88 I   1.00000 0.00000 ( 1)  0.022
  89 P   1.00000 0.00000 ( 1)  0.022
  90 T   1.00000 0.00000 ( 1)  0.022
  91 N   1.00000 0.00000 ( 1)  0.022
  92 Y   1.00000 0.00000 ( 1)  0.022
  93 K   1.00000 0.00000 ( 1)  0.022
  94 G   1.00000 0.00000 ( 1)  0.022
  95 Q   1.00000 0.00000 ( 1)  0.022
  96 V   1.00000 0.00000 ( 1)  0.022
  97 I   1.00000 0.00000 ( 1)  0.022
  98 T   1.00000 0.00000 ( 1)  0.022
  99 H   1.00000 0.00000 ( 1)  0.022
 100 V   1.00000 0.00000 ( 1)  0.022
 101 N   1.00000 0.00000 ( 1)  0.022
 102 G   1.00000 0.00000 ( 1)  0.022
 103 E   0.90960 0.09040 ( 1)  0.110
 104 D   1.00000 0.00000 ( 1)  0.022
 105 K   1.00000 0.00000 ( 1)  0.022
 106 V   1.00000 0.00000 ( 1)  0.022
 107 V   1.00000 0.00000 ( 1)  0.022
 108 P   1.00000 0.00000 ( 1)  0.022
 109 G   1.00000 0.00000 ( 1)  0.022
 110 L   1.00000 0.00000 ( 1)  0.022
 111 Y   1.00000 0.00000 ( 1)  0.022
 112 A   1.00000 0.00000 ( 1)  0.022
 113 C   1.00000 0.00000 ( 1)  0.022
 114 G   1.00000 0.00000 ( 1)  0.022
 115 E   1.00000 0.00000 ( 1)  0.022
 116 A   1.00000 0.00000 ( 1)  0.022
 117 A   1.00000 0.00000 ( 1)  0.022
 118 S   0.68171 0.31829 ( 1)  0.333
 119 A   1.00000 0.00000 ( 1)  0.022
 120 S   1.00000 0.00000 ( 1)  0.022
 121 V   1.00000 0.00000 ( 1)  0.022
 122 H   1.00000 0.00000 ( 1)  0.022
 123 G   1.00000 0.00000 ( 1)  0.022
 124 A   1.00000 0.00000 ( 1)  0.022
 125 N   1.00000 0.00000 ( 1)  0.022
 126 R   1.00000 0.00000 ( 1)  0.022
 127 L   1.00000 0.00000 ( 1)  0.022
 128 G   1.00000 0.00000 ( 1)  0.022
 129 A   1.00000 0.00000 ( 1)  0.022
 130 N   1.00000 0.00000 ( 1)  0.022
 131 S   1.00000 0.00000 ( 1)  0.022
 132 L   1.00000 0.00000 ( 1)  0.022
 133 L   1.00000 0.00000 ( 1)  0.022
 134 D   1.00000 0.00000 ( 1)  0.022
 135 L   1.00000 0.00000 ( 1)  0.022
 136 V   1.00000 0.00000 ( 1)  0.022
 137 V   1.00000 0.00000 ( 1)  0.022
 138 F   1.00000 0.00000 ( 1)  0.022
 139 G   1.00000 0.00000 ( 1)  0.022
 140 R   1.00000 0.00000 ( 1)  0.022
 141 A   1.00000 0.00000 ( 1)  0.022
 142 C   1.00000 0.00000 ( 1)  0.022
 143 A   1.00000 0.00000 ( 1)  0.022
 144 L   1.00000 0.00000 ( 1)  0.022
 145 T   1.00000 0.00000 ( 1)  0.022
 146 I   1.00000 0.00000 ( 1)  0.022
 147 A   1.00000 0.00000 ( 1)  0.022
 148 D   0.00000 1.00000 ( 2)  1.000
 149 T   1.00000 0.00000 ( 1)  0.022
 150 C   1.00000 0.00000 ( 1)  0.022
 151 K   1.00000 0.00000 ( 1)  0.022
 152 P   1.00000 0.00000 ( 1)  0.022
 153 G   1.00000 0.00000 ( 1)  0.022
 154 E   0.00000 1.00000 ( 2)  1.000
 155 P   0.00000 1.00000 ( 2)  1.000
 156 V   0.00000 1.00000 ( 2)  1.000
 157 P   1.00000 0.00000 ( 1)  0.022
 158 P   0.00000 1.00000 ( 2)  1.000
 159 I   1.00000 0.00000 ( 1)  0.022
 160 K   1.00000 0.00000 ( 1)  0.022
 161 P   1.00000 0.00000 ( 1)  0.022
 162 N   1.00000 0.00000 ( 1)  0.022
 163 A   1.00000 0.00000 ( 1)  0.022
 164 G   1.00000 0.00000 ( 1)  0.022
 165 E   1.00000 0.00000 ( 1)  0.022
 166 E   1.00000 0.00000 ( 1)  0.022
 167 S   1.00000 0.00000 ( 1)  0.022
 168 V   1.00000 0.00000 ( 1)  0.022
 169 A   1.00000 0.00000 ( 1)  0.022
 170 N   1.00000 0.00000 ( 1)  0.022
 171 L   1.00000 0.00000 ( 1)  0.022
 172 D   1.00000 0.00000 ( 1)  0.022
 173 K   1.00000 0.00000 ( 1)  0.022
 174 L   1.00000 0.00000 ( 1)  0.022
 175 R   1.00000 0.00000 ( 1)  0.022
 176 F   1.00000 0.00000 ( 1)  0.022
 177 A   1.00000 0.00000 ( 1)  0.022
 178 N   0.00000 1.00000 ( 2)  1.000
 179 G   1.00000 0.00000 ( 1)  0.022
 180 S   1.00000 0.00000 ( 1)  0.022
 181 I   1.00000 0.00000 ( 1)  0.022
 182 R   1.00000 0.00000 ( 1)  0.022
 183 T   1.00000 0.00000 ( 1)  0.022
 184 S   1.00000 0.00000 ( 1)  0.022
 185 E   1.00000 0.00000 ( 1)  0.022
 186 V   0.00000 1.00000 ( 2)  1.000
 187 R   1.00000 0.00000 ( 1)  0.022
 188 L   1.00000 0.00000 ( 1)  0.022
 189 N   0.00000 1.00000 ( 2)  1.000
 190 M   1.00000 0.00000 ( 1)  0.022
 191 Q   1.00000 0.00000 ( 1)  0.022
 192 K   1.00000 0.00000 ( 1)  0.022
 193 T   0.00000 1.00000 ( 2)  1.000
 194 M   1.00000 0.00000 ( 1)  0.022
 195 Q   1.00000 0.00000 ( 1)  0.022
 196 N   0.00000 1.00000 ( 2)  1.000
 197 H   1.00000 0.00000 ( 1)  0.022
 198 A   1.00000 0.00000 ( 1)  0.022
 199 A   1.00000 0.00000 ( 1)  0.022
 200 V   1.00000 0.00000 ( 1)  0.022
 201 F   1.00000 0.00000 ( 1)  0.022
 202 R   1.00000 0.00000 ( 1)  0.022
 203 T   1.00000 0.00000 ( 1)  0.022
 204 G   1.00000 0.00000 ( 1)  0.022
 205 P   0.00000 1.00000 ( 2)  1.000
 206 V   1.00000 0.00000 ( 1)  0.022
 207 L   1.00000 0.00000 ( 1)  0.022
 208 Q   1.00000 0.00000 ( 1)  0.022
 209 E   1.00000 0.00000 ( 1)  0.022
 210 G   1.00000 0.00000 ( 1)  0.022
 211 C   1.00000 0.00000 ( 1)  0.022
 212 E   1.00000 0.00000 ( 1)  0.022
 213 K   0.97158 0.02842 ( 1)  0.050
 214 L   1.00000 0.00000 ( 1)  0.022
 215 S   1.00000 0.00000 ( 1)  0.022
 216 Q   0.00000 1.00000 ( 2)  1.000
 217 I   1.00000 0.00000 ( 1)  0.022
 218 Y   1.00000 0.00000 ( 1)  0.022
 219 G   0.00000 1.00000 ( 2)  1.000
 220 D   1.00000 0.00000 ( 1)  0.022
 221 L   1.00000 0.00000 ( 1)  0.022
 222 A   0.99976 0.00024 ( 1)  0.022
 223 H   1.00000 0.00000 ( 1)  0.022
 224 L   1.00000 0.00000 ( 1)  0.022
 225 K   1.00000 0.00000 ( 1)  0.022
 226 T   1.00000 0.00000 ( 1)  0.022
 227 F   1.00000 0.00000 ( 1)  0.022
 228 D   1.00000 0.00000 ( 1)  0.022
 229 R   1.00000 0.00000 ( 1)  0.022
 230 G   1.00000 0.00000 ( 1)  0.022
 231 I   1.00000 0.00000 ( 1)  0.022
 232 V   1.00000 0.00000 ( 1)  0.022
 233 W   1.00000 0.00000 ( 1)  0.022
 234 N   1.00000 0.00000 ( 1)  0.022
 235 T   1.00000 0.00000 ( 1)  0.022
 236 D   1.00000 0.00000 ( 1)  0.022
 237 L   0.99997 0.00003 ( 1)  0.022
 238 V   0.99999 0.00001 ( 1)  0.022
 239 E   1.00000 0.00000 ( 1)  0.022
 240 T   1.00000 0.00000 ( 1)  0.022
 241 L   1.00000 0.00000 ( 1)  0.022
 242 E   1.00000 0.00000 ( 1)  0.022
 243 L   1.00000 0.00000 ( 1)  0.022
 244 Q   1.00000 0.00000 ( 1)  0.022
 245 N   1.00000 0.00000 ( 1)  0.022
 246 L   0.99991 0.00009 ( 1)  0.022
 247 M   1.00000 0.00000 ( 1)  0.022
 248 L   1.00000 0.00000 ( 1)  0.022
 249 C   1.00000 0.00000 ( 1)  0.022
 250 A   1.00000 0.00000 ( 1)  0.022
 251 L   1.00000 0.00000 ( 1)  0.022
 252 Q   1.00000 0.00000 ( 1)  0.022
 253 T   1.00000 0.00000 ( 1)  0.022
 254 I   1.00000 0.00000 ( 1)  0.022
 255 Y   1.00000 0.00000 ( 1)  0.022
 256 G   0.10494 0.89506 ( 2)  0.897
 257 A   1.00000 0.00000 ( 1)  0.022
 258 E   1.00000 0.00000 ( 1)  0.022
 259 A   1.00000 0.00000 ( 1)  0.022
 260 R   1.00000 0.00000 ( 1)  0.022
 261 K   1.00000 0.00000 ( 1)  0.022
 262 E   1.00000 0.00000 ( 1)  0.022
 263 S   1.00000 0.00000 ( 1)  0.022
 264 R   1.00000 0.00000 ( 1)  0.022
 265 G   1.00000 0.00000 ( 1)  0.022
 266 A   1.00000 0.00000 ( 1)  0.022
 267 H   1.00000 0.00000 ( 1)  0.022
 268 A   1.00000 0.00000 ( 1)  0.022
 269 R   1.00000 0.00000 ( 1)  0.022
 270 E   1.00000 0.00000 ( 1)  0.022
 271 D   1.00000 0.00000 ( 1)  0.022
 272 Y   1.00000 0.00000 ( 1)  0.022
 273 K   1.00000 0.00000 ( 1)  0.022
 274 V   0.00000 1.00000 ( 2)  1.000
 275 R   1.00000 0.00000 ( 1)  0.022
 276 V   0.00000 1.00000 ( 2)  1.000
 277 D   1.00000 0.00000 ( 1)  0.022
 278 E   1.00000 0.00000 ( 1)  0.022
 279 F   1.00000 0.00000 ( 1)  0.022
 280 D   1.00000 0.00000 ( 1)  0.022
 281 Y   1.00000 0.00000 ( 1)  0.022
 282 S   1.00000 0.00000 ( 1)  0.022
 283 K   1.00000 0.00000 ( 1)  0.022
 284 P   1.00000 0.00000 ( 1)  0.022
 285 L   1.00000 0.00000 ( 1)  0.022
 286 Q   0.00000 1.00000 ( 2)  1.000
 287 G   1.00000 0.00000 ( 1)  0.022
 288 Q   1.00000 0.00000 ( 1)  0.022
 289 Q   0.97103 0.02897 ( 1)  0.050
 290 R   0.00000 1.00000 ( 2)  1.000
 291 K   0.99973 0.00027 ( 1)  0.022
 292 P   1.00000 0.00000 ( 1)  0.022
 293 F   1.00000 0.00000 ( 1)  0.022
 294 E   1.00000 0.00000 ( 1)  0.022
 295 E   0.00437 0.99563 ( 2)  0.996
 296 H   1.00000 0.00000 ( 1)  0.022
 297 W   1.00000 0.00000 ( 1)  0.022
 298 R   1.00000 0.00000 ( 1)  0.022
 299 K   1.00000 0.00000 ( 1)  0.022
 300 H   1.00000 0.00000 ( 1)  0.022
 301 T   1.00000 0.00000 ( 1)  0.022
 302 L   1.00000 0.00000 ( 1)  0.022
 303 S   1.00000 0.00000 ( 1)  0.022
 304 Y   1.00000 0.00000 ( 1)  0.022
 305 V   1.00000 0.00000 ( 1)  0.022
 306 D   1.00000 0.00000 ( 1)  0.022
 307 L   0.01075 0.98925 ( 2)  0.989
 308 P   0.00000 1.00000 ( 2)  1.000
 309 S   0.99924 0.00076 ( 1)  0.023
 310 G   1.00000 0.00000 ( 1)  0.022
 311 K   1.00000 0.00000 ( 1)  0.022
 312 V   1.00000 0.00000 ( 1)  0.022
