   1 V   1.00000 0.00000 ( 1)  0.010
   2 T   1.00000 0.00000 ( 1)  0.010
   3 F   1.00000 0.00000 ( 1)  0.010
   4 I   1.00000 0.00000 ( 1)  0.010
   5 N   1.00000 0.00000 ( 1)  0.010
   6 R   1.00000 0.00000 ( 1)  0.010
   7 W   1.00000 0.00000 ( 1)  0.010
   8 L   1.00000 0.00000 ( 1)  0.010
   9 F   1.00000 0.00000 ( 1)  0.010
  10 S   1.00000 0.00000 ( 1)  0.010
  11 T   1.00000 0.00000 ( 1)  0.010
  12 N   1.00000 0.00000 ( 1)  0.010
  13 H   1.00000 0.00000 ( 1)  0.010
  14 K   1.00000 0.00000 ( 1)  0.010
  15 D   1.00000 0.00000 ( 1)  0.010
  16 I   1.00000 0.00000 ( 1)  0.010
  17 G   1.00000 0.00000 ( 1)  0.010
  18 T   1.00000 0.00000 ( 1)  0.010
  19 L   1.00000 0.00000 ( 1)  0.010
  20 Y   1.00000 0.00000 ( 1)  0.010
  21 L   1.00000 0.00000 ( 1)  0.010
  22 I   1.00000 0.00000 ( 1)  0.010
  23 F   1.00000 0.00000 ( 1)  0.010
  24 G   1.00000 0.00000 ( 1)  0.010
  25 A   1.00000 0.00000 ( 1)  0.010
  26 W   1.00000 0.00000 ( 1)  0.010
  27 A   1.00000 0.00000 ( 1)  0.010
  28 G   1.00000 0.00000 ( 1)  0.010
  29 M   1.00000 0.00000 ( 1)  0.010
  30 I   1.00000 0.00000 ( 1)  0.010
  31 G   1.00000 0.00000 ( 1)  0.010
  32 T   1.00000 0.00000 ( 1)  0.010
  33 A   1.00000 0.00000 ( 1)  0.010
  34 L   1.00000 0.00000 ( 1)  0.010
  35 S   1.00000 0.00000 ( 1)  0.010
  36 L   1.00000 0.00000 ( 1)  0.010
  37 L   1.00000 0.00000 ( 1)  0.010
  38 I   1.00000 0.00000 ( 1)  0.010
  39 R   1.00000 0.00000 ( 1)  0.010
  40 A   1.00000 0.00000 ( 1)  0.010
  41 E   1.00000 0.00000 ( 1)  0.010
  42 L   1.00000 0.00000 ( 1)  0.010
  43 G   1.00000 0.00000 ( 1)  0.010
  44 Q   1.00000 0.00000 ( 1)  0.010
  45 P   1.00000 0.00000 ( 1)  0.010
  46 G   1.00000 0.00000 ( 1)  0.010
  47 T   1.00000 0.00000 ( 1)  0.010
  48 L   1.00000 0.00000 ( 1)  0.010
  49 L   1.00000 0.00000 ( 1)  0.010
  50 G   1.00000 0.00000 ( 1)  0.010
  51 D   1.00000 0.00000 ( 1)  0.010
  52 D   1.00000 0.00000 ( 1)  0.010
  53 Q   1.00000 0.00000 ( 1)  0.010
  54 I   1.00000 0.00000 ( 1)  0.010
  55 Y   1.00000 0.00000 ( 1)  0.010
  56 N   1.00000 0.00000 ( 1)  0.010
  57 V   1.00000 0.00000 ( 1)  0.010
  58 I   1.00000 0.00000 ( 1)  0.010
  59 V   1.00000 0.00000 ( 1)  0.010
  60 T   1.00000 0.00000 ( 1)  0.010
  61 A   1.00000 0.00000 ( 1)  0.010
  62 H   1.00000 0.00000 ( 1)  0.010
  63 A   1.00000 0.00000 ( 1)  0.010
  64 F   1.00000 0.00000 ( 1)  0.010
  65 V   1.00000 0.00000 ( 1)  0.010
  66 M   1.00000 0.00000 ( 1)  0.010
  67 I   1.00000 0.00000 ( 1)  0.010
  68 F   1.00000 0.00000 ( 1)  0.010
  69 F   1.00000 0.00000 ( 1)  0.010
  70 M   1.00000 0.00000 ( 1)  0.010
  71 V   1.00000 0.00000 ( 1)  0.010
  72 M   1.00000 0.00000 ( 1)  0.010
  73 P   1.00000 0.00000 ( 1)  0.010
  74 I   1.00000 0.00000 ( 1)  0.010
  75 M   1.00000 0.00000 ( 1)  0.010
  76 I   1.00000 0.00000 ( 1)  0.010
  77 G   1.00000 0.00000 ( 1)  0.010
  78 G   1.00000 0.00000 ( 1)  0.010
  79 F   1.00000 0.00000 ( 1)  0.010
  80 G   1.00000 0.00000 ( 1)  0.010
  81 N   1.00000 0.00000 ( 1)  0.010
  82 W   1.00000 0.00000 ( 1)  0.010
  83 L   1.00000 0.00000 ( 1)  0.010
  84 V   1.00000 0.00000 ( 1)  0.010
  85 P   1.00000 0.00000 ( 1)  0.010
  86 L   1.00000 0.00000 ( 1)  0.010
  87 M   1.00000 0.00000 ( 1)  0.010
  88 I   1.00000 0.00000 ( 1)  0.010
  89 G   1.00000 0.00000 ( 1)  0.010
  90 A   1.00000 0.00000 ( 1)  0.010
  91 P   1.00000 0.00000 ( 1)  0.010
  92 D   1.00000 0.00000 ( 1)  0.010
  93 M   1.00000 0.00000 ( 1)  0.010
  94 A   1.00000 0.00000 ( 1)  0.010
  95 F   1.00000 0.00000 ( 1)  0.010
  96 P   1.00000 0.00000 ( 1)  0.010
  97 R   1.00000 0.00000 ( 1)  0.010
  98 M   1.00000 0.00000 ( 1)  0.010
  99 N   1.00000 0.00000 ( 1)  0.010
 100 N   1.00000 0.00000 ( 1)  0.010
 101 M   1.00000 0.00000 ( 1)  0.010
 102 S   1.00000 0.00000 ( 1)  0.010
 103 F   1.00000 0.00000 ( 1)  0.010
 104 W   1.00000 0.00000 ( 1)  0.010
 105 L   1.00000 0.00000 ( 1)  0.010
 106 L   1.00000 0.00000 ( 1)  0.010
 107 P   1.00000 0.00000 ( 1)  0.010
 108 P   1.00000 0.00000 ( 1)  0.010
 109 S   1.00000 0.00000 ( 1)  0.010
 110 F   1.00000 0.00000 ( 1)  0.010
 111 L   1.00000 0.00000 ( 1)  0.010
 112 L   1.00000 0.00000 ( 1)  0.010
 113 L   1.00000 0.00000 ( 1)  0.010
 114 L   1.00000 0.00000 ( 1)  0.010
 115 A   1.00000 0.00000 ( 1)  0.010
 116 S   1.00000 0.00000 ( 1)  0.010
 117 S   1.00000 0.00000 ( 1)  0.010
 118 T   1.00000 0.00000 ( 1)  0.010
 119 V   1.00000 0.00000 ( 1)  0.010
 120 E   1.00000 0.00000 ( 1)  0.010
 121 A   1.00000 0.00000 ( 1)  0.010
 122 G   1.00000 0.00000 ( 1)  0.010
 123 A   1.00000 0.00000 ( 1)  0.010
 124 G   1.00000 0.00000 ( 1)  0.010
 125 T   1.00000 0.00000 ( 1)  0.010
 126 G   1.00000 0.00000 ( 1)  0.010
 127 W   1.00000 0.00000 ( 1)  0.010
 128 T   1.00000 0.00000 ( 1)  0.010
 129 V   1.00000 0.00000 ( 1)  0.010
 130 Y   1.00000 0.00000 ( 1)  0.010
 131 P   1.00000 0.00000 ( 1)  0.010
 132 P   1.00000 0.00000 ( 1)  0.010
 133 L   1.00000 0.00000 ( 1)  0.010
 134 A   1.00000 0.00000 ( 1)  0.010
 135 G   1.00000 0.00000 ( 1)  0.010
 136 N   1.00000 0.00000 ( 1)  0.010
 137 L   1.00000 0.00000 ( 1)  0.010
 138 A   1.00000 0.00000 ( 1)  0.010
 139 H   1.00000 0.00000 ( 1)  0.010
 140 A   1.00000 0.00000 ( 1)  0.010
 141 G   1.00000 0.00000 ( 1)  0.010
 142 A   1.00000 0.00000 ( 1)  0.010
 143 S   1.00000 0.00000 ( 1)  0.010
 144 V   1.00000 0.00000 ( 1)  0.010
 145 D   1.00000 0.00000 ( 1)  0.010
 146 L   1.00000 0.00000 ( 1)  0.010
 147 A   1.00000 0.00000 ( 1)  0.010
 148 I   1.00000 0.00000 ( 1)  0.010
 149 F   1.00000 0.00000 ( 1)  0.010
 150 S   1.00000 0.00000 ( 1)  0.010
 151 L   1.00000 0.00000 ( 1)  0.010
 152 H   1.00000 0.00000 ( 1)  0.010
 153 L   1.00000 0.00000 ( 1)  0.010
 154 A   1.00000 0.00000 ( 1)  0.010
 155 G   1.00000 0.00000 ( 1)  0.010
 156 I   1.00000 0.00000 ( 1)  0.010
 157 S   1.00000 0.00000 ( 1)  0.010
 158 S   1.00000 0.00000 ( 1)  0.010
 159 I   1.00000 0.00000 ( 1)  0.010
 160 L   1.00000 0.00000 ( 1)  0.010
 161 G   1.00000 0.00000 ( 1)  0.010
 162 A   1.00000 0.00000 ( 1)  0.010
 163 I   1.00000 0.00000 ( 1)  0.010
 164 N   1.00000 0.00000 ( 1)  0.010
 165 F   1.00000 0.00000 ( 1)  0.010
 166 I   1.00000 0.00000 ( 1)  0.010
 167 T   1.00000 0.00000 ( 1)  0.010
 168 T   1.00000 0.00000 ( 1)  0.010
 169 A   1.00000 0.00000 ( 1)  0.010
 170 I   1.00000 0.00000 ( 1)  0.010
 171 N   1.00000 0.00000 ( 1)  0.010
 172 M   1.00000 0.00000 ( 1)  0.010
 173 K   1.00000 0.00000 ( 1)  0.010
 174 P   1.00000 0.00000 ( 1)  0.010
 175 P   1.00000 0.00000 ( 1)  0.010
 176 A   1.00000 0.00000 ( 1)  0.010
 177 L   1.00000 0.00000 ( 1)  0.010
 178 T   1.00000 0.00000 ( 1)  0.010
 179 Q   1.00000 0.00000 ( 1)  0.010
 180 Y   1.00000 0.00000 ( 1)  0.010
 181 Q   1.00000 0.00000 ( 1)  0.010
 182 T   1.00000 0.00000 ( 1)  0.010
 183 P   1.00000 0.00000 ( 1)  0.010
 184 L   1.00000 0.00000 ( 1)  0.010
 185 F   1.00000 0.00000 ( 1)  0.010
 186 V   1.00000 0.00000 ( 1)  0.010
 187 W   1.00000 0.00000 ( 1)  0.010
 188 S   1.00000 0.00000 ( 1)  0.010
 189 V   1.00000 0.00000 ( 1)  0.010
 190 L   1.00000 0.00000 ( 1)  0.010
 191 I   1.00000 0.00000 ( 1)  0.010
 192 T   1.00000 0.00000 ( 1)  0.010
 193 A   1.00000 0.00000 ( 1)  0.010
 194 I   1.00000 0.00000 ( 1)  0.010
 195 L   1.00000 0.00000 ( 1)  0.010
 196 L   1.00000 0.00000 ( 1)  0.010
 197 L   1.00000 0.00000 ( 1)  0.010
 198 L   1.00000 0.00000 ( 1)  0.010
 199 S   1.00000 0.00000 ( 1)  0.010
 200 L   1.00000 0.00000 ( 1)  0.010
 201 P   1.00000 0.00000 ( 1)  0.010
 202 V   1.00000 0.00000 ( 1)  0.010
 203 L   1.00000 0.00000 ( 1)  0.010
 204 A   1.00000 0.00000 ( 1)  0.010
 205 A   1.00000 0.00000 ( 1)  0.010
 206 G   1.00000 0.00000 ( 1)  0.010
 207 I   1.00000 0.00000 ( 1)  0.010
 208 T   1.00000 0.00000 ( 1)  0.010
 209 M   1.00000 0.00000 ( 1)  0.010
 210 L   1.00000 0.00000 ( 1)  0.010
 211 L   1.00000 0.00000 ( 1)  0.010
 212 T   1.00000 0.00000 ( 1)  0.010
 213 D   1.00000 0.00000 ( 1)  0.010
 214 R   1.00000 0.00000 ( 1)  0.010
 215 N   1.00000 0.00000 ( 1)  0.010
 216 L   1.00000 0.00000 ( 1)  0.010
 217 N   1.00000 0.00000 ( 1)  0.010
 218 T   1.00000 0.00000 ( 1)  0.010
 219 T   1.00000 0.00000 ( 1)  0.010
 220 F   1.00000 0.00000 ( 1)  0.010
 221 F   1.00000 0.00000 ( 1)  0.010
 222 D   1.00000 0.00000 ( 1)  0.010
 223 P   1.00000 0.00000 ( 1)  0.010
 224 A   1.00000 0.00000 ( 1)  0.010
 225 G   1.00000 0.00000 ( 1)  0.010
 226 G   1.00000 0.00000 ( 1)  0.010
 227 G   1.00000 0.00000 ( 1)  0.010
 228 D   1.00000 0.00000 ( 1)  0.010
 229 P   1.00000 0.00000 ( 1)  0.010
 230 I   1.00000 0.00000 ( 1)  0.010
 231 L   1.00000 0.00000 ( 1)  0.010
 232 Y   1.00000 0.00000 ( 1)  0.010
 233 Q   1.00000 0.00000 ( 1)  0.010
 234 H   1.00000 0.00000 ( 1)  0.010
 235 L   1.00000 0.00000 ( 1)  0.010
 236 F   1.00000 0.00000 ( 1)  0.010
 237 W   1.00000 0.00000 ( 1)  0.010
 238 F   1.00000 0.00000 ( 1)  0.010
 239 F   1.00000 0.00000 ( 1)  0.010
 240 G   1.00000 0.00000 ( 1)  0.010
 241 H   1.00000 0.00000 ( 1)  0.010
 242 P   1.00000 0.00000 ( 1)  0.010
 243 E   1.00000 0.00000 ( 1)  0.010
 244 V   1.00000 0.00000 ( 1)  0.010
 245 Y   1.00000 0.00000 ( 1)  0.010
 246 I   1.00000 0.00000 ( 1)  0.010
 247 L   1.00000 0.00000 ( 1)  0.010
 248 I   1.00000 0.00000 ( 1)  0.010
 249 L   1.00000 0.00000 ( 1)  0.010
 250 P   1.00000 0.00000 ( 1)  0.010
 251 G   1.00000 0.00000 ( 1)  0.010
 252 F   1.00000 0.00000 ( 1)  0.010
 253 G   1.00000 0.00000 ( 1)  0.010
 254 I   1.00000 0.00000 ( 1)  0.010
 255 I   1.00000 0.00000 ( 1)  0.010
 256 S   1.00000 0.00000 ( 1)  0.010
 257 H   1.00000 0.00000 ( 1)  0.010
 258 V   1.00000 0.00000 ( 1)  0.010
 259 V   1.00000 0.00000 ( 1)  0.010
 260 T   1.00000 0.00000 ( 1)  0.010
 261 Y   1.00000 0.00000 ( 1)  0.010
 262 Y   1.00000 0.00000 ( 1)  0.010
 263 T   1.00000 0.00000 ( 1)  0.010
 264 G   1.00000 0.00000 ( 1)  0.010
 265 K   1.00000 0.00000 ( 1)  0.010
 266 K   1.00000 0.00000 ( 1)  0.010
 267 E   1.00000 0.00000 ( 1)  0.010
 268 P   1.00000 0.00000 ( 1)  0.010
 269 F   1.00000 0.00000 ( 1)  0.010
 270 G   1.00000 0.00000 ( 1)  0.010
 271 Y   1.00000 0.00000 ( 1)  0.010
 272 M   1.00000 0.00000 ( 1)  0.010
 273 G   1.00000 0.00000 ( 1)  0.010
 274 M   1.00000 0.00000 ( 1)  0.010
 275 V   1.00000 0.00000 ( 1)  0.010
 276 W   1.00000 0.00000 ( 1)  0.010
 277 A   1.00000 0.00000 ( 1)  0.010
 278 M   1.00000 0.00000 ( 1)  0.010
 279 L   1.00000 0.00000 ( 1)  0.010
 280 S   1.00000 0.00000 ( 1)  0.010
 281 I   1.00000 0.00000 ( 1)  0.010
 282 G   1.00000 0.00000 ( 1)  0.010
 283 F   1.00000 0.00000 ( 1)  0.010
 284 L   1.00000 0.00000 ( 1)  0.010
 285 G   1.00000 0.00000 ( 1)  0.010
 286 F   1.00000 0.00000 ( 1)  0.010
 287 I   1.00000 0.00000 ( 1)  0.010
 288 V   1.00000 0.00000 ( 1)  0.010
 289 W   1.00000 0.00000 ( 1)  0.010
 290 A   1.00000 0.00000 ( 1)  0.010
 291 H   1.00000 0.00000 ( 1)  0.010
 292 H   1.00000 0.00000 ( 1)  0.010
 293 M   1.00000 0.00000 ( 1)  0.010
 294 F   1.00000 0.00000 ( 1)  0.010
 295 T   1.00000 0.00000 ( 1)  0.010
 296 V   1.00000 0.00000 ( 1)  0.010
 297 G   1.00000 0.00000 ( 1)  0.010
 298 M   1.00000 0.00000 ( 1)  0.010
 299 D   1.00000 0.00000 ( 1)  0.010
 300 V   1.00000 0.00000 ( 1)  0.010
 301 D   1.00000 0.00000 ( 1)  0.010
 302 T   1.00000 0.00000 ( 1)  0.010
 303 R   1.00000 0.00000 ( 1)  0.010
 304 A   1.00000 0.00000 ( 1)  0.010
 305 Y   1.00000 0.00000 ( 1)  0.010
 306 F   1.00000 0.00000 ( 1)  0.010
 307 T   1.00000 0.00000 ( 1)  0.010
 308 S   1.00000 0.00000 ( 1)  0.010
 309 A   1.00000 0.00000 ( 1)  0.010
 310 T   1.00000 0.00000 ( 1)  0.010
 311 M   1.00000 0.00000 ( 1)  0.010
 312 I   1.00000 0.00000 ( 1)  0.010
 313 I   1.00000 0.00000 ( 1)  0.010
 314 A   1.00000 0.00000 ( 1)  0.010
 315 I   1.00000 0.00000 ( 1)  0.010
 316 P   1.00000 0.00000 ( 1)  0.010
 317 T   1.00000 0.00000 ( 1)  0.010
 318 G   1.00000 0.00000 ( 1)  0.010
 319 I   1.00000 0.00000 ( 1)  0.010
 320 K   1.00000 0.00000 ( 1)  0.010
 321 V   1.00000 0.00000 ( 1)  0.010
 322 F   1.00000 0.00000 ( 1)  0.010
 323 S   1.00000 0.00000 ( 1)  0.010
 324 W   1.00000 0.00000 ( 1)  0.010
 325 L   1.00000 0.00000 ( 1)  0.010
 326 A   1.00000 0.00000 ( 1)  0.010
 327 T   1.00000 0.00000 ( 1)  0.010
 328 L   1.00000 0.00000 ( 1)  0.010
 329 H   1.00000 0.00000 ( 1)  0.010
 330 G   1.00000 0.00000 ( 1)  0.010
 331 G   1.00000 0.00000 ( 1)  0.010
 332 T   1.00000 0.00000 ( 1)  0.010
 333 V   1.00000 0.00000 ( 1)  0.010
 334 K   1.00000 0.00000 ( 1)  0.010
 335 W   1.00000 0.00000 ( 1)  0.010
 336 D   1.00000 0.00000 ( 1)  0.010
 337 P   1.00000 0.00000 ( 1)  0.010
 338 P   1.00000 0.00000 ( 1)  0.010
 339 M   1.00000 0.00000 ( 1)  0.010
 340 L   1.00000 0.00000 ( 1)  0.010
 341 W   1.00000 0.00000 ( 1)  0.010
 342 A   1.00000 0.00000 ( 1)  0.010
 343 L   1.00000 0.00000 ( 1)  0.010
 344 G   1.00000 0.00000 ( 1)  0.010
 345 F   1.00000 0.00000 ( 1)  0.010
 346 I   1.00000 0.00000 ( 1)  0.010
 347 F   1.00000 0.00000 ( 1)  0.010
 348 L   1.00000 0.00000 ( 1)  0.010
 349 F   1.00000 0.00000 ( 1)  0.010
 350 T   1.00000 0.00000 ( 1)  0.010
 351 V   1.00000 0.00000 ( 1)  0.010
 352 G   1.00000 0.00000 ( 1)  0.010
 353 G   1.00000 0.00000 ( 1)  0.010
 354 L   1.00000 0.00000 ( 1)  0.010
 355 T   1.00000 0.00000 ( 1)  0.010
 356 G   1.00000 0.00000 ( 1)  0.010
 357 I   1.00000 0.00000 ( 1)  0.010
 358 V   1.00000 0.00000 ( 1)  0.010
 359 L   1.00000 0.00000 ( 1)  0.010
 360 A   1.00000 0.00000 ( 1)  0.010
 361 N   1.00000 0.00000 ( 1)  0.010
 362 S   1.00000 0.00000 ( 1)  0.010
 363 S   1.00000 0.00000 ( 1)  0.010
 364 L   1.00000 0.00000 ( 1)  0.010
 365 D   1.00000 0.00000 ( 1)  0.010
 366 I   1.00000 0.00000 ( 1)  0.010
 367 A   1.00000 0.00000 ( 1)  0.010
 368 L   1.00000 0.00000 ( 1)  0.010
 369 H   1.00000 0.00000 ( 1)  0.010
 370 D   1.00000 0.00000 ( 1)  0.010
 371 T   1.00000 0.00000 ( 1)  0.010
 372 Y   1.00000 0.00000 ( 1)  0.010
 373 Y   1.00000 0.00000 ( 1)  0.010
 374 V   1.00000 0.00000 ( 1)  0.010
 375 V   1.00000 0.00000 ( 1)  0.010
 376 A   1.00000 0.00000 ( 1)  0.010
 377 H   1.00000 0.00000 ( 1)  0.010
 378 F   1.00000 0.00000 ( 1)  0.010
 379 H   1.00000 0.00000 ( 1)  0.010
 380 Y   1.00000 0.00000 ( 1)  0.010
 381 V   1.00000 0.00000 ( 1)  0.010
 382 L   1.00000 0.00000 ( 1)  0.010
 383 S   1.00000 0.00000 ( 1)  0.010
 384 M   1.00000 0.00000 ( 1)  0.010
 385 G   1.00000 0.00000 ( 1)  0.010
 386 A   1.00000 0.00000 ( 1)  0.010
 387 V   1.00000 0.00000 ( 1)  0.010
 388 F   1.00000 0.00000 ( 1)  0.010
 389 A   1.00000 0.00000 ( 1)  0.010
 390 I   1.00000 0.00000 ( 1)  0.010
 391 L   1.00000 0.00000 ( 1)  0.010
 392 A   1.00000 0.00000 ( 1)  0.010
 393 G   1.00000 0.00000 ( 1)  0.010
 394 F   1.00000 0.00000 ( 1)  0.010
 395 T   1.00000 0.00000 ( 1)  0.010
 396 H   1.00000 0.00000 ( 1)  0.010
 397 W   1.00000 0.00000 ( 1)  0.010
 398 F   1.00000 0.00000 ( 1)  0.010
 399 P   1.00000 0.00000 ( 1)  0.010
 400 L   1.00000 0.00000 ( 1)  0.010
 401 F   1.00000 0.00000 ( 1)  0.010
 402 T   1.00000 0.00000 ( 1)  0.010
 403 G   1.00000 0.00000 ( 1)  0.010
 404 Y   1.00000 0.00000 ( 1)  0.010
 405 T   1.00000 0.00000 ( 1)  0.010
 406 L   1.00000 0.00000 ( 1)  0.010
 407 H   1.00000 0.00000 ( 1)  0.010
 408 P   1.00000 0.00000 ( 1)  0.010
 409 T   1.00000 0.00000 ( 1)  0.010
 410 W   1.00000 0.00000 ( 1)  0.010
 411 A   1.00000 0.00000 ( 1)  0.010
 412 K   1.00000 0.00000 ( 1)  0.010
 413 A   0.00000 1.00000 ( 2)  1.000
 414 H   1.00000 0.00000 ( 1)  0.010
 415 F   1.00000 0.00000 ( 1)  0.010
 416 G   1.00000 0.00000 ( 1)  0.010
 417 A   1.00000 0.00000 ( 1)  0.010
 418 M   1.00000 0.00000 ( 1)  0.010
 419 F   1.00000 0.00000 ( 1)  0.010
 420 A   1.00000 0.00000 ( 1)  0.010
 421 G   1.00000 0.00000 ( 1)  0.010
 422 V   1.00000 0.00000 ( 1)  0.010
 423 N   1.00000 0.00000 ( 1)  0.010
 424 L   1.00000 0.00000 ( 1)  0.010
 425 T   1.00000 0.00000 ( 1)  0.010
 426 F   1.00000 0.00000 ( 1)  0.010
 427 F   1.00000 0.00000 ( 1)  0.010
 428 P   1.00000 0.00000 ( 1)  0.010
 429 Q   1.00000 0.00000 ( 1)  0.010
 430 H   1.00000 0.00000 ( 1)  0.010
 431 F   1.00000 0.00000 ( 1)  0.010
 432 L   1.00000 0.00000 ( 1)  0.010
 433 G   1.00000 0.00000 ( 1)  0.010
 434 L   1.00000 0.00000 ( 1)  0.010
 435 A   1.00000 0.00000 ( 1)  0.010
 436 G   1.00000 0.00000 ( 1)  0.010
 437 M   1.00000 0.00000 ( 1)  0.010
 438 P   1.00000 0.00000 ( 1)  0.010
 439 R   1.00000 0.00000 ( 1)  0.010
 440 R   1.00000 0.00000 ( 1)  0.010
 441 Y   1.00000 0.00000 ( 1)  0.010
 442 S   1.00000 0.00000 ( 1)  0.010
 443 D   1.00000 0.00000 ( 1)  0.010
 444 Y   1.00000 0.00000 ( 1)  0.010
 445 P   1.00000 0.00000 ( 1)  0.010
 446 D   1.00000 0.00000 ( 1)  0.010
 447 A   1.00000 0.00000 ( 1)  0.010
 448 Y   1.00000 0.00000 ( 1)  0.010
 449 T   1.00000 0.00000 ( 1)  0.010
 450 L   1.00000 0.00000 ( 1)  0.010
 451 W   1.00000 0.00000 ( 1)  0.010
 452 N   1.00000 0.00000 ( 1)  0.010
 453 T   1.00000 0.00000 ( 1)  0.010
 454 L   1.00000 0.00000 ( 1)  0.010
 455 S   1.00000 0.00000 ( 1)  0.010
 456 S   1.00000 0.00000 ( 1)  0.010
 457 I   1.00000 0.00000 ( 1)  0.010
 458 G   1.00000 0.00000 ( 1)  0.010
 459 S   1.00000 0.00000 ( 1)  0.010
 460 L   1.00000 0.00000 ( 1)  0.010
 461 I   1.00000 0.00000 ( 1)  0.010
 462 S   1.00000 0.00000 ( 1)  0.010
 463 M   1.00000 0.00000 ( 1)  0.010
 464 T   1.00000 0.00000 ( 1)  0.010
 465 A   1.00000 0.00000 ( 1)  0.010
 466 V   1.00000 0.00000 ( 1)  0.010
 467 I   1.00000 0.00000 ( 1)  0.010
 468 M   1.00000 0.00000 ( 1)  0.010
 469 L   1.00000 0.00000 ( 1)  0.010
 470 M   1.00000 0.00000 ( 1)  0.010
 471 F   1.00000 0.00000 ( 1)  0.010
 472 I   1.00000 0.00000 ( 1)  0.010
 473 I   1.00000 0.00000 ( 1)  0.010
 474 W   1.00000 0.00000 ( 1)  0.010
 475 E   1.00000 0.00000 ( 1)  0.010
 476 A   1.00000 0.00000 ( 1)  0.010
 477 F   1.00000 0.00000 ( 1)  0.010
 478 A   1.00000 0.00000 ( 1)  0.010
 479 S   1.00000 0.00000 ( 1)  0.010
 480 K   1.00000 0.00000 ( 1)  0.010
 481 R   1.00000 0.00000 ( 1)  0.010
 482 K   1.00000 0.00000 ( 1)  0.010
 483 I   1.00000 0.00000 ( 1)  0.010
 484 Q   0.00000 1.00000 ( 2)  1.000
 485 Q   1.00000 0.00000 ( 1)  0.010
 486 P   1.00000 0.00000 ( 1)  0.010
 487 A   1.00000 0.00000 ( 1)  0.010
 488 L   1.00000 0.00000 ( 1)  0.010
 489 T   1.00000 0.00000 ( 1)  0.010
 490 S   0.00000 1.00000 ( 2)  1.000
 491 T   1.00000 0.00000 ( 1)  0.010
 492 N   1.00000 0.00000 ( 1)  0.010
 493 I   1.00000 0.00000 ( 1)  0.010
 494 E   1.00000 0.00000 ( 1)  0.010
 495 W   1.00000 0.00000 ( 1)  0.010
 496 I   1.00000 0.00000 ( 1)  0.010
 497 H   1.00000 0.00000 ( 1)  0.010
 498 G   1.00000 0.00000 ( 1)  0.010
 499 C   1.00000 0.00000 ( 1)  0.010
 500 P   1.00000 0.00000 ( 1)  0.010
 501 P   1.00000 0.00000 ( 1)  0.010
 502 P   1.00000 0.00000 ( 1)  0.010
 503 Y   1.00000 0.00000 ( 1)  0.010
 504 H   1.00000 0.00000 ( 1)  0.010
 505 T   1.00000 0.00000 ( 1)  0.010
 506 F   1.00000 0.00000 ( 1)  0.010
 507 E   1.00000 0.00000 ( 1)  0.010
 508 E   1.00000 0.00000 ( 1)  0.010
 509 P   1.00000 0.00000 ( 1)  0.010
 510 A   1.00000 0.00000 ( 1)  0.010
 511 F   1.00000 0.00000 ( 1)  0.010
 512 V   1.00000 0.00000 ( 1)  0.010
 513 Q   1.00000 0.00000 ( 1)  0.010
 514 V   1.00000 0.00000 ( 1)  0.010
