   1 M   1.00000 0.00000 ( 1)  0.030
   2 A   1.00000 0.00000 ( 1)  0.030
   3 H   1.00000 0.00000 ( 1)  0.030
   4 Q   1.00000 0.00000 ( 1)  0.030
   5 A   1.00000 0.00000 ( 1)  0.030
   6 H   1.00000 0.00000 ( 1)  0.030
   7 S   1.00000 0.00000 ( 1)  0.030
   8 Y   1.00000 0.00000 ( 1)  0.030
   9 H   1.00000 0.00000 ( 1)  0.030
  10 L   1.00000 0.00000 ( 1)  0.030
  11 V   1.00000 0.00000 ( 1)  0.030
  12 D   1.00000 0.00000 ( 1)  0.030
  13 P   1.00000 0.00000 ( 1)  0.030
  14 S   1.00000 0.00000 ( 1)  0.030
  15 P   1.00000 0.00000 ( 1)  0.030
  16 W   1.00000 0.00000 ( 1)  0.030
  17 P   1.00000 0.00000 ( 1)  0.030
  18 I   1.00000 0.00000 ( 1)  0.030
  19 F   0.00000 1.00000 ( 2)  1.000
  20 G   1.00000 0.00000 ( 1)  0.030
  21 A   1.00000 0.00000 ( 1)  0.030
  22 A   0.00000 1.00000 ( 2)  1.000
  23 A   1.00000 0.00000 ( 1)  0.030
  24 A   1.00000 0.00000 ( 1)  0.030
  25 L   1.00000 0.00000 ( 1)  0.030
  26 L   1.00000 0.00000 ( 1)  0.030
  27 T   1.00000 0.00000 ( 1)  0.030
  28 A   1.00000 0.00000 ( 1)  0.030
  29 S   1.00000 0.00000 ( 1)  0.030
  30 G   1.00000 0.00000 ( 1)  0.030
  31 L   1.00000 0.00000 ( 1)  0.030
  32 V   1.00000 0.00000 ( 1)  0.030
  33 M   1.00000 0.00000 ( 1)  0.030
  34 W   1.00000 0.00000 ( 1)  0.030
  35 F   1.00000 0.00000 ( 1)  0.030
  36 H   1.00000 0.00000 ( 1)  0.030
  37 H   0.99940 0.00060 ( 1)  0.031
  38 S   1.00000 0.00000 ( 1)  0.030
  39 S   1.00000 0.00000 ( 1)  0.030
  40 P   1.00000 0.00000 ( 1)  0.030
  41 Q   0.00000 1.00000 ( 2)  1.000
  42 L   1.00000 0.00000 ( 1)  0.030
  43 L   1.00000 0.00000 ( 1)  0.030
  44 S   0.00000 1.00000 ( 2)  1.000
  45 L   0.00000 1.00000 ( 2)  1.000
  46 G   1.00000 0.00000 ( 1)  0.030
  47 L   1.00000 0.00000 ( 1)  0.030
  48 L   0.00000 1.00000 ( 2)  1.000
  49 S   1.00000 0.00000 ( 1)  0.030
  50 T   1.00000 0.00000 ( 1)  0.030
  51 A   0.00000 1.00000 ( 2)  1.000
  52 L   1.00000 0.00000 ( 1)  0.030
  53 V   1.00000 0.00000 ( 1)  0.030
  54 M   1.00000 0.00000 ( 1)  0.030
  55 Y   0.00000 1.00000 ( 2)  1.000
  56 Q   1.00000 0.00000 ( 1)  0.030
  57 W   1.00000 0.00000 ( 1)  0.030
  58 W   1.00000 0.00000 ( 1)  0.030
  59 R   1.00000 0.00000 ( 1)  0.030
  60 D   1.00000 0.00000 ( 1)  0.030
  61 I   1.00000 0.00000 ( 1)  0.030
  62 V   1.00000 0.00000 ( 1)  0.030
  63 R   1.00000 0.00000 ( 1)  0.030
  64 E   1.00000 0.00000 ( 1)  0.030
  65 S   1.00000 0.00000 ( 1)  0.030
  66 T   1.00000 0.00000 ( 1)  0.030
  67 F   1.00000 0.00000 ( 1)  0.030
  68 Q   1.00000 0.00000 ( 1)  0.030
  69 G   1.00000 0.00000 ( 1)  0.030
  70 H   1.00000 0.00000 ( 1)  0.030
  71 H   1.00000 0.00000 ( 1)  0.030
  72 T   1.00000 0.00000 ( 1)  0.030
  73 P   1.00000 0.00000 ( 1)  0.030
  74 T   1.00000 0.00000 ( 1)  0.030
  75 V   1.00000 0.00000 ( 1)  0.030
  76 Q   1.00000 0.00000 ( 1)  0.030
  77 K   1.00000 0.00000 ( 1)  0.030
  78 G   1.00000 0.00000 ( 1)  0.030
  79 L   1.00000 0.00000 ( 1)  0.030
  80 R   1.00000 0.00000 ( 1)  0.030
  81 Y   1.00000 0.00000 ( 1)  0.030
  82 G   1.00000 0.00000 ( 1)  0.030
  83 M   1.00000 0.00000 ( 1)  0.030
  84 I   1.00000 0.00000 ( 1)  0.030
  85 L   1.00000 0.00000 ( 1)  0.030
  86 F   1.00000 0.00000 ( 1)  0.030
  87 I   1.00000 0.00000 ( 1)  0.030
  88 T   1.00000 0.00000 ( 1)  0.030
  89 S   1.00000 0.00000 ( 1)  0.030
  90 E   1.00000 0.00000 ( 1)  0.030
  91 A   1.00000 0.00000 ( 1)  0.030
  92 F   1.00000 0.00000 ( 1)  0.030
  93 F   1.00000 0.00000 ( 1)  0.030
  94 F   1.00000 0.00000 ( 1)  0.030
  95 L   1.00000 0.00000 ( 1)  0.030
  96 G   1.00000 0.00000 ( 1)  0.030
  97 F   1.00000 0.00000 ( 1)  0.030
  98 F   1.00000 0.00000 ( 1)  0.030
  99 W   1.00000 0.00000 ( 1)  0.030
 100 A   1.00000 0.00000 ( 1)  0.030
 101 F   1.00000 0.00000 ( 1)  0.030
 102 F   1.00000 0.00000 ( 1)  0.030
 103 H   1.00000 0.00000 ( 1)  0.030
 104 S   1.00000 0.00000 ( 1)  0.030
 105 S   1.00000 0.00000 ( 1)  0.030
 106 L   1.00000 0.00000 ( 1)  0.030
 107 V   1.00000 0.00000 ( 1)  0.030
 108 P   1.00000 0.00000 ( 1)  0.030
 109 T   1.00000 0.00000 ( 1)  0.030
 110 P   1.00000 0.00000 ( 1)  0.030
 111 E   1.00000 0.00000 ( 1)  0.030
 112 L   1.00000 0.00000 ( 1)  0.030
 113 G   1.00000 0.00000 ( 1)  0.030
 114 G   1.00000 0.00000 ( 1)  0.030
 115 Q   1.00000 0.00000 ( 1)  0.030
 116 W   1.00000 0.00000 ( 1)  0.030
 117 P   1.00000 0.00000 ( 1)  0.030
 118 P   1.00000 0.00000 ( 1)  0.030
 119 T   1.00000 0.00000 ( 1)  0.030
 120 G   1.00000 0.00000 ( 1)  0.030
 121 I   1.00000 0.00000 ( 1)  0.030
 122 K   1.00000 0.00000 ( 1)  0.030
 123 P   1.00000 0.00000 ( 1)  0.030
 124 L   1.00000 0.00000 ( 1)  0.030
 125 N   1.00000 0.00000 ( 1)  0.030
 126 P   1.00000 0.00000 ( 1)  0.030
 127 L   1.00000 0.00000 ( 1)  0.030
 128 E   1.00000 0.00000 ( 1)  0.030
 129 V   1.00000 0.00000 ( 1)  0.030
 130 P   1.00000 0.00000 ( 1)  0.030
 131 L   1.00000 0.00000 ( 1)  0.030
 132 L   1.00000 0.00000 ( 1)  0.030
 133 N   1.00000 0.00000 ( 1)  0.030
 134 T   1.00000 0.00000 ( 1)  0.030
 135 A   1.00000 0.00000 ( 1)  0.030
 136 I   1.00000 0.00000 ( 1)  0.030
 137 L   1.00000 0.00000 ( 1)  0.030
 138 L   1.00000 0.00000 ( 1)  0.030
 139 A   1.00000 0.00000 ( 1)  0.030
 140 S   1.00000 0.00000 ( 1)  0.030
 141 G   1.00000 0.00000 ( 1)  0.030
 142 V   1.00000 0.00000 ( 1)  0.030
 143 T   1.00000 0.00000 ( 1)  0.030
 144 V   1.00000 0.00000 ( 1)  0.030
 145 T   1.00000 0.00000 ( 1)  0.030
 146 W   1.00000 0.00000 ( 1)  0.030
 147 A   1.00000 0.00000 ( 1)  0.030
 148 H   1.00000 0.00000 ( 1)  0.030
 149 H   1.00000 0.00000 ( 1)  0.030
 150 S   1.00000 0.00000 ( 1)  0.030
 151 I   1.00000 0.00000 ( 1)  0.030
 152 T   1.00000 0.00000 ( 1)  0.030
 153 E   1.00000 0.00000 ( 1)  0.030
 154 A   0.00000 1.00000 ( 2)  1.000
 155 N   1.00000 0.00000 ( 1)  0.030
 156 R   1.00000 0.00000 ( 1)  0.030
 157 K   1.00000 0.00000 ( 1)  0.030
 158 Q   1.00000 0.00000 ( 1)  0.030
 159 A   1.00000 0.00000 ( 1)  0.030
 160 V   1.00000 0.00000 ( 1)  0.030
 161 Q   0.00000 1.00000 ( 2)  1.000
 162 A   1.00000 0.00000 ( 1)  0.030
 163 L   1.00000 0.00000 ( 1)  0.030
 164 T   0.00000 1.00000 ( 2)  1.000
 165 M   1.00000 0.00000 ( 1)  0.030
 166 T   1.00000 0.00000 ( 1)  0.030
 167 V   1.00000 0.00000 ( 1)  0.030
 168 L   1.00000 0.00000 ( 1)  0.030
 169 L   1.00000 0.00000 ( 1)  0.030
 170 G   1.00000 0.00000 ( 1)  0.030
 171 F   1.00000 0.00000 ( 1)  0.030
 172 Y   1.00000 0.00000 ( 1)  0.030
 173 F   1.00000 0.00000 ( 1)  0.030
 174 T   1.00000 0.00000 ( 1)  0.030
 175 A   0.00000 1.00000 ( 2)  1.000
 176 L   1.00000 0.00000 ( 1)  0.030
 177 Q   1.00000 0.00000 ( 1)  0.030
 178 M   1.00000 0.00000 ( 1)  0.030
 179 M   1.00000 0.00000 ( 1)  0.030
 180 E   1.00000 0.00000 ( 1)  0.030
 181 Y   1.00000 0.00000 ( 1)  0.030
 182 Y   1.00000 0.00000 ( 1)  0.030
 183 E   1.00000 0.00000 ( 1)  0.030
 184 A   1.00000 0.00000 ( 1)  0.030
 185 P   1.00000 0.00000 ( 1)  0.030
 186 F   1.00000 0.00000 ( 1)  0.030
 187 S   1.00000 0.00000 ( 1)  0.030
 188 I   1.00000 0.00000 ( 1)  0.030
 189 A   1.00000 0.00000 ( 1)  0.030
 190 D   1.00000 0.00000 ( 1)  0.030
 191 G   1.00000 0.00000 ( 1)  0.030
 192 V   1.00000 0.00000 ( 1)  0.030
 193 Y   1.00000 0.00000 ( 1)  0.030
 194 G   1.00000 0.00000 ( 1)  0.030
 195 S   1.00000 0.00000 ( 1)  0.030
 196 T   1.00000 0.00000 ( 1)  0.030
 197 F   1.00000 0.00000 ( 1)  0.030
 198 F   1.00000 0.00000 ( 1)  0.030
 199 V   1.00000 0.00000 ( 1)  0.030
 200 A   1.00000 0.00000 ( 1)  0.030
 201 T   1.00000 0.00000 ( 1)  0.030
 202 G   1.00000 0.00000 ( 1)  0.030
 203 F   1.00000 0.00000 ( 1)  0.030
 204 H   1.00000 0.00000 ( 1)  0.030
 205 G   1.00000 0.00000 ( 1)  0.030
 206 L   1.00000 0.00000 ( 1)  0.030
 207 H   1.00000 0.00000 ( 1)  0.030
 208 V   1.00000 0.00000 ( 1)  0.030
 209 I   1.00000 0.00000 ( 1)  0.030
 210 I   1.00000 0.00000 ( 1)  0.030
 211 G   1.00000 0.00000 ( 1)  0.030
 212 S   1.00000 0.00000 ( 1)  0.030
 213 S   1.00000 0.00000 ( 1)  0.030
 214 F   1.00000 0.00000 ( 1)  0.030
 215 L   1.00000 0.00000 ( 1)  0.030
 216 L   0.00000 1.00000 ( 2)  1.000
 217 V   1.00000 0.00000 ( 1)  0.030
 218 C   1.00000 0.00000 ( 1)  0.030
 219 L   1.00000 0.00000 ( 1)  0.030
 220 L   1.00000 0.00000 ( 1)  0.030
 221 R   1.00000 0.00000 ( 1)  0.030
 222 L   1.00000 0.00000 ( 1)  0.030
 223 T   1.00000 0.00000 ( 1)  0.030
 224 K   1.00000 0.00000 ( 1)  0.030
 225 F   1.00000 0.00000 ( 1)  0.030
 226 H   1.00000 0.00000 ( 1)  0.030
 227 F   1.00000 0.00000 ( 1)  0.030
 228 T   1.00000 0.00000 ( 1)  0.030
 229 S   1.00000 0.00000 ( 1)  0.030
 230 N   1.00000 0.00000 ( 1)  0.030
 231 H   1.00000 0.00000 ( 1)  0.030
 232 H   1.00000 0.00000 ( 1)  0.030
 233 F   1.00000 0.00000 ( 1)  0.030
 234 G   1.00000 0.00000 ( 1)  0.030
 235 F   1.00000 0.00000 ( 1)  0.030
 236 E   1.00000 0.00000 ( 1)  0.030
 237 A   1.00000 0.00000 ( 1)  0.030
 238 A   1.00000 0.00000 ( 1)  0.030
 239 A   1.00000 0.00000 ( 1)  0.030
 240 W   1.00000 0.00000 ( 1)  0.030
 241 Y   1.00000 0.00000 ( 1)  0.030
 242 W   1.00000 0.00000 ( 1)  0.030
 243 H   1.00000 0.00000 ( 1)  0.030
 244 F   1.00000 0.00000 ( 1)  0.030
 245 V   1.00000 0.00000 ( 1)  0.030
 246 D   1.00000 0.00000 ( 1)  0.030
 247 V   1.00000 0.00000 ( 1)  0.030
 248 I   1.00000 0.00000 ( 1)  0.030
 249 W   1.00000 0.00000 ( 1)  0.030
 250 L   1.00000 0.00000 ( 1)  0.030
 251 F   1.00000 0.00000 ( 1)  0.030
 252 L   1.00000 0.00000 ( 1)  0.030
 253 Y   1.00000 0.00000 ( 1)  0.030
 254 M   1.00000 0.00000 ( 1)  0.030
 255 T   1.00000 0.00000 ( 1)  0.030
 256 I   1.00000 0.00000 ( 1)  0.030
 257 Y   1.00000 0.00000 ( 1)  0.030
 258 W   1.00000 0.00000 ( 1)  0.030
 259 W   1.00000 0.00000 ( 1)  0.030
 260 G   1.00000 0.00000 ( 1)  0.030
 261 S   1.00000 0.00000 ( 1)  0.030
