   1 M   0.98816 0.01184 0.00000 ( 1)  0.160 +-  0.092
   2 F   0.00268 0.99732 0.00000 ( 2)  0.998 +-  0.044
   3 P   0.00000 1.00000 0.00000 ( 2)  1.000 +-  0.000
   4 V   0.00000 1.00000 0.00000 ( 2)  1.000 +-  0.002
   5 A   0.00000 1.00000 0.00000 ( 2)  1.000 +-  0.000
   6 R   0.00000 1.00000 0.00000 ( 2)  1.000 +-  0.000
   7 A   0.00000 1.00000 0.00000 ( 2)  1.000 +-  0.001
   8 A   0.00000 1.00000 0.00000 ( 2)  1.000 +-  0.000
   9 L   0.00000 1.00000 0.00000 ( 2)  1.000 +-  0.000
  10 N   0.00000 1.00000 0.00000 ( 2)  1.000 +-  0.000
  11 L   0.00000 1.00000 0.00000 ( 2)  1.000 +-  0.000
  12 A   0.00000 0.00000 1.00000 ( 3)  4.143 +-  0.526
  13 A   1.00000 0.00000 0.00000 ( 1)  0.150 +-  0.001
  14 R   1.00000 0.00000 0.00000 ( 1)  0.150 +-  0.000
  15 G   0.00105 0.99895 0.00000 ( 2)  0.999 +-  0.028
  16 V   0.09748 0.90252 0.00000 ( 2)  0.917 +-  0.252
  17 Q   0.11930 0.88070 0.00000 ( 2)  0.899 +-  0.276
  18 H   0.00000 1.00000 0.00000 ( 2)  1.000 +-  0.000
  19 T   0.99998 0.00002 0.00000 ( 1)  0.150 +-  0.004
  20 A   1.00000 0.00000 0.00000 ( 1)  0.150 +-  0.001
  21 V   1.00000 0.00000 0.00000 ( 1)  0.150 +-  0.000
  22 R   1.00000 0.00000 0.00000 ( 1)  0.150 +-  0.000
  23 Q   0.00000 1.00000 0.00000 ( 2)  1.000 +-  0.000
  24 A   0.99890 0.00110 0.00000 ( 1)  0.151 +-  0.028
  25 H   1.00000 0.00000 0.00000 ( 1)  0.150 +-  0.000
  26 R   0.00130 0.99870 0.00000 ( 2)  0.999 +-  0.031
  27 K   1.00000 0.00000 0.00000 ( 1)  0.150 +-  0.000
  28 R   0.00000 1.00000 0.00000 ( 2)  1.000 +-  0.000
  29 E   1.00000 0.00000 0.00000 ( 1)  0.150 +-  0.001
  30 P   1.00000 0.00000 0.00000 ( 1)  0.150 +-  0.001
  31 D   0.00000 1.00000 0.00000 ( 2)  1.000 +-  0.000
  32 F   1.00000 0.00000 0.00000 ( 1)  0.150 +-  0.000
  33 H   1.00000 0.00000 0.00000 ( 1)  0.150 +-  0.000
  34 D   1.00000 0.00000 0.00000 ( 1)  0.150 +-  0.000
  35 K   1.00000 0.00000 0.00000 ( 1)  0.150 +-  0.000
  36 Y   1.00000 0.00000 0.00000 ( 1)  0.150 +-  0.000
  37 G   1.00000 0.00000 0.00000 ( 1)  0.150 +-  0.000
  38 T   1.00000 0.00000 0.00000 ( 1)  0.150 +-  0.002
  39 M   0.00002 0.99998 0.00000 ( 2)  1.000 +-  0.004
  40 V   0.93935 0.06065 0.00000 ( 1)  0.202 +-  0.203
  41 L   1.00000 0.00000 0.00000 ( 1)  0.150 +-  0.000
  42 L   1.00000 0.00000 0.00000 ( 1)  0.150 +-  0.000
  43 G   1.00000 0.00000 0.00000 ( 1)  0.150 +-  0.000
  44 G   1.00000 0.00000 0.00000 ( 1)  0.150 +-  0.000
  45 A   1.00000 0.00000 0.00000 ( 1)  0.150 +-  0.001
  46 A   0.00000 1.00000 0.00000 ( 2)  1.000 +-  0.000
  47 V   0.00000 1.00000 0.00000 ( 2)  1.000 +-  0.000
  48 F   1.00000 0.00000 0.00000 ( 1)  0.150 +-  0.001
  49 A   0.00008 0.99992 0.00000 ( 2)  1.000 +-  0.007
  50 S   0.00000 0.99999 0.00001 ( 2)  1.000 +-  0.006
  51 V   1.00000 0.00000 0.00000 ( 1)  0.150 +-  0.000
  52 W   0.99980 0.00020 0.00000 ( 1)  0.150 +-  0.012
  53 G   0.00000 1.00000 0.00000 ( 2)  1.000 +-  0.000
  54 Y   1.00000 0.00000 0.00000 ( 1)  0.150 +-  0.000
  55 V   1.00000 0.00000 0.00000 ( 1)  0.150 +-  0.000
  56 L   0.00000 0.99999 0.00001 ( 2)  1.000 +-  0.005
  57 T   1.00000 0.00000 0.00000 ( 1)  0.150 +-  0.000
  58 Q   0.00000 1.00000 0.00000 ( 2)  1.000 +-  0.001
  59 L   0.00005 0.99995 0.00000 ( 2)  1.000 +-  0.006
  60 G   0.00000 1.00000 0.00000 ( 2)  1.000 +-  0.001
  61 I   0.00000 1.00000 0.00000 ( 2)  1.000 +-  0.000
  62 E   0.71495 0.28505 0.00000 ( 1)  0.392 +-  0.384
  63 W   0.99874 0.00126 0.00000 ( 1)  0.151 +-  0.030
  64 G   1.00000 0.00000 0.00000 ( 1)  0.150 +-  0.000
  65 L   0.00000 1.00000 0.00000 ( 2)  1.000 +-  0.000
  66 S   1.00000 0.00000 0.00000 ( 1)  0.150 +-  0.000
  67 P   1.00000 0.00000 0.00000 ( 1)  0.150 +-  0.000
  68 V   0.09676 0.90324 0.00000 ( 2)  0.918 +-  0.251
  69 G   0.99997 0.00003 0.00000 ( 1)  0.150 +-  0.005
  70 R   1.00000 0.00000 0.00000 ( 1)  0.150 +-  0.000
  71 V   0.00000 1.00000 0.00000 ( 2)  1.000 +-  0.000
  72 T   1.00000 0.00000 0.00000 ( 1)  0.150 +-  0.001
  73 P   1.00000 0.00000 0.00000 ( 1)  0.150 +-  0.000
  74 R   0.00000 1.00000 0.00000 ( 2)  1.000 +-  0.000
  75 E   1.00000 0.00000 0.00000 ( 1)  0.150 +-  0.000
  76 W   0.99925 0.00075 0.00000 ( 1)  0.151 +-  0.023
  77 R   1.00000 0.00000 0.00000 ( 1)  0.150 +-  0.001
  78 E   0.99995 0.00005 0.00000 ( 1)  0.150 +-  0.006
