   1 M   1.00000 0.00000 ( 1)  0.110
   2 A   0.99999 0.00001 ( 1)  0.110
   3 A   0.15187 0.84813 ( 2)  0.865
   4 L   1.00000 0.00000 ( 1)  0.110
   5 G   0.03564 0.96436 ( 2)  0.968
   6 R   0.99526 0.00474 ( 1)  0.114
   7 V   0.00000 1.00000 ( 2)  1.000
   8 S   1.00000 0.00000 ( 1)  0.110
   9 R   1.00000 0.00000 ( 1)  0.110
  10 L   0.00000 1.00000 ( 2)  1.000
  11 P   0.99866 0.00134 ( 1)  0.111
  12 G   0.00000 1.00000 ( 2)  1.000
  13 R   1.00000 0.00000 ( 1)  0.110
  14 S   0.00000 1.00000 ( 2)  1.000
  15 M   0.00000 1.00000 ( 2)  1.000
  16 S   0.98504 0.01496 ( 1)  0.123
  17 A   0.93405 0.06595 ( 1)  0.169
  18 A   0.00223 0.99777 ( 2)  0.998
  19 A   0.99941 0.00059 ( 1)  0.110
  20 H   1.00000 0.00000 ( 1)  0.110
  21 E   0.80649 0.19351 ( 1)  0.282
  22 A   0.00000 1.00000 ( 2)  1.000
  23 G   0.99994 0.00006 ( 1)  0.110
  24 G   0.99993 0.00007 ( 1)  0.110
  25 A   1.00000 0.00000 ( 1)  0.110
  26 R   1.00000 0.00000 ( 1)  0.110
  27 L   0.90614 0.09386 ( 1)  0.193
  28 W   1.00000 0.00000 ( 1)  0.110
  29 K   0.00021 0.99979 ( 2)  1.000
  30 L   0.00000 1.00000 ( 2)  1.000
  31 L   1.00000 0.00000 ( 1)  0.110
  32 S   0.00000 1.00000 ( 2)  1.000
  33 F   1.00000 0.00000 ( 1)  0.110
  34 V   1.00000 0.00000 ( 1)  0.110
  35 V   1.00000 0.00000 ( 1)  0.110
  36 A   1.00000 0.00000 ( 1)  0.110
  37 L   1.00000 0.00000 ( 1)  0.110
  38 P   1.00000 0.00000 ( 1)  0.110
  39 G   1.00000 0.00000 ( 1)  0.110
  40 V   1.00000 0.00000 ( 1)  0.110
  41 G   0.00000 1.00000 ( 2)  1.000
  42 V   1.00000 0.00000 ( 1)  0.110
  43 C   1.00000 0.00000 ( 1)  0.110
  44 M   1.00000 0.00000 ( 1)  0.110
  45 L   1.00000 0.00000 ( 1)  0.110
  46 N   1.00000 0.00000 ( 1)  0.110
  47 C   0.99999 0.00001 ( 1)  0.110
  48 Y   1.00000 0.00000 ( 1)  0.110
  49 L   1.00000 0.00000 ( 1)  0.110
  50 K   0.99912 0.00088 ( 1)  0.111
  51 A   0.00000 1.00000 ( 2)  1.000
  52 Q   0.00001 0.99999 ( 2)  1.000
  53 E   0.00011 0.99989 ( 2)  1.000
  54 R   1.00000 0.00000 ( 1)  0.110
  55 P   1.00000 0.00000 ( 1)  0.110
  56 E   1.00000 0.00000 ( 1)  0.110
  57 F   1.00000 0.00000 ( 1)  0.110
  58 V   0.98518 0.01482 ( 1)  0.123
  59 P   1.00000 0.00000 ( 1)  0.110
  60 Y   1.00000 0.00000 ( 1)  0.110
  61 T   0.00000 1.00000 ( 2)  1.000
  62 H   1.00000 0.00000 ( 1)  0.110
  63 L   1.00000 0.00000 ( 1)  0.110
  64 R   1.00000 0.00000 ( 1)  0.110
  65 I   1.00000 0.00000 ( 1)  0.110
  66 R   1.00000 0.00000 ( 1)  0.110
  67 T   1.00000 0.00000 ( 1)  0.110
  68 K   1.00000 0.00000 ( 1)  0.110
  69 P   0.97524 0.02476 ( 1)  0.132
  70 F   1.00000 0.00000 ( 1)  0.110
  71 P   1.00000 0.00000 ( 1)  0.110
  72 W   1.00000 0.00000 ( 1)  0.110
  73 G   1.00000 0.00000 ( 1)  0.110
  74 D   1.00000 0.00000 ( 1)  0.110
  75 G   1.00000 0.00000 ( 1)  0.110
  76 N   0.99852 0.00148 ( 1)  0.111
  77 K   0.03113 0.96887 ( 2)  0.972
  78 T   0.99993 0.00007 ( 1)  0.110
  79 L   1.00000 0.00000 ( 1)  0.110
  80 F   0.99999 0.00001 ( 1)  0.110
  81 H   1.00000 0.00000 ( 1)  0.110
  82 N   0.99999 0.00001 ( 1)  0.110
  83 P   1.00000 0.00000 ( 1)  0.110
  84 H   1.00000 0.00000 ( 1)  0.110
  85 V   0.00000 1.00000 ( 2)  1.000
  86 N   1.00000 0.00000 ( 1)  0.110
  87 A   0.00000 1.00000 ( 2)  1.000
  88 L   1.00000 0.00000 ( 1)  0.110
  89 P   0.99999 0.00001 ( 1)  0.110
  90 T   0.99999 0.00001 ( 1)  0.110
  91 G   0.99999 0.00001 ( 1)  0.110
  92 Y   0.98989 0.01011 ( 1)  0.119
  93 E   0.99998 0.00002 ( 1)  0.110
  94 D   0.98849 0.01151 ( 1)  0.120
