   1 A   0.15155 0.84845 0.00000 ( 2)  0.871 +-  0.305
   2 L   0.95439 0.04560 0.00000 ( 1)  0.189 +-  0.177
   3 R   0.00001 0.99950 0.00050 ( 2)  1.001 +-  0.031
   4 Q   0.13376 0.86623 0.00001 ( 2)  0.886 +-  0.289
   5 I   0.00007 0.99993 0.00000 ( 2)  1.000 +-  0.007
   6 S   0.99490 0.00510 0.00000 ( 1)  0.154 +-  0.061
   7 Q   0.00000 0.99076 0.00924 ( 2)  1.014 +-  0.142
   8 R   1.00000 0.00000 0.00000 ( 1)  0.150 +-  0.000
   9 T   0.99597 0.00403 0.00000 ( 1)  0.153 +-  0.054
  10 I   1.00000 0.00000 0.00000 ( 1)  0.150 +-  0.000
  11 S   1.00000 0.00000 0.00000 ( 1)  0.150 +-  0.000
  12 T   1.00000 0.00000 0.00000 ( 1)  0.150 +-  0.000
  13 A   1.00000 0.00000 0.00000 ( 1)  0.150 +-  0.001
  14 S   0.98872 0.01128 0.00000 ( 1)  0.160 +-  0.090
  15 R   0.99869 0.00131 0.00000 ( 1)  0.151 +-  0.031
  16 M   1.00000 0.00000 0.00000 ( 1)  0.150 +-  0.000
  17 H   0.21152 0.78833 0.00015 ( 2)  0.820 +-  0.348
  18 I   0.00000 0.00000 1.00000 ( 3)  2.500 +-  0.019
  19 E   0.00000 0.99999 0.00001 ( 2)  1.000 +-  0.001
  20 N   1.00000 0.00000 0.00000 ( 1)  0.150 +-  0.000
  21 R   0.00442 0.99558 0.00000 ( 2)  0.996 +-  0.056
  22 V   0.99944 0.00056 0.00000 ( 1)  0.150 +-  0.020
  23 P   0.00000 0.99994 0.00006 ( 2)  1.000 +-  0.004
  24 E   1.00000 0.00000 0.00000 ( 1)  0.150 +-  0.000
  25 K   0.00000 0.99072 0.00928 ( 2)  1.014 +-  0.142
  26 Q   0.99950 0.00050 0.00000 ( 1)  0.150 +-  0.019
  27 K   1.00000 0.00000 0.00000 ( 1)  0.150 +-  0.002
  28 L   0.00529 0.99453 0.00019 ( 2)  0.996 +-  0.064
  29 F   1.00000 0.00000 0.00000 ( 1)  0.150 +-  0.000
  30 Q   0.99750 0.00250 0.00000 ( 1)  0.152 +-  0.042
  31 E   1.00000 0.00000 0.00000 ( 1)  0.150 +-  0.000
  32 D   1.00000 0.00000 0.00000 ( 1)  0.150 +-  0.000
  33 N   1.00000 0.00000 0.00000 ( 1)  0.150 +-  0.000
  34 G   1.00000 0.00000 0.00000 ( 1)  0.150 +-  0.001
  35 L   0.99459 0.00541 0.00000 ( 1)  0.155 +-  0.062
  36 P   1.00000 0.00000 0.00000 ( 1)  0.150 +-  0.000
  37 V   1.00000 0.00000 0.00000 ( 1)  0.150 +-  0.000
  38 H   0.99983 0.00017 0.00000 ( 1)  0.150 +-  0.011
  39 L   0.99995 0.00005 0.00000 ( 1)  0.150 +-  0.006
  40 K   1.00000 0.00000 0.00000 ( 1)  0.150 +-  0.000
  41 G   1.00000 0.00000 0.00000 ( 1)  0.150 +-  0.001
  42 G   1.00000 0.00000 0.00000 ( 1)  0.150 +-  0.000
  43 A   0.00000 0.99992 0.00008 ( 2)  1.000 +-  0.006
  44 M   0.96203 0.03797 0.00000 ( 1)  0.182 +-  0.162
  45 D   1.00000 0.00000 0.00000 ( 1)  0.150 +-  0.000
  46 S   0.00000 0.06812 0.93188 ( 3)  2.397 +-  0.378
  47 L   0.00000 0.87265 0.12735 ( 2)  1.191 +-  0.500
  48 L   0.90916 0.09084 0.00000 ( 1)  0.227 +-  0.244
  49 Y   0.99999 0.00001 0.00000 ( 1)  0.150 +-  0.003
  50 R   0.00001 0.99997 0.00002 ( 2)  1.000 +-  0.004
  51 T   0.00000 0.01007 0.98993 ( 3)  2.485 +-  0.151
  52 T   1.00000 0.00000 0.00000 ( 1)  0.150 +-  0.001
  53 M   0.00000 0.99999 0.00001 ( 2)  1.000 +-  0.002
  54 C   0.00001 0.99996 0.00003 ( 2)  1.000 +-  0.005
  55 L   0.00000 0.99656 0.00344 ( 2)  1.005 +-  0.086
  56 T   0.00000 0.26430 0.73570 ( 3)  2.103 +-  0.661
  57 V   0.00000 0.13869 0.86131 ( 3)  2.292 +-  0.519
  58 F   0.00000 0.99998 0.00002 ( 2)  1.000 +-  0.003
  59 G   1.00000 0.00000 0.00000 ( 1)  0.150 +-  0.000
  60 T   0.72905 0.27095 0.00000 ( 1)  0.380 +-  0.378
  61 A   0.00000 0.41991 0.58009 ( 3)  1.870 +-  0.740
  62 Y   0.87612 0.12388 0.00000 ( 1)  0.255 +-  0.280
  63 A   0.00000 0.87295 0.12705 ( 2)  1.190 +-  0.499
  64 I   0.00000 0.84748 0.15252 ( 2)  1.228 +-  0.539
  65 Y   0.99947 0.00053 0.00000 ( 1)  0.150 +-  0.020
  66 H   0.00000 0.00018 0.99982 ( 3)  2.499 +-  0.028
  67 L   0.99997 0.00003 0.00000 ( 1)  0.150 +-  0.005
  68 L   0.00000 0.00021 0.99979 ( 3)  2.499 +-  0.029
  69 V   0.00000 0.00012 0.99988 ( 3)  2.499 +-  0.025
  70 S   0.00000 0.99924 0.00076 ( 2)  1.001 +-  0.037
  71 S   0.99996 0.00004 0.00000 ( 1)  0.150 +-  0.005
  72 M   0.99978 0.00022 0.00000 ( 1)  0.150 +-  0.012
  73 P   1.00000 0.00000 0.00000 ( 1)  0.150 +-  0.000
  74 K   1.00000 0.00000 0.00000 ( 1)  0.150 +-  0.000
  75 K   0.99967 0.00033 0.00000 ( 1)  0.150 +-  0.015
  76 Q   0.99986 0.00014 0.00000 ( 1)  0.150 +-  0.010
  77 N   0.99733 0.00267 0.00000 ( 1)  0.152 +-  0.044
