   1 V   0.00000 1.00000 ( 2)  1.000
   2 T   0.00000 1.00000 ( 2)  1.000
   3 S   0.73558 0.26442 ( 1)  0.430
   4 K   0.00038 0.99962 ( 2)  1.000
   5 P   1.00000 0.00000 ( 1)  0.225
   6 P   1.00000 0.00000 ( 1)  0.225
   7 E   0.96753 0.03247 ( 1)  0.250
   8 H   0.00000 1.00000 ( 2)  1.000
   9 P   0.99741 0.00259 ( 1)  0.227
  10 I   0.00687 0.99313 ( 2)  0.995
  11 S   0.00004 0.99996 ( 2)  1.000
  12 A   0.00000 1.00000 ( 2)  1.000
  13 G   0.00044 0.99956 ( 2)  1.000
  14 E   1.00000 0.00000 ( 1)  0.225
  15 Q   0.00001 0.99999 ( 2)  1.000
  16 A   0.00812 0.99188 ( 2)  0.994
  17 I   0.16159 0.83841 ( 2)  0.875
  18 A   0.99994 0.00006 ( 1)  0.225
  19 L   0.02660 0.97340 ( 2)  0.979
  20 A   0.00000 1.00000 ( 2)  1.000
  21 A   0.12998 0.87002 ( 2)  0.899
  22 M   0.99940 0.00060 ( 1)  0.225
  23 F   0.16574 0.83426 ( 2)  0.871
  24 T   0.00000 1.00000 ( 2)  1.000
  25 C   0.00000 1.00000 ( 2)  1.000
  26 F   0.11912 0.88088 ( 2)  0.908
  27 L   0.99136 0.00864 ( 1)  0.231
  28 A   0.75311 0.24689 ( 1)  0.416
  29 P   1.00000 0.00000 ( 1)  0.225
  30 T   0.99983 0.00017 ( 1)  0.225
  31 A   0.99936 0.00064 ( 1)  0.225
  32 W   1.00000 0.00000 ( 1)  0.225
  33 V   0.99788 0.00212 ( 1)  0.226
  34 L   0.99999 0.00001 ( 1)  0.225
  35 A   0.00579 0.99421 ( 2)  0.996
  36 H   1.00000 0.00000 ( 1)  0.225
  37 V   0.98289 0.01711 ( 1)  0.238
  38 F   0.00196 0.99804 ( 2)  0.998
  39 N   1.00000 0.00000 ( 1)  0.225
  40 T   1.00000 0.00000 ( 1)  0.225
  41 L   0.99978 0.00022 ( 1)  0.225
  42 T   0.77599 0.22401 ( 1)  0.398
  43 K   0.99999 0.00001 ( 1)  0.225
  44 S   0.99989 0.00011 ( 1)  0.225
