   1 M   1.00000 0.00000 ( 1)  0.095
   2 L   0.00000 1.00000 ( 2)  1.000
   3 S   0.03412 0.96588 ( 2)  0.969
   4 A   0.00000 1.00000 ( 2)  1.000
   5 S   0.00000 1.00000 ( 2)  1.000
   6 V   0.00970 0.99030 ( 2)  0.991
   7 R   1.00000 0.00000 ( 1)  0.095
   8 T   1.00000 0.00000 ( 1)  0.095
   9 S   1.00000 0.00000 ( 1)  0.095
  10 A   0.77577 0.22423 ( 1)  0.298
  11 L   0.05226 0.94774 ( 2)  0.953
  12 R   1.00000 0.00000 ( 1)  0.095
  13 R   1.00000 0.00000 ( 1)  0.095
  14 S   0.99498 0.00502 ( 1)  0.099
  15 H   1.00000 0.00000 ( 1)  0.095
  16 Y   0.99993 0.00007 ( 1)  0.095
  17 E   1.00000 0.00000 ( 1)  0.095
  18 E   0.00000 1.00000 ( 2)  1.000
  19 G   1.00000 0.00000 ( 1)  0.095
  20 P   1.00000 0.00000 ( 1)  0.095
  21 G   0.99556 0.00444 ( 1)  0.099
  22 K   0.99812 0.00188 ( 1)  0.097
  23 N   1.00000 0.00000 ( 1)  0.095
  24 L   1.00000 0.00000 ( 1)  0.095
  25 P   1.00000 0.00000 ( 1)  0.095
  26 F   1.00000 0.00000 ( 1)  0.095
  27 S   1.00000 0.00000 ( 1)  0.095
  28 V   1.00000 0.00000 ( 1)  0.095
  29 D   1.00000 0.00000 ( 1)  0.095
  30 N   1.00000 0.00000 ( 1)  0.095
  31 K   1.00000 0.00000 ( 1)  0.095
  32 W   1.00000 0.00000 ( 1)  0.095
  33 R   1.00000 0.00000 ( 1)  0.095
  34 L   1.00000 0.00000 ( 1)  0.095
  35 L   1.00000 0.00000 ( 1)  0.095
  36 V   0.00000 1.00000 ( 2)  1.000
  37 L   0.00000 1.00000 ( 2)  1.000
  38 M   1.00000 0.00000 ( 1)  0.095
  39 C   1.00000 0.00000 ( 1)  0.095
  40 G   0.00000 1.00000 ( 2)  1.000
  41 F   1.00000 0.00000 ( 1)  0.095
  42 F   1.00000 0.00000 ( 1)  0.095
  43 G   1.00000 0.00000 ( 1)  0.095
  44 S   1.00000 0.00000 ( 1)  0.095
  45 G   1.00000 0.00000 ( 1)  0.095
  46 F   1.00000 0.00000 ( 1)  0.095
  47 A   0.00011 0.99989 ( 2)  1.000
  48 A   1.00000 0.00000 ( 1)  0.095
  49 P   1.00000 0.00000 ( 1)  0.095
  50 F   1.00000 0.00000 ( 1)  0.095
  51 F   0.00000 1.00000 ( 2)  1.000
  52 I   1.00000 0.00000 ( 1)  0.095
  53 V   1.00000 0.00000 ( 1)  0.095
  54 R   1.00000 0.00000 ( 1)  0.095
  55 H   1.00000 0.00000 ( 1)  0.095
  56 Q   1.00000 0.00000 ( 1)  0.095
  57 L   1.00000 0.00000 ( 1)  0.095
  58 L   1.00000 0.00000 ( 1)  0.095
  59 K   1.00000 0.00000 ( 1)  0.095
  60 K   1.00000 0.00000 ( 1)  0.095
