   1 G   0.00000 1.00000 ( 2)  1.000
   2 L   1.00000 0.00000 ( 1)  0.033
   3 A   1.00000 0.00000 ( 1)  0.033
   4 S   0.04277 0.95723 ( 2)  0.959
   5 D   1.00000 0.00000 ( 1)  0.033
   6 E   0.07495 0.92505 ( 2)  0.928
   7 E   1.00000 0.00000 ( 1)  0.033
   8 Q   1.00000 0.00000 ( 1)  0.033
   9 A   1.00000 0.00000 ( 1)  0.033
  10 T   1.00000 0.00000 ( 1)  0.033
  11 G   1.00000 0.00000 ( 1)  0.033
  12 L   0.00000 1.00000 ( 2)  1.000
  13 E   1.00000 0.00000 ( 1)  0.033
  14 R   1.00000 0.00000 ( 1)  0.033
  15 K   1.00000 0.00000 ( 1)  0.033
  16 V   1.00000 0.00000 ( 1)  0.033
  17 L   0.00000 1.00000 ( 2)  1.000
  18 E   0.00225 0.99775 ( 2)  0.998
  19 A   1.00000 0.00000 ( 1)  0.033
  20 M   0.00000 1.00000 ( 2)  1.000
  21 N   0.99981 0.00019 ( 1)  0.033
  22 K   0.99997 0.00003 ( 1)  0.033
  23 G   1.00000 0.00000 ( 1)  0.033
  24 L   0.01256 0.98744 ( 2)  0.988
  25 D   1.00000 0.00000 ( 1)  0.033
  26 P   1.00000 0.00000 ( 1)  0.033
  27 Y   0.99984 0.00016 ( 1)  0.033
  28 S   0.99996 0.00004 ( 1)  0.033
  29 M   1.00000 0.00000 ( 1)  0.033
  30 F   1.00000 0.00000 ( 1)  0.033
  31 R   1.00000 0.00000 ( 1)  0.033
  32 P   1.00000 0.00000 ( 1)  0.033
  33 K   1.00000 0.00000 ( 1)  0.033
  34 R   1.00000 0.00000 ( 1)  0.033
  35 Y   1.00000 0.00000 ( 1)  0.033
  36 A   0.98199 0.01801 ( 1)  0.051
  37 G   1.00000 0.00000 ( 1)  0.033
  38 T   1.00000 0.00000 ( 1)  0.033
  39 K   0.90815 0.09185 ( 1)  0.122
  40 E   0.98671 0.01329 ( 1)  0.046
  41 D   1.00000 0.00000 ( 1)  0.033
  42 P   1.00000 0.00000 ( 1)  0.033
  43 N   1.00000 0.00000 ( 1)  0.033
  44 L   1.00000 0.00000 ( 1)  0.033
  45 V   1.00000 0.00000 ( 1)  0.033
  46 P   1.00000 0.00000 ( 1)  0.033
  47 S   1.00000 0.00000 ( 1)  0.033
  48 I   0.99154 0.00846 ( 1)  0.041
  49 S   0.00000 1.00000 ( 2)  1.000
  50 N   0.00047 0.99953 ( 2)  1.000
  51 K   0.99999 0.00001 ( 1)  0.033
  52 R   1.00000 0.00000 ( 1)  0.033
  53 I   1.00000 0.00000 ( 1)  0.033
  54 V   1.00000 0.00000 ( 1)  0.033
  55 G   1.00000 0.00000 ( 1)  0.033
  56 C   1.00000 0.00000 ( 1)  0.033
  57 V   1.00000 0.00000 ( 1)  0.033
  58 C   0.99961 0.00039 ( 1)  0.034
  59 E   1.00000 0.00000 ( 1)  0.033
  60 E   1.00000 0.00000 ( 1)  0.033
  61 D   1.00000 0.00000 ( 1)  0.033
  62 N   1.00000 0.00000 ( 1)  0.033
  63 S   1.00000 0.00000 ( 1)  0.033
  64 C   0.00002 0.99998 ( 2)  1.000
  65 V   1.00000 0.00000 ( 1)  0.033
  66 V   0.39505 0.60495 ( 2)  0.618
  67 W   1.00000 0.00000 ( 1)  0.033
  68 F   1.00000 0.00000 ( 1)  0.033
  69 W   1.00000 0.00000 ( 1)  0.033
  70 L   0.99990 0.00010 ( 1)  0.033
  71 H   1.00000 0.00000 ( 1)  0.033
  72 Q   0.00019 0.99981 ( 2)  1.000
  73 G   1.00000 0.00000 ( 1)  0.033
  74 E   1.00000 0.00000 ( 1)  0.033
  75 A   1.00000 0.00000 ( 1)  0.033
  76 Q   1.00000 0.00000 ( 1)  0.033
  77 R   1.00000 0.00000 ( 1)  0.033
  78 C   1.00000 0.00000 ( 1)  0.033
  79 P   1.00000 0.00000 ( 1)  0.033
  80 S   1.00000 0.00000 ( 1)  0.033
  81 C   1.00000 0.00000 ( 1)  0.033
  82 G   1.00000 0.00000 ( 1)  0.033
  83 A   0.99843 0.00157 ( 1)  0.035
  84 H   1.00000 0.00000 ( 1)  0.033
  85 Y   1.00000 0.00000 ( 1)  0.033
  86 K   1.00000 0.00000 ( 1)  0.033
  87 L   1.00000 0.00000 ( 1)  0.033
  88 I   1.00000 0.00000 ( 1)  0.033
  89 P   1.00000 0.00000 ( 1)  0.033
  90 H   1.00000 0.00000 ( 1)  0.033
  91 E   0.99998 0.00002 ( 1)  0.033
  92 L   0.99990 0.00010 ( 1)  0.033
  93 P   1.00000 0.00000 ( 1)  0.033
  94 H   1.00000 0.00000 ( 1)  0.033
