   1 M   1.00000 0.00000 ( 1)  0.045
   2 A   1.00000 0.00000 ( 1)  0.045
   3 E   1.00000 0.00000 ( 1)  0.045
   4 D   0.99986 0.00014 ( 1)  0.045
   5 I   1.00000 0.00000 ( 1)  0.045
   6 K   0.00000 1.00000 ( 2)  1.000
   7 L   0.00000 1.00000 ( 2)  1.000
   8 K   1.00000 0.00000 ( 1)  0.045
   9 L   1.00000 0.00000 ( 1)  0.045
  10 C   0.00000 1.00000 ( 2)  1.000
  11 R   1.00000 0.00000 ( 1)  0.045
  12 Y   1.00000 0.00000 ( 1)  0.045
  13 K   0.99983 0.00017 ( 1)  0.045
  14 T   1.00000 0.00000 ( 1)  0.045
  15 A   1.00000 0.00000 ( 1)  0.045
  16 P   1.00000 0.00000 ( 1)  0.045
  17 F   1.00000 0.00000 ( 1)  0.045
  18 D   1.00000 0.00000 ( 1)  0.045
  19 S   1.00000 0.00000 ( 1)  0.045
  20 R   1.00000 0.00000 ( 1)  0.045
  21 F   1.00000 0.00000 ( 1)  0.045
  22 P   1.00000 0.00000 ( 1)  0.045
  23 N   1.00000 0.00000 ( 1)  0.045
  24 Q   1.00000 0.00000 ( 1)  0.045
  25 N   1.00000 0.00000 ( 1)  0.045
  26 Q   1.00000 0.00000 ( 1)  0.045
  27 T   1.00000 0.00000 ( 1)  0.045
  28 R   0.99946 0.00054 ( 1)  0.045
  29 N   1.00000 0.00000 ( 1)  0.045
  30 C   1.00000 0.00000 ( 1)  0.045
  31 W   1.00000 0.00000 ( 1)  0.045
  32 Q   1.00000 0.00000 ( 1)  0.045
  33 N   1.00000 0.00000 ( 1)  0.045
  34 Y   1.00000 0.00000 ( 1)  0.045
  35 L   1.00000 0.00000 ( 1)  0.045
  36 D   1.00000 0.00000 ( 1)  0.045
  37 F   0.99990 0.00010 ( 1)  0.045
  38 Q   1.00000 0.00000 ( 1)  0.045
  39 R   1.00000 0.00000 ( 1)  0.045
  40 C   1.00000 0.00000 ( 1)  0.045
  41 Q   0.96821 0.03179 ( 1)  0.075
  42 R   0.99998 0.00002 ( 1)  0.045
  43 A   1.00000 0.00000 ( 1)  0.045
  44 M   1.00000 0.00000 ( 1)  0.045
  45 D   0.99595 0.00405 ( 1)  0.049
  46 A   1.00000 0.00000 ( 1)  0.045
  47 R   0.99991 0.00009 ( 1)  0.045
  48 G   1.00000 0.00000 ( 1)  0.045
  49 A   0.99999 0.00001 ( 1)  0.045
  50 D   1.00000 0.00000 ( 1)  0.045
  51 A   0.99152 0.00848 ( 1)  0.053
  52 T   0.00000 1.00000 ( 2)  1.000
  53 P   1.00000 0.00000 ( 1)  0.045
  54 C   1.00000 0.00000 ( 1)  0.045
  55 Q   1.00000 0.00000 ( 1)  0.045
  56 W   1.00000 0.00000 ( 1)  0.045
  57 Y   1.00000 0.00000 ( 1)  0.045
  58 F   0.00000 1.00000 ( 2)  1.000
  59 R   1.00000 0.00000 ( 1)  0.045
  60 V   1.00000 0.00000 ( 1)  0.045
  61 Y   1.00000 0.00000 ( 1)  0.045
  62 K   0.99987 0.00013 ( 1)  0.045
  63 S   1.00000 0.00000 ( 1)  0.045
  64 L   1.00000 0.00000 ( 1)  0.045
  65 C   1.00000 0.00000 ( 1)  0.045
  66 P   1.00000 0.00000 ( 1)  0.045
  67 T   1.00000 0.00000 ( 1)  0.045
  68 S   1.00000 0.00000 ( 1)  0.045
  69 W   1.00000 0.00000 ( 1)  0.045
  70 V   1.00000 0.00000 ( 1)  0.045
  71 T   1.00000 0.00000 ( 1)  0.045
  72 A   1.00000 0.00000 ( 1)  0.045
  73 W   1.00000 0.00000 ( 1)  0.045
  74 D   1.00000 0.00000 ( 1)  0.045
  75 E   1.00000 0.00000 ( 1)  0.045
  76 A   0.00144 0.99856 ( 2)  0.999
  77 R   1.00000 0.00000 ( 1)  0.045
  78 E   0.97399 0.02601 ( 1)  0.070
  79 E   1.00000 0.00000 ( 1)  0.045
  80 G   1.00000 0.00000 ( 1)  0.045
  81 T   1.00000 0.00000 ( 1)  0.045
  82 F   1.00000 0.00000 ( 1)  0.045
  83 P   1.00000 0.00000 ( 1)  0.045
  84 G   1.00000 0.00000 ( 1)  0.045
  85 K   1.00000 0.00000 ( 1)  0.045
  86 I   1.00000 0.00000 ( 1)  0.045
