   1 L   0.00000 1.00000 ( 2)  1.000
   2 A   0.00000 1.00000 ( 2)  1.000
   3 N   1.00000 0.00000 ( 1)  0.030
   4 L   1.00000 0.00000 ( 1)  0.030
   5 T   0.00000 1.00000 ( 2)  1.000
   6 M   1.00000 0.00000 ( 1)  0.030
   7 S   0.01435 0.98565 ( 2)  0.986
   8 L   1.00000 0.00000 ( 1)  0.030
   9 S   1.00000 0.00000 ( 1)  0.030
  10 Y   1.00000 0.00000 ( 1)  0.030
  11 I   0.00000 1.00000 ( 2)  1.000
  12 A   0.00000 1.00000 ( 2)  1.000
  13 P   1.00000 0.00000 ( 1)  0.030
  14 I   1.00000 0.00000 ( 1)  0.030
  15 L   1.00000 0.00000 ( 1)  0.030
  16 I   1.00000 0.00000 ( 1)  0.030
  17 A   1.00000 0.00000 ( 1)  0.030
  18 V   1.00000 0.00000 ( 1)  0.030
  19 A   1.00000 0.00000 ( 1)  0.030
  20 F   1.00000 0.00000 ( 1)  0.030
  21 L   1.00000 0.00000 ( 1)  0.030
  22 T   1.00000 0.00000 ( 1)  0.030
  23 L   1.00000 0.00000 ( 1)  0.030
  24 V   1.00000 0.00000 ( 1)  0.030
  25 E   1.00000 0.00000 ( 1)  0.030
  26 R   1.00000 0.00000 ( 1)  0.030
  27 K   1.00000 0.00000 ( 1)  0.030
  28 I   1.00000 0.00000 ( 1)  0.030
  29 L   1.00000 0.00000 ( 1)  0.030
  30 S   1.00000 0.00000 ( 1)  0.030
  31 Y   1.00000 0.00000 ( 1)  0.030
  32 M   1.00000 0.00000 ( 1)  0.030
  33 Q   1.00000 0.00000 ( 1)  0.030
  34 A   1.00000 0.00000 ( 1)  0.030
  35 R   1.00000 0.00000 ( 1)  0.030
  36 K   1.00000 0.00000 ( 1)  0.030
  37 G   1.00000 0.00000 ( 1)  0.030
  38 P   1.00000 0.00000 ( 1)  0.030
  39 N   1.00000 0.00000 ( 1)  0.030
  40 I   1.00000 0.00000 ( 1)  0.030
  41 V   1.00000 0.00000 ( 1)  0.030
  42 G   1.00000 0.00000 ( 1)  0.030
  43 P   1.00000 0.00000 ( 1)  0.030
  44 F   1.00000 0.00000 ( 1)  0.030
  45 G   1.00000 0.00000 ( 1)  0.030
  46 L   1.00000 0.00000 ( 1)  0.030
  47 L   1.00000 0.00000 ( 1)  0.030
  48 Q   1.00000 0.00000 ( 1)  0.030
  49 P   1.00000 0.00000 ( 1)  0.030
  50 M   1.00000 0.00000 ( 1)  0.030
  51 A   1.00000 0.00000 ( 1)  0.030
  52 D   1.00000 0.00000 ( 1)  0.030
  53 G   1.00000 0.00000 ( 1)  0.030
  54 V   1.00000 0.00000 ( 1)  0.030
  55 K   1.00000 0.00000 ( 1)  0.030
  56 L   1.00000 0.00000 ( 1)  0.030
  57 F   1.00000 0.00000 ( 1)  0.030
  58 I   1.00000 0.00000 ( 1)  0.030
  59 K   1.00000 0.00000 ( 1)  0.030
  60 E   1.00000 0.00000 ( 1)  0.030
  61 P   1.00000 0.00000 ( 1)  0.030
  62 I   1.00000 0.00000 ( 1)  0.030
  63 R   1.00000 0.00000 ( 1)  0.030
  64 P   1.00000 0.00000 ( 1)  0.030
  65 S   1.00000 0.00000 ( 1)  0.030
  66 T   1.00000 0.00000 ( 1)  0.030
  67 S   1.00000 0.00000 ( 1)  0.030
  68 S   1.00000 0.00000 ( 1)  0.030
  69 P   1.00000 0.00000 ( 1)  0.030
  70 Y   0.99914 0.00086 ( 1)  0.031
  71 L   1.00000 0.00000 ( 1)  0.030
  72 F   1.00000 0.00000 ( 1)  0.030
  73 I   0.00000 1.00000 ( 2)  1.000
  74 T   0.00000 1.00000 ( 2)  1.000
  75 T   1.00000 0.00000 ( 1)  0.030
  76 P   1.00000 0.00000 ( 1)  0.030
  77 I   1.00000 0.00000 ( 1)  0.030
  78 L   1.00000 0.00000 ( 1)  0.030
  79 A   1.00000 0.00000 ( 1)  0.030
  80 L   1.00000 0.00000 ( 1)  0.030
  81 M   1.00000 0.00000 ( 1)  0.030
  82 L   1.00000 0.00000 ( 1)  0.030
  83 A   1.00000 0.00000 ( 1)  0.030
  84 I   1.00000 0.00000 ( 1)  0.030
  85 T   1.00000 0.00000 ( 1)  0.030
  86 I   1.00000 0.00000 ( 1)  0.030
  87 W   1.00000 0.00000 ( 1)  0.030
  88 V   1.00000 0.00000 ( 1)  0.030
  89 P   1.00000 0.00000 ( 1)  0.030
  90 L   1.00000 0.00000 ( 1)  0.030
  91 P   1.00000 0.00000 ( 1)  0.030
  92 L   1.00000 0.00000 ( 1)  0.030
  93 P   1.00000 0.00000 ( 1)  0.030
  94 F   1.00000 0.00000 ( 1)  0.030
  95 A   1.00000 0.00000 ( 1)  0.030
  96 L   1.00000 0.00000 ( 1)  0.030
  97 T   1.00000 0.00000 ( 1)  0.030
  98 D   1.00000 0.00000 ( 1)  0.030
  99 L   1.00000 0.00000 ( 1)  0.030
 100 N   1.00000 0.00000 ( 1)  0.030
 101 L   1.00000 0.00000 ( 1)  0.030
 102 G   1.00000 0.00000 ( 1)  0.030
 103 L   0.00097 0.99903 ( 2)  0.999
 104 L   1.00000 0.00000 ( 1)  0.030
 105 F   1.00000 0.00000 ( 1)  0.030
 106 L   1.00000 0.00000 ( 1)  0.030
 107 L   1.00000 0.00000 ( 1)  0.030
 108 A   1.00000 0.00000 ( 1)  0.030
 109 M   1.00000 0.00000 ( 1)  0.030
 110 S   1.00000 0.00000 ( 1)  0.030
 111 S   1.00000 0.00000 ( 1)  0.030
 112 L   1.00000 0.00000 ( 1)  0.030
 113 A   1.00000 0.00000 ( 1)  0.030
 114 V   1.00000 0.00000 ( 1)  0.030
 115 Y   1.00000 0.00000 ( 1)  0.030
 116 S   1.00000 0.00000 ( 1)  0.030
 117 I   1.00000 0.00000 ( 1)  0.030
 118 L   1.00000 0.00000 ( 1)  0.030
 119 W   1.00000 0.00000 ( 1)  0.030
 120 S   1.00000 0.00000 ( 1)  0.030
 121 G   1.00000 0.00000 ( 1)  0.030
 122 W   1.00000 0.00000 ( 1)  0.030
 123 A   1.00000 0.00000 ( 1)  0.030
 124 S   1.00000 0.00000 ( 1)  0.030
 125 N   1.00000 0.00000 ( 1)  0.030
 126 S   1.00000 0.00000 ( 1)  0.030
 127 K   1.00000 0.00000 ( 1)  0.030
 128 Y   1.00000 0.00000 ( 1)  0.030
 129 A   1.00000 0.00000 ( 1)  0.030
 130 L   1.00000 0.00000 ( 1)  0.030
 131 I   1.00000 0.00000 ( 1)  0.030
 132 G   1.00000 0.00000 ( 1)  0.030
 133 A   1.00000 0.00000 ( 1)  0.030
 134 L   1.00000 0.00000 ( 1)  0.030
 135 R   1.00000 0.00000 ( 1)  0.030
 136 A   1.00000 0.00000 ( 1)  0.030
 137 V   1.00000 0.00000 ( 1)  0.030
 138 A   1.00000 0.00000 ( 1)  0.030
 139 Q   1.00000 0.00000 ( 1)  0.030
 140 T   1.00000 0.00000 ( 1)  0.030
 141 I   1.00000 0.00000 ( 1)  0.030
 142 S   1.00000 0.00000 ( 1)  0.030
 143 Y   1.00000 0.00000 ( 1)  0.030
 144 E   1.00000 0.00000 ( 1)  0.030
 145 V   1.00000 0.00000 ( 1)  0.030
 146 T   1.00000 0.00000 ( 1)  0.030
 147 L   1.00000 0.00000 ( 1)  0.030
 148 A   1.00000 0.00000 ( 1)  0.030
 149 I   1.00000 0.00000 ( 1)  0.030
 150 I   1.00000 0.00000 ( 1)  0.030
 151 L   1.00000 0.00000 ( 1)  0.030
 152 L   1.00000 0.00000 ( 1)  0.030
 153 S   1.00000 0.00000 ( 1)  0.030
 154 V   0.00003 0.99997 ( 2)  1.000
 155 I   1.00000 0.00000 ( 1)  0.030
 156 I   0.00000 1.00000 ( 2)  1.000
 157 L   1.00000 0.00000 ( 1)  0.030
 158 S   1.00000 0.00000 ( 1)  0.030
 159 G   1.00000 0.00000 ( 1)  0.030
 160 N   1.00000 0.00000 ( 1)  0.030
 161 Y   1.00000 0.00000 ( 1)  0.030
 162 T   1.00000 0.00000 ( 1)  0.030
 163 L   1.00000 0.00000 ( 1)  0.030
 164 N   1.00000 0.00000 ( 1)  0.030
 165 T   1.00000 0.00000 ( 1)  0.030
 166 L   1.00000 0.00000 ( 1)  0.030
 167 A   1.00000 0.00000 ( 1)  0.030
 168 T   1.00000 0.00000 ( 1)  0.030
 169 A   1.00000 0.00000 ( 1)  0.030
 170 Q   1.00000 0.00000 ( 1)  0.030
 171 E   1.00000 0.00000 ( 1)  0.030
 172 P   1.00000 0.00000 ( 1)  0.030
 173 L   1.00000 0.00000 ( 1)  0.030
 174 Y   1.00000 0.00000 ( 1)  0.030
 175 L   1.00000 0.00000 ( 1)  0.030
 176 I   1.00000 0.00000 ( 1)  0.030
 177 F   1.00000 0.00000 ( 1)  0.030
 178 S   1.00000 0.00000 ( 1)  0.030
 179 S   1.00000 0.00000 ( 1)  0.030
 180 W   1.00000 0.00000 ( 1)  0.030
 181 P   1.00000 0.00000 ( 1)  0.030
 182 L   1.00000 0.00000 ( 1)  0.030
 183 T   1.00000 0.00000 ( 1)  0.030
 184 M   1.00000 0.00000 ( 1)  0.030
 185 M   1.00000 0.00000 ( 1)  0.030
 186 W   1.00000 0.00000 ( 1)  0.030
 187 Y   1.00000 0.00000 ( 1)  0.030
 188 I   1.00000 0.00000 ( 1)  0.030
 189 S   1.00000 0.00000 ( 1)  0.030
 190 T   1.00000 0.00000 ( 1)  0.030
 191 L   1.00000 0.00000 ( 1)  0.030
 192 A   1.00000 0.00000 ( 1)  0.030
 193 E   1.00000 0.00000 ( 1)  0.030
 194 T   1.00000 0.00000 ( 1)  0.030
 195 N   1.00000 0.00000 ( 1)  0.030
 196 R   1.00000 0.00000 ( 1)  0.030
 197 A   1.00000 0.00000 ( 1)  0.030
 198 P   1.00000 0.00000 ( 1)  0.030
 199 F   1.00000 0.00000 ( 1)  0.030
 200 D   1.00000 0.00000 ( 1)  0.030
 201 L   1.00000 0.00000 ( 1)  0.030
 202 T   1.00000 0.00000 ( 1)  0.030
 203 E   1.00000 0.00000 ( 1)  0.030
 204 G   1.00000 0.00000 ( 1)  0.030
 205 E   1.00000 0.00000 ( 1)  0.030
 206 S   1.00000 0.00000 ( 1)  0.030
 207 E   1.00000 0.00000 ( 1)  0.030
 208 L   1.00000 0.00000 ( 1)  0.030
 209 V   1.00000 0.00000 ( 1)  0.030
 210 S   1.00000 0.00000 ( 1)  0.030
 211 G   1.00000 0.00000 ( 1)  0.030
 212 F   1.00000 0.00000 ( 1)  0.030
 213 N   1.00000 0.00000 ( 1)  0.030
 214 V   1.00000 0.00000 ( 1)  0.030
 215 E   1.00000 0.00000 ( 1)  0.030
 216 Y   1.00000 0.00000 ( 1)  0.030
 217 A   1.00000 0.00000 ( 1)  0.030
 218 A   1.00000 0.00000 ( 1)  0.030
 219 G   1.00000 0.00000 ( 1)  0.030
 220 P   1.00000 0.00000 ( 1)  0.030
 221 F   1.00000 0.00000 ( 1)  0.030
 222 A   1.00000 0.00000 ( 1)  0.030
 223 L   1.00000 0.00000 ( 1)  0.030
 224 F   1.00000 0.00000 ( 1)  0.030
 225 F   1.00000 0.00000 ( 1)  0.030
 226 L   1.00000 0.00000 ( 1)  0.030
 227 A   1.00000 0.00000 ( 1)  0.030
 228 E   1.00000 0.00000 ( 1)  0.030
 229 Y   1.00000 0.00000 ( 1)  0.030
 230 A   1.00000 0.00000 ( 1)  0.030
 231 N   1.00000 0.00000 ( 1)  0.030
 232 I   1.00000 0.00000 ( 1)  0.030
 233 M   1.00000 0.00000 ( 1)  0.030
 234 L   1.00000 0.00000 ( 1)  0.030
 235 M   1.00000 0.00000 ( 1)  0.030
 236 N   1.00000 0.00000 ( 1)  0.030
 237 A   1.00000 0.00000 ( 1)  0.030
 238 L   1.00000 0.00000 ( 1)  0.030
 239 T   1.00000 0.00000 ( 1)  0.030
 240 T   0.00000 1.00000 ( 2)  1.000
 241 I   1.00000 0.00000 ( 1)  0.030
 242 L   1.00000 0.00000 ( 1)  0.030
 243 F   1.00000 0.00000 ( 1)  0.030
 244 L   1.00000 0.00000 ( 1)  0.030
 245 N   1.00000 0.00000 ( 1)  0.030
 246 P   1.00000 0.00000 ( 1)  0.030
 247 S   1.00000 0.00000 ( 1)  0.030
 248 F   0.00000 1.00000 ( 2)  1.000
 249 L   1.00000 0.00000 ( 1)  0.030
 250 N   1.00000 0.00000 ( 1)  0.030
 251 P   0.00000 1.00000 ( 2)  1.000
 252 P   1.00000 0.00000 ( 1)  0.030
 253 K   1.00000 0.00000 ( 1)  0.030
 254 E   1.00000 0.00000 ( 1)  0.030
 255 F   1.00000 0.00000 ( 1)  0.030
 256 F   1.00000 0.00000 ( 1)  0.030
 257 P   1.00000 0.00000 ( 1)  0.030
 258 I   0.00000 1.00000 ( 2)  1.000
 259 I   0.00000 1.00000 ( 2)  1.000
 260 L   1.00000 0.00000 ( 1)  0.030
 261 A   1.00000 0.00000 ( 1)  0.030
 262 T   1.00000 0.00000 ( 1)  0.030
 263 K   1.00000 0.00000 ( 1)  0.030
 264 T   1.00000 0.00000 ( 1)  0.030
 265 L   1.00000 0.00000 ( 1)  0.030
 266 L   1.00000 0.00000 ( 1)  0.030
 267 L   1.00000 0.00000 ( 1)  0.030
 268 S   1.00000 0.00000 ( 1)  0.030
 269 A   1.00000 0.00000 ( 1)  0.030
 270 G   1.00000 0.00000 ( 1)  0.030
 271 F   1.00000 0.00000 ( 1)  0.030
 272 L   1.00000 0.00000 ( 1)  0.030
 273 W   1.00000 0.00000 ( 1)  0.030
 274 I   0.99252 0.00748 ( 1)  0.038
 275 R   1.00000 0.00000 ( 1)  0.030
 276 A   1.00000 0.00000 ( 1)  0.030
 277 S   1.00000 0.00000 ( 1)  0.030
 278 Y   1.00000 0.00000 ( 1)  0.030
 279 P   1.00000 0.00000 ( 1)  0.030
 280 R   1.00000 0.00000 ( 1)  0.030
 281 F   1.00000 0.00000 ( 1)  0.030
 282 R   1.00000 0.00000 ( 1)  0.030
 283 Y   1.00000 0.00000 ( 1)  0.030
 284 D   1.00000 0.00000 ( 1)  0.030
 285 Q   1.00000 0.00000 ( 1)  0.030
 286 L   1.00000 0.00000 ( 1)  0.030
 287 M   1.00000 0.00000 ( 1)  0.030
 288 H   1.00000 0.00000 ( 1)  0.030
 289 L   1.00000 0.00000 ( 1)  0.030
 290 L   1.00000 0.00000 ( 1)  0.030
 291 W   1.00000 0.00000 ( 1)  0.030
 292 K   1.00000 0.00000 ( 1)  0.030
 293 N   1.00000 0.00000 ( 1)  0.030
 294 F   1.00000 0.00000 ( 1)  0.030
 295 L   1.00000 0.00000 ( 1)  0.030
 296 P   1.00000 0.00000 ( 1)  0.030
 297 L   1.00000 0.00000 ( 1)  0.030
 298 T   1.00000 0.00000 ( 1)  0.030
 299 L   1.00000 0.00000 ( 1)  0.030
 300 A   1.00000 0.00000 ( 1)  0.030
 301 L   1.00000 0.00000 ( 1)  0.030
 302 C   1.00000 0.00000 ( 1)  0.030
 303 L   1.00000 0.00000 ( 1)  0.030
 304 W   1.00000 0.00000 ( 1)  0.030
 305 H   1.00000 0.00000 ( 1)  0.030
 306 I   1.00000 0.00000 ( 1)  0.030
 307 S   1.00000 0.00000 ( 1)  0.030
 308 L   1.00000 0.00000 ( 1)  0.030
 309 P   1.00000 0.00000 ( 1)  0.030
 310 I   1.00000 0.00000 ( 1)  0.030
 311 C   1.00000 0.00000 ( 1)  0.030
 312 Y   1.00000 0.00000 ( 1)  0.030
 313 A   1.00000 0.00000 ( 1)  0.030
 314 G   1.00000 0.00000 ( 1)  0.030
 315 L   1.00000 0.00000 ( 1)  0.030
 316 P   1.00000 0.00000 ( 1)  0.030
 317 P   1.00000 0.00000 ( 1)  0.030
 318 Y   0.00000 1.00000 ( 2)  1.000
 319 L   0.00000 1.00000 ( 2)  1.000
