   1 M   1.00000 0.00000 ( 1)  0.072
   2 N   1.00000 0.00000 ( 1)  0.072
   3 P   1.00000 0.00000 ( 1)  0.072
   4 Q   1.00000 0.00000 ( 1)  0.072
   5 A   1.00000 0.00000 ( 1)  0.072
   6 K   1.00000 0.00000 ( 1)  0.072
   7 L   1.00000 0.00000 ( 1)  0.072
   8 I   1.00000 0.00000 ( 1)  0.072
   9 S   1.00000 0.00000 ( 1)  0.072
  10 L   0.00000 1.00000 ( 2)  1.000
  11 T   0.00000 1.00000 ( 2)  1.000
  12 S   1.00000 0.00000 ( 1)  0.072
  13 L   1.00000 0.00000 ( 1)  0.072
  14 L   0.00000 1.00000 ( 2)  1.000
  15 L   1.00000 0.00000 ( 1)  0.072
  16 G   1.00000 0.00000 ( 1)  0.072
  17 T   1.00000 0.00000 ( 1)  0.072
  18 T   1.00000 0.00000 ( 1)  0.072
  19 I   1.00000 0.00000 ( 1)  0.072
  20 T   1.00000 0.00000 ( 1)  0.072
  21 I   1.00000 0.00000 ( 1)  0.072
  22 S   1.00000 0.00000 ( 1)  0.072
  23 S   1.00000 0.00000 ( 1)  0.072
  24 N   1.00000 0.00000 ( 1)  0.072
  25 H   1.00000 0.00000 ( 1)  0.072
  26 W   1.00000 0.00000 ( 1)  0.072
  27 M   1.00000 0.00000 ( 1)  0.072
  28 M   1.00000 0.00000 ( 1)  0.072
  29 A   1.00000 0.00000 ( 1)  0.072
  30 W   1.00000 0.00000 ( 1)  0.072
  31 T   1.00000 0.00000 ( 1)  0.072
  32 G   1.00000 0.00000 ( 1)  0.072
  33 L   1.00000 0.00000 ( 1)  0.072
  34 E   1.00000 0.00000 ( 1)  0.072
  35 I   1.00000 0.00000 ( 1)  0.072
  36 N   1.00000 0.00000 ( 1)  0.072
  37 T   1.00000 0.00000 ( 1)  0.072
  38 L   1.00000 0.00000 ( 1)  0.072
  39 A   1.00000 0.00000 ( 1)  0.072
  40 I   1.00000 0.00000 ( 1)  0.072
  41 L   1.00000 0.00000 ( 1)  0.072
  42 P   1.00000 0.00000 ( 1)  0.072
  43 L   1.00000 0.00000 ( 1)  0.072
  44 I   1.00000 0.00000 ( 1)  0.072
  45 S   1.00000 0.00000 ( 1)  0.072
  46 K   1.00000 0.00000 ( 1)  0.072
  47 S   1.00000 0.00000 ( 1)  0.072
  48 H   1.00000 0.00000 ( 1)  0.072
  49 H   1.00000 0.00000 ( 1)  0.072
  50 P   1.00000 0.00000 ( 1)  0.072
  51 R   1.00000 0.00000 ( 1)  0.072
  52 A   1.00000 0.00000 ( 1)  0.072
  53 I   1.00000 0.00000 ( 1)  0.072
  54 E   1.00000 0.00000 ( 1)  0.072
  55 A   1.00000 0.00000 ( 1)  0.072
  56 T   1.00000 0.00000 ( 1)  0.072
  57 I   1.00000 0.00000 ( 1)  0.072
  58 K   1.00000 0.00000 ( 1)  0.072
  59 Y   1.00000 0.00000 ( 1)  0.072
  60 F   1.00000 0.00000 ( 1)  0.072
  61 L   1.00000 0.00000 ( 1)  0.072
  62 V   1.00000 0.00000 ( 1)  0.072
  63 Q   1.00000 0.00000 ( 1)  0.072
  64 A   1.00000 0.00000 ( 1)  0.072
  65 S   0.00203 0.99797 ( 2)  0.998
  66 A   1.00000 0.00000 ( 1)  0.072
  67 S   1.00000 0.00000 ( 1)  0.072
  68 A   1.00000 0.00000 ( 1)  0.072
  69 L   1.00000 0.00000 ( 1)  0.072
  70 I   1.00000 0.00000 ( 1)  0.072
  71 L   1.00000 0.00000 ( 1)  0.072
  72 F   1.00000 0.00000 ( 1)  0.072
  73 S   1.00000 0.00000 ( 1)  0.072
  74 S   1.00000 0.00000 ( 1)  0.072
  75 T   1.00000 0.00000 ( 1)  0.072
  76 V   1.00000 0.00000 ( 1)  0.072
  77 N   1.00000 0.00000 ( 1)  0.072
  78 A   1.00000 0.00000 ( 1)  0.072
  79 W   1.00000 0.00000 ( 1)  0.072
  80 T   0.00000 1.00000 ( 2)  1.000
  81 T   1.00000 0.00000 ( 1)  0.072
  82 G   1.00000 0.00000 ( 1)  0.072
  83 Q   1.00000 0.00000 ( 1)  0.072
  84 W   1.00000 0.00000 ( 1)  0.072
  85 D   1.00000 0.00000 ( 1)  0.072
  86 I   1.00000 0.00000 ( 1)  0.072
  87 T   1.00000 0.00000 ( 1)  0.072
  88 Q   1.00000 0.00000 ( 1)  0.072
  89 L   1.00000 0.00000 ( 1)  0.072
  90 T   1.00000 0.00000 ( 1)  0.072
  91 H   1.00000 0.00000 ( 1)  0.072
  92 P   1.00000 0.00000 ( 1)  0.072
  93 L   0.00000 1.00000 ( 2)  1.000
  94 A   1.00000 0.00000 ( 1)  0.072
  95 C   1.00000 0.00000 ( 1)  0.072
  96 L   0.63594 0.36406 ( 1)  0.410
  97 L   1.00000 0.00000 ( 1)  0.072
  98 L   1.00000 0.00000 ( 1)  0.072
  99 T   1.00000 0.00000 ( 1)  0.072
 100 M   0.00000 1.00000 ( 2)  1.000
 101 A   1.00000 0.00000 ( 1)  0.072
 102 I   1.00000 0.00000 ( 1)  0.072
 103 A   1.00000 0.00000 ( 1)  0.072
 104 M   1.00000 0.00000 ( 1)  0.072
 105 K   1.00000 0.00000 ( 1)  0.072
 106 L   1.00000 0.00000 ( 1)  0.072
 107 G   1.00000 0.00000 ( 1)  0.072
 108 L   1.00000 0.00000 ( 1)  0.072
 109 V   1.00000 0.00000 ( 1)  0.072
 110 P   1.00000 0.00000 ( 1)  0.072
 111 F   1.00000 0.00000 ( 1)  0.072
 112 H   1.00000 0.00000 ( 1)  0.072
 113 F   1.00000 0.00000 ( 1)  0.072
 114 W   1.00000 0.00000 ( 1)  0.072
 115 F   1.00000 0.00000 ( 1)  0.072
 116 P   1.00000 0.00000 ( 1)  0.072
 117 E   1.00000 0.00000 ( 1)  0.072
 118 V   1.00000 0.00000 ( 1)  0.072
 119 L   1.00000 0.00000 ( 1)  0.072
 120 Q   1.00000 0.00000 ( 1)  0.072
 121 G   1.00000 0.00000 ( 1)  0.072
 122 S   1.00000 0.00000 ( 1)  0.072
 123 S   1.00000 0.00000 ( 1)  0.072
 124 L   1.00000 0.00000 ( 1)  0.072
 125 T   0.00000 1.00000 ( 2)  1.000
 126 T   1.00000 0.00000 ( 1)  0.072
 127 A   1.00000 0.00000 ( 1)  0.072
 128 L   1.00000 0.00000 ( 1)  0.072
 129 L   1.00000 0.00000 ( 1)  0.072
 130 L   1.00000 0.00000 ( 1)  0.072
 131 S   1.00000 0.00000 ( 1)  0.072
 132 T   1.00000 0.00000 ( 1)  0.072
 133 A   0.00000 1.00000 ( 2)  1.000
 134 M   1.00000 0.00000 ( 1)  0.072
 135 K   1.00000 0.00000 ( 1)  0.072
 136 L   1.00000 0.00000 ( 1)  0.072
 137 P   1.00000 0.00000 ( 1)  0.072
 138 P   1.00000 0.00000 ( 1)  0.072
 139 L   1.00000 0.00000 ( 1)  0.072
 140 V   1.00000 0.00000 ( 1)  0.072
 141 L   1.00000 0.00000 ( 1)  0.072
 142 L   1.00000 0.00000 ( 1)  0.072
 143 T   0.00000 1.00000 ( 2)  1.000
 144 L   1.00000 0.00000 ( 1)  0.072
 145 S   1.00000 0.00000 ( 1)  0.072
 146 H   1.00000 0.00000 ( 1)  0.072
 147 P   1.00000 0.00000 ( 1)  0.072
 148 S   1.00000 0.00000 ( 1)  0.072
 149 L   1.00000 0.00000 ( 1)  0.072
 150 N   1.00000 0.00000 ( 1)  0.072
 151 P   1.00000 0.00000 ( 1)  0.072
 152 L   0.99986 0.00014 ( 1)  0.072
 153 L   1.00000 0.00000 ( 1)  0.072
 154 L   1.00000 0.00000 ( 1)  0.072
 155 I   1.00000 0.00000 ( 1)  0.072
 156 T   0.00000 1.00000 ( 2)  1.000
 157 M   1.00000 0.00000 ( 1)  0.072
 158 A   1.00000 0.00000 ( 1)  0.072
 159 V   1.00000 0.00000 ( 1)  0.072
 160 A   0.00000 1.00000 ( 2)  1.000
 161 S   1.00000 0.00000 ( 1)  0.072
 162 A   0.01377 0.98623 ( 2)  0.987
 163 A   1.00000 0.00000 ( 1)  0.072
 164 L   0.99989 0.00011 ( 1)  0.072
 165 G   1.00000 0.00000 ( 1)  0.072
 166 G   1.00000 0.00000 ( 1)  0.072
 167 W   1.00000 0.00000 ( 1)  0.072
 168 M   1.00000 0.00000 ( 1)  0.072
 169 G   1.00000 0.00000 ( 1)  0.072
 170 L   1.00000 0.00000 ( 1)  0.072
 171 N   1.00000 0.00000 ( 1)  0.072
 172 Q   1.00000 0.00000 ( 1)  0.072
 173 T   1.00000 0.00000 ( 1)  0.072
 174 Q   1.00000 0.00000 ( 1)  0.072
 175 T   0.00000 1.00000 ( 2)  1.000
 176 R   1.00000 0.00000 ( 1)  0.072
 177 K   1.00000 0.00000 ( 1)  0.072
 178 I   1.00000 0.00000 ( 1)  0.072
 179 L   1.00000 0.00000 ( 1)  0.072
 180 A   1.00000 0.00000 ( 1)  0.072
 181 F   1.00000 0.00000 ( 1)  0.072
 182 S   1.00000 0.00000 ( 1)  0.072
 183 S   1.00000 0.00000 ( 1)  0.072
 184 I   1.00000 0.00000 ( 1)  0.072
 185 S   1.00000 0.00000 ( 1)  0.072
 186 H   1.00000 0.00000 ( 1)  0.072
 187 L   1.00000 0.00000 ( 1)  0.072
 188 G   1.00000 0.00000 ( 1)  0.072
 189 W   1.00000 0.00000 ( 1)  0.072
 190 M   1.00000 0.00000 ( 1)  0.072
 191 A   0.00000 1.00000 ( 2)  1.000
 192 A   1.00000 0.00000 ( 1)  0.072
 193 I   1.00000 0.00000 ( 1)  0.072
 194 I   0.29642 0.70358 ( 2)  0.725
 195 I   0.00000 1.00000 ( 2)  1.000
 196 F   1.00000 0.00000 ( 1)  0.072
 197 N   1.00000 0.00000 ( 1)  0.072
 198 P   1.00000 0.00000 ( 1)  0.072
 199 K   1.00000 0.00000 ( 1)  0.072
 200 L   1.00000 0.00000 ( 1)  0.072
 201 S   1.00000 0.00000 ( 1)  0.072
 202 L   1.00000 0.00000 ( 1)  0.072
 203 L   1.00000 0.00000 ( 1)  0.072
 204 T   1.00000 0.00000 ( 1)  0.072
 205 F   1.00000 0.00000 ( 1)  0.072
 206 Y   1.00000 0.00000 ( 1)  0.072
 207 L   1.00000 0.00000 ( 1)  0.072
 208 Y   1.00000 0.00000 ( 1)  0.072
 209 A   0.00000 1.00000 ( 2)  1.000
 210 L   0.00000 1.00000 ( 2)  1.000
 211 M   1.00000 0.00000 ( 1)  0.072
 212 T   1.00000 0.00000 ( 1)  0.072
 213 S   0.00000 1.00000 ( 2)  1.000
 214 S   0.99943 0.00057 ( 1)  0.073
 215 T   1.00000 0.00000 ( 1)  0.072
 216 F   1.00000 0.00000 ( 1)  0.072
 217 L   1.00000 0.00000 ( 1)  0.072
 218 T   1.00000 0.00000 ( 1)  0.072
 219 L   1.00000 0.00000 ( 1)  0.072
 220 N   1.00000 0.00000 ( 1)  0.072
 221 T   1.00000 0.00000 ( 1)  0.072
 222 M   1.00000 0.00000 ( 1)  0.072
 223 K   1.00000 0.00000 ( 1)  0.072
 224 T   1.00000 0.00000 ( 1)  0.072
 225 L   0.00000 1.00000 ( 2)  1.000
 226 K   1.00000 0.00000 ( 1)  0.072
 227 L   1.00000 0.00000 ( 1)  0.072
 228 S   1.00000 0.00000 ( 1)  0.072
 229 T   1.00000 0.00000 ( 1)  0.072
 230 M   1.00000 0.00000 ( 1)  0.072
 231 M   1.00000 0.00000 ( 1)  0.072
 232 T   1.00000 0.00000 ( 1)  0.072
 233 A   1.00000 0.00000 ( 1)  0.072
 234 W   1.00000 0.00000 ( 1)  0.072
 235 T   1.00000 0.00000 ( 1)  0.072
 236 K   1.00000 0.00000 ( 1)  0.072
 237 T   0.00000 1.00000 ( 2)  1.000
 238 P   1.00000 0.00000 ( 1)  0.072
 239 A   0.00000 1.00000 ( 2)  1.000
 240 L   1.00000 0.00000 ( 1)  0.072
 241 S   1.00000 0.00000 ( 1)  0.072
 242 M   1.00000 0.00000 ( 1)  0.072
 243 T   1.00000 0.00000 ( 1)  0.072
 244 L   1.00000 0.00000 ( 1)  0.072
 245 M   1.00000 0.00000 ( 1)  0.072
 246 L   1.00000 0.00000 ( 1)  0.072
 247 T   1.00000 0.00000 ( 1)  0.072
 248 L   1.00000 0.00000 ( 1)  0.072
 249 L   1.00000 0.00000 ( 1)  0.072
 250 S   1.00000 0.00000 ( 1)  0.072
 251 L   1.00000 0.00000 ( 1)  0.072
 252 A   1.00000 0.00000 ( 1)  0.072
 253 G   1.00000 0.00000 ( 1)  0.072
 254 L   1.00000 0.00000 ( 1)  0.072
 255 P   1.00000 0.00000 ( 1)  0.072
 256 P   1.00000 0.00000 ( 1)  0.072
 257 L   1.00000 0.00000 ( 1)  0.072
 258 T   1.00000 0.00000 ( 1)  0.072
 259 G   1.00000 0.00000 ( 1)  0.072
 260 F   1.00000 0.00000 ( 1)  0.072
 261 L   1.00000 0.00000 ( 1)  0.072
 262 P   1.00000 0.00000 ( 1)  0.072
 263 K   1.00000 0.00000 ( 1)  0.072
 264 W   1.00000 0.00000 ( 1)  0.072
 265 M   1.00000 0.00000 ( 1)  0.072
 266 I   1.00000 0.00000 ( 1)  0.072
 267 I   1.00000 0.00000 ( 1)  0.072
 268 Q   1.00000 0.00000 ( 1)  0.072
 269 E   1.00000 0.00000 ( 1)  0.072
 270 L   1.00000 0.00000 ( 1)  0.072
 271 T   1.00000 0.00000 ( 1)  0.072
 272 K   1.00000 0.00000 ( 1)  0.072
 273 Q   1.00000 0.00000 ( 1)  0.072
 274 E   1.00000 0.00000 ( 1)  0.072
 275 M   1.00000 0.00000 ( 1)  0.072
 276 T   1.00000 0.00000 ( 1)  0.072
 277 P   0.00000 1.00000 ( 2)  1.000
 278 A   0.00000 1.00000 ( 2)  1.000
 279 A   1.00000 0.00000 ( 1)  0.072
 280 T   1.00000 0.00000 ( 1)  0.072
 281 I   0.00000 1.00000 ( 2)  1.000
 282 M   1.00000 0.00000 ( 1)  0.072
 283 A   1.00000 0.00000 ( 1)  0.072
 284 L   1.00000 0.00000 ( 1)  0.072
 285 L   1.00000 0.00000 ( 1)  0.072
 286 S   1.00000 0.00000 ( 1)  0.072
 287 L   1.00000 0.00000 ( 1)  0.072
 288 L   1.00000 0.00000 ( 1)  0.072
 289 S   1.00000 0.00000 ( 1)  0.072
 290 L   1.00000 0.00000 ( 1)  0.072
 291 F   1.00000 0.00000 ( 1)  0.072
 292 F   1.00000 0.00000 ( 1)  0.072
 293 *   1.00000 0.00000 ( 1)  0.072
 294 *   1.00000 0.00000 ( 1)  0.072
 295 R   1.00000 0.00000 ( 1)  0.072
 296 L   1.00000 0.00000 ( 1)  0.072
 297 T   1.00000 0.00000 ( 1)  0.072
 298 Y   1.00000 0.00000 ( 1)  0.072
 299 C   1.00000 0.00000 ( 1)  0.072
 300 A   1.00000 0.00000 ( 1)  0.072
 301 T   1.00000 0.00000 ( 1)  0.072
 302 I   1.00000 0.00000 ( 1)  0.072
 303 T   1.00000 0.00000 ( 1)  0.072
 304 L   1.00000 0.00000 ( 1)  0.072
 305 P   1.00000 0.00000 ( 1)  0.072
 306 P   1.00000 0.00000 ( 1)  0.072
 307 N   1.00000 0.00000 ( 1)  0.072
 308 S   1.00000 0.00000 ( 1)  0.072
 309 A   1.00000 0.00000 ( 1)  0.072
 310 N   1.00000 0.00000 ( 1)  0.072
 311 H   1.00000 0.00000 ( 1)  0.072
 312 M   1.00000 0.00000 ( 1)  0.072
 313 K   1.00000 0.00000 ( 1)  0.072
 314 Q   1.00000 0.00000 ( 1)  0.072
 315 W   1.00000 0.00000 ( 1)  0.072
 316 R   1.00000 0.00000 ( 1)  0.072
 317 I   0.00000 1.00000 ( 2)  1.000
 318 S   1.00000 0.00000 ( 1)  0.072
 319 K   1.00000 0.00000 ( 1)  0.072
 320 S   1.00000 0.00000 ( 1)  0.072
 321 T   1.00000 0.00000 ( 1)  0.072
 322 N   0.00000 1.00000 ( 2)  1.000
 323 P   0.00000 1.00000 ( 2)  1.000
 324 L   0.00000 1.00000 ( 2)  1.000
 325 L   1.00000 0.00000 ( 1)  0.072
 326 A   1.00000 0.00000 ( 1)  0.072
 327 P   0.00049 0.99951 ( 2)  1.000
 328 L   1.00000 0.00000 ( 1)  0.072
 329 L   0.02969 0.97031 ( 2)  0.972
 330 A   1.00000 0.00000 ( 1)  0.072
 331 P   0.00000 1.00000 ( 2)  1.000
 332 S   1.00000 0.00000 ( 1)  0.072
 333 I   0.00000 1.00000 ( 2)  1.000
 334 I   0.00000 1.00000 ( 2)  1.000
 335 L   1.00000 0.00000 ( 1)  0.072
 336 L   1.00000 0.00000 ( 1)  0.072
 337 P   1.00000 0.00000 ( 1)  0.072
 338 L   1.00000 0.00000 ( 1)  0.072
 339 S   1.00000 0.00000 ( 1)  0.072
 340 P   1.00000 0.00000 ( 1)  0.072
 341 M   1.00000 0.00000 ( 1)  0.072
 342 I   1.00000 0.00000 ( 1)  0.072
 343 P   0.00000 1.00000 ( 2)  1.000
 344 A   0.99966 0.00034 ( 1)  0.072
 345 I   0.00000 1.00000 ( 2)  1.000
 346 T   0.00000 1.00000 ( 2)  1.000
