   1 P   1.00000 0.00000 ( 1)  0.041
   2 C   0.00000 1.00000 ( 2)  1.000
   3 A   0.00017 0.99983 ( 2)  1.000
   4 V   0.00000 1.00000 ( 2)  1.000
   5 T   0.00000 1.00000 ( 2)  1.000
   6 P   0.00000 1.00000 ( 2)  1.000
   7 V   0.00000 1.00000 ( 2)  1.000
   8 H   0.00000 1.00000 ( 2)  1.000
   9 T   0.00000 1.00000 ( 2)  1.000
  10 Q   0.00000 1.00000 ( 2)  1.000
  11 L   0.99946 0.00054 ( 1)  0.041
  12 L   1.00000 0.00000 ( 1)  0.041
  13 H   1.00000 0.00000 ( 1)  0.041
  14 Q   0.00000 1.00000 ( 2)  1.000
  15 T   0.00005 0.99995 ( 2)  1.000
  16 S   0.00003 0.99997 ( 2)  1.000
  17 V   0.00000 1.00000 ( 2)  1.000
  18 A   0.36209 0.63791 ( 2)  0.653
  19 D   0.00000 1.00000 ( 2)  1.000
  20 H   0.00000 1.00000 ( 2)  1.000
  21 A   0.00000 1.00000 ( 2)  1.000
  22 D   0.00000 1.00000 ( 2)  1.000
  23 S   1.00000 0.00000 ( 1)  0.041
  24 S   1.00000 0.00000 ( 1)  0.041
  25 V   0.00000 1.00000 ( 2)  1.000
  26 Q   1.00000 0.00000 ( 1)  0.041
  27 V   0.00000 1.00000 ( 2)  1.000
  28 Q   0.99998 0.00002 ( 1)  0.041
  29 K   1.00000 0.00000 ( 1)  0.041
  30 S   1.00000 0.00000 ( 1)  0.041
  31 S   1.00000 0.00000 ( 1)  0.041
  32 A   1.00000 0.00000 ( 1)  0.041
  33 V   0.00001 0.99999 ( 2)  1.000
  34 V   0.99999 0.00001 ( 1)  0.041
  35 Q   0.00000 1.00000 ( 2)  1.000
  36 R   0.84138 0.15862 ( 1)  0.193
  37 K   1.00000 0.00000 ( 1)  0.041
  38 S   1.00000 0.00000 ( 1)  0.041
  39 Y   0.02786 0.97214 ( 2)  0.973
  40 L   1.00000 0.00000 ( 1)  0.041
  41 P   1.00000 0.00000 ( 1)  0.041
  42 S   0.00000 1.00000 ( 2)  1.000
  43 S   1.00000 0.00000 ( 1)  0.041
  44 R   0.00001 0.99999 ( 2)  1.000
  45 G   1.00000 0.00000 ( 1)  0.041
  46 E   1.00000 0.00000 ( 1)  0.041
  47 Y   1.00000 0.00000 ( 1)  0.041
  48 I   0.00002 0.99998 ( 2)  1.000
  49 V   0.01838 0.98162 ( 2)  0.982
  50 T   0.00004 0.99996 ( 2)  1.000
  51 K   1.00000 0.00000 ( 1)  0.041
  52 L   1.00000 0.00000 ( 1)  0.041
  53 D   1.00000 0.00000 ( 1)  0.041
  54 D   1.00000 0.00000 ( 1)  0.041
  55 L   1.00000 0.00000 ( 1)  0.041
  56 I   0.00000 1.00000 ( 2)  1.000
  57 N   1.00000 0.00000 ( 1)  0.041
  58 W   1.00000 0.00000 ( 1)  0.041
  59 A   1.00000 0.00000 ( 1)  0.041
  60 R   1.00000 0.00000 ( 1)  0.041
  61 S   1.00000 0.00000 ( 1)  0.041
  62 S   1.00000 0.00000 ( 1)  0.041
  63 L   0.99998 0.00002 ( 1)  0.041
  64 W   1.00000 0.00000 ( 1)  0.041
  65 P   1.00000 0.00000 ( 1)  0.041
  66 M   1.00000 0.00000 ( 1)  0.041
  67 T   1.00000 0.00000 ( 1)  0.041
  68 F   1.00000 0.00000 ( 1)  0.041
  69 G   1.00000 0.00000 ( 1)  0.041
  70 L   1.00000 0.00000 ( 1)  0.041
  71 A   1.00000 0.00000 ( 1)  0.041
  72 C   1.00000 0.00000 ( 1)  0.041
  73 C   1.00000 0.00000 ( 1)  0.041
  74 A   1.00000 0.00000 ( 1)  0.041
  75 V   1.00000 0.00000 ( 1)  0.041
  76 E   1.00000 0.00000 ( 1)  0.041
  77 M   1.00000 0.00000 ( 1)  0.041
  78 M   1.00000 0.00000 ( 1)  0.041
  79 H   1.00000 0.00000 ( 1)  0.041
  80 M   1.00000 0.00000 ( 1)  0.041
  81 A   1.00000 0.00000 ( 1)  0.041
  82 A   1.00000 0.00000 ( 1)  0.041
  83 P   1.00000 0.00000 ( 1)  0.041
  84 R   1.00000 0.00000 ( 1)  0.041
  85 Y   1.00000 0.00000 ( 1)  0.041
  86 D   1.00000 0.00000 ( 1)  0.041
  87 M   1.00000 0.00000 ( 1)  0.041
  88 D   1.00000 0.00000 ( 1)  0.041
  89 R   1.00000 0.00000 ( 1)  0.041
  90 F   1.00000 0.00000 ( 1)  0.041
  91 G   1.00000 0.00000 ( 1)  0.041
  92 V   1.00000 0.00000 ( 1)  0.041
  93 V   1.00000 0.00000 ( 1)  0.041
  94 F   1.00000 0.00000 ( 1)  0.041
  95 R   1.00000 0.00000 ( 1)  0.041
  96 A   1.00000 0.00000 ( 1)  0.041
  97 S   1.00000 0.00000 ( 1)  0.041
  98 P   1.00000 0.00000 ( 1)  0.041
  99 Q   1.00000 0.00000 ( 1)  0.041
 100 A   1.00000 0.00000 ( 1)  0.041
 101 D   1.00000 0.00000 ( 1)  0.041
 102 V   1.00000 0.00000 ( 1)  0.041
 103 M   1.00000 0.00000 ( 1)  0.041
 104 I   1.00000 0.00000 ( 1)  0.041
 105 V   0.99925 0.00075 ( 1)  0.041
 106 A   1.00000 0.00000 ( 1)  0.041
 107 G   1.00000 0.00000 ( 1)  0.041
 108 T   1.00000 0.00000 ( 1)  0.041
 109 L   1.00000 0.00000 ( 1)  0.041
 110 T   1.00000 0.00000 ( 1)  0.041
 111 N   1.00000 0.00000 ( 1)  0.041
 112 K   0.79196 0.20804 ( 1)  0.240
 113 M   1.00000 0.00000 ( 1)  0.041
 114 A   1.00000 0.00000 ( 1)  0.041
 115 P   1.00000 0.00000 ( 1)  0.041
 116 A   1.00000 0.00000 ( 1)  0.041
 117 L   1.00000 0.00000 ( 1)  0.041
 118 R   1.00000 0.00000 ( 1)  0.041
 119 K   1.00000 0.00000 ( 1)  0.041
 120 V   1.00000 0.00000 ( 1)  0.041
 121 Y   1.00000 0.00000 ( 1)  0.041
 122 D   1.00000 0.00000 ( 1)  0.041
 123 Q   1.00000 0.00000 ( 1)  0.041
 124 M   1.00000 0.00000 ( 1)  0.041
 125 P   1.00000 0.00000 ( 1)  0.041
 126 E   1.00000 0.00000 ( 1)  0.041
 127 P   1.00000 0.00000 ( 1)  0.041
 128 R   1.00000 0.00000 ( 1)  0.041
 129 Y   1.00000 0.00000 ( 1)  0.041
 130 V   1.00000 0.00000 ( 1)  0.041
 131 V   1.00000 0.00000 ( 1)  0.041
 132 S   1.00000 0.00000 ( 1)  0.041
 133 M   1.00000 0.00000 ( 1)  0.041
 134 G   1.00000 0.00000 ( 1)  0.041
 135 S   1.00000 0.00000 ( 1)  0.041
 136 C   1.00000 0.00000 ( 1)  0.041
 137 A   1.00000 0.00000 ( 1)  0.041
 138 N   1.00000 0.00000 ( 1)  0.041
 139 G   1.00000 0.00000 ( 1)  0.041
 140 G   1.00000 0.00000 ( 1)  0.041
 141 G   1.00000 0.00000 ( 1)  0.041
 142 Y   1.00000 0.00000 ( 1)  0.041
 143 Y   1.00000 0.00000 ( 1)  0.041
 144 H   1.00000 0.00000 ( 1)  0.041
 145 Y   1.00000 0.00000 ( 1)  0.041
 146 S   1.00000 0.00000 ( 1)  0.041
 147 Y   1.00000 0.00000 ( 1)  0.041
 148 S   1.00000 0.00000 ( 1)  0.041
 149 V   1.00000 0.00000 ( 1)  0.041
 150 V   1.00000 0.00000 ( 1)  0.041
 151 R   1.00000 0.00000 ( 1)  0.041
 152 G   1.00000 0.00000 ( 1)  0.041
 153 C   1.00000 0.00000 ( 1)  0.041
 154 D   1.00000 0.00000 ( 1)  0.041
 155 R   1.00000 0.00000 ( 1)  0.041
 156 I   1.00000 0.00000 ( 1)  0.041
 157 V   1.00000 0.00000 ( 1)  0.041
 158 P   1.00000 0.00000 ( 1)  0.041
 159 V   1.00000 0.00000 ( 1)  0.041
 160 D   1.00000 0.00000 ( 1)  0.041
 161 I   1.00000 0.00000 ( 1)  0.041
 162 Y   1.00000 0.00000 ( 1)  0.041
 163 V   1.00000 0.00000 ( 1)  0.041
 164 P   1.00000 0.00000 ( 1)  0.041
 165 G   1.00000 0.00000 ( 1)  0.041
 166 C   1.00000 0.00000 ( 1)  0.041
 167 P   1.00000 0.00000 ( 1)  0.041
 168 P   1.00000 0.00000 ( 1)  0.041
 169 T   1.00000 0.00000 ( 1)  0.041
 170 A   1.00000 0.00000 ( 1)  0.041
 171 E   1.00000 0.00000 ( 1)  0.041
 172 A   1.00000 0.00000 ( 1)  0.041
 173 L   1.00000 0.00000 ( 1)  0.041
 174 L   1.00000 0.00000 ( 1)  0.041
 175 Y   1.00000 0.00000 ( 1)  0.041
 176 G   1.00000 0.00000 ( 1)  0.041
 177 I   1.00000 0.00000 ( 1)  0.041
 178 L   1.00000 0.00000 ( 1)  0.041
 179 Q   1.00000 0.00000 ( 1)  0.041
 180 L   1.00000 0.00000 ( 1)  0.041
 181 Q   1.00000 0.00000 ( 1)  0.041
 182 R   1.00000 0.00000 ( 1)  0.041
 183 K   1.00000 0.00000 ( 1)  0.041
 184 I   1.00000 0.00000 ( 1)  0.041
 185 K   1.00000 0.00000 ( 1)  0.041
 186 R   1.00000 0.00000 ( 1)  0.041
 187 E   1.00000 0.00000 ( 1)  0.041
 188 K   0.00000 1.00000 ( 2)  1.000
 189 K   0.00000 1.00000 ( 2)  1.000
 190 I   0.00000 1.00000 ( 2)  1.000
 191 Q   1.00000 0.00000 ( 1)  0.041
 192 I   1.00000 0.00000 ( 1)  0.041
 193 W   1.00000 0.00000 ( 1)  0.041
 194 Y   1.00000 0.00000 ( 1)  0.041
 195 R   1.00000 0.00000 ( 1)  0.041
 196 K   1.00000 0.00000 ( 1)  0.041
