   1 M   1.00000 0.00000 ( 1)  0.028
   2 L   0.00000 1.00000 ( 2)  1.000
   3 R   1.00000 0.00000 ( 1)  0.028
   4 L   1.00000 0.00000 ( 1)  0.028
   5 L   0.01125 0.98875 ( 2)  0.989
   6 A   0.00000 1.00000 ( 2)  1.000
   7 V   0.00000 1.00000 ( 2)  1.000
   8 H   0.00000 1.00000 ( 2)  1.000
   9 R   0.17276 0.82724 ( 2)  0.832
  10 S   0.00000 1.00000 ( 2)  1.000
  11 L   0.00015 0.99985 ( 2)  1.000
  12 A   0.00000 1.00000 ( 2)  1.000
  13 G   1.00000 0.00000 ( 1)  0.028
  14 V   0.00000 1.00000 ( 2)  1.000
  15 S   0.00000 1.00000 ( 2)  1.000
  16 Q   0.00000 1.00000 ( 2)  1.000
  17 S   0.00000 1.00000 ( 2)  1.000
  18 S   0.00001 0.99999 ( 2)  1.000
  19 R   0.00000 1.00000 ( 2)  1.000
  20 V   0.00000 1.00000 ( 2)  1.000
  21 C   0.00000 1.00000 ( 2)  1.000
  22 R   1.00000 0.00000 ( 1)  0.028
  23 T   0.99999 0.00001 ( 1)  0.028
  24 T   0.16819 0.83181 ( 2)  0.837
  25 A   0.99268 0.00732 ( 1)  0.035
  26 T   1.00000 0.00000 ( 1)  0.028
  27 A   0.99999 0.00001 ( 1)  0.028
  28 A   1.00000 0.00000 ( 1)  0.028
  29 S   1.00000 0.00000 ( 1)  0.028
  30 N   0.00114 0.99886 ( 2)  0.999
  31 Q   1.00000 0.00000 ( 1)  0.028
  32 I   1.00000 0.00000 ( 1)  0.028
  33 E   1.00000 0.00000 ( 1)  0.028
  34 V   1.00000 0.00000 ( 1)  0.028
  35 F   1.00000 0.00000 ( 1)  0.028
  36 V   1.00000 0.00000 ( 1)  0.028
  37 D   1.00000 0.00000 ( 1)  0.028
  38 G   1.00000 0.00000 ( 1)  0.028
  39 H   0.00000 1.00000 ( 2)  1.000
  40 P   1.00000 0.00000 ( 1)  0.028
  41 V   1.00000 0.00000 ( 1)  0.028
  42 L   0.98546 0.01454 ( 1)  0.042
  43 V   1.00000 0.00000 ( 1)  0.028
  44 N   0.99909 0.00091 ( 1)  0.029
  45 P   1.00000 0.00000 ( 1)  0.028
  46 G   1.00000 0.00000 ( 1)  0.028
  47 T   1.00000 0.00000 ( 1)  0.028
  48 T   1.00000 0.00000 ( 1)  0.028
  49 V   1.00000 0.00000 ( 1)  0.028
  50 L   1.00000 0.00000 ( 1)  0.028
  51 Q   1.00000 0.00000 ( 1)  0.028
  52 A   1.00000 0.00000 ( 1)  0.028
  53 C   1.00000 0.00000 ( 1)  0.028
  54 E   1.00000 0.00000 ( 1)  0.028
  55 K   1.00000 0.00000 ( 1)  0.028
  56 A   0.97139 0.02861 ( 1)  0.056
  57 G   1.00000 0.00000 ( 1)  0.028
  58 V   0.94045 0.05955 ( 1)  0.086
  59 Q   1.00000 0.00000 ( 1)  0.028
  60 I   1.00000 0.00000 ( 1)  0.028
  61 P   1.00000 0.00000 ( 1)  0.028
  62 R   1.00000 0.00000 ( 1)  0.028
  63 F   1.00000 0.00000 ( 1)  0.028
  64 C   1.00000 0.00000 ( 1)  0.028
  65 Y   1.00000 0.00000 ( 1)  0.028
  66 H   1.00000 0.00000 ( 1)  0.028
  67 D   1.00000 0.00000 ( 1)  0.028
  68 R   1.00000 0.00000 ( 1)  0.028
  69 L   1.00000 0.00000 ( 1)  0.028
  70 S   1.00000 0.00000 ( 1)  0.028
  71 V   0.99993 0.00007 ( 1)  0.028
  72 A   1.00000 0.00000 ( 1)  0.028
  73 G   1.00000 0.00000 ( 1)  0.028
  74 N   1.00000 0.00000 ( 1)  0.028
  75 C   1.00000 0.00000 ( 1)  0.028
  76 R   1.00000 0.00000 ( 1)  0.028
  77 M   1.00000 0.00000 ( 1)  0.028
  78 C   1.00000 0.00000 ( 1)  0.028
  79 L   1.00000 0.00000 ( 1)  0.028
  80 V   1.00000 0.00000 ( 1)  0.028
  81 E   1.00000 0.00000 ( 1)  0.028
  82 I   1.00000 0.00000 ( 1)  0.028
  83 E   1.00000 0.00000 ( 1)  0.028
  84 K   1.00000 0.00000 ( 1)  0.028
  85 A   1.00000 0.00000 ( 1)  0.028
  86 P   1.00000 0.00000 ( 1)  0.028
  87 K   1.00000 0.00000 ( 1)  0.028
  88 P   1.00000 0.00000 ( 1)  0.028
  89 V   1.00000 0.00000 ( 1)  0.028
  90 A   1.00000 0.00000 ( 1)  0.028
  91 A   1.00000 0.00000 ( 1)  0.028
  92 C   1.00000 0.00000 ( 1)  0.028
  93 A   1.00000 0.00000 ( 1)  0.028
  94 M   1.00000 0.00000 ( 1)  0.028
  95 P   1.00000 0.00000 ( 1)  0.028
  96 V   1.00000 0.00000 ( 1)  0.028
  97 M   1.00000 0.00000 ( 1)  0.028
  98 K   1.00000 0.00000 ( 1)  0.028
  99 G   1.00000 0.00000 ( 1)  0.028
 100 W   1.00000 0.00000 ( 1)  0.028
 101 N   1.00000 0.00000 ( 1)  0.028
 102 I   1.00000 0.00000 ( 1)  0.028
 103 L   0.99999 0.00001 ( 1)  0.028
 104 T   1.00000 0.00000 ( 1)  0.028
 105 N   1.00000 0.00000 ( 1)  0.028
 106 S   1.00000 0.00000 ( 1)  0.028
 107 E   1.00000 0.00000 ( 1)  0.028
 108 K   1.00000 0.00000 ( 1)  0.028
 109 S   1.00000 0.00000 ( 1)  0.028
 110 R   1.00000 0.00000 ( 1)  0.028
 111 K   1.00000 0.00000 ( 1)  0.028
 112 A   1.00000 0.00000 ( 1)  0.028
 113 R   1.00000 0.00000 ( 1)  0.028
 114 E   1.00000 0.00000 ( 1)  0.028
 115 G   1.00000 0.00000 ( 1)  0.028
 116 V   1.00000 0.00000 ( 1)  0.028
 117 M   1.00000 0.00000 ( 1)  0.028
 118 E   1.00000 0.00000 ( 1)  0.028
 119 F   1.00000 0.00000 ( 1)  0.028
 120 L   0.99999 0.00001 ( 1)  0.028
 121 L   0.99999 0.00001 ( 1)  0.028
 122 A   1.00000 0.00000 ( 1)  0.028
 123 N   1.00000 0.00000 ( 1)  0.028
 124 H   1.00000 0.00000 ( 1)  0.028
 125 P   1.00000 0.00000 ( 1)  0.028
 126 L   0.99999 0.00001 ( 1)  0.028
 127 D   1.00000 0.00000 ( 1)  0.028
 128 C   1.00000 0.00000 ( 1)  0.028
 129 P   1.00000 0.00000 ( 1)  0.028
 130 I   1.00000 0.00000 ( 1)  0.028
 131 C   1.00000 0.00000 ( 1)  0.028
 132 D   1.00000 0.00000 ( 1)  0.028
 133 Q   1.00000 0.00000 ( 1)  0.028
 134 G   1.00000 0.00000 ( 1)  0.028
 135 G   1.00000 0.00000 ( 1)  0.028
 136 E   1.00000 0.00000 ( 1)  0.028
 137 C   1.00000 0.00000 ( 1)  0.028
 138 D   1.00000 0.00000 ( 1)  0.028
 139 L   1.00000 0.00000 ( 1)  0.028
 140 Q   1.00000 0.00000 ( 1)  0.028
 141 D   1.00000 0.00000 ( 1)  0.028
 142 Q   1.00000 0.00000 ( 1)  0.028
 143 S   1.00000 0.00000 ( 1)  0.028
 144 M   1.00000 0.00000 ( 1)  0.028
 145 M   1.00000 0.00000 ( 1)  0.028
 146 F   1.00000 0.00000 ( 1)  0.028
 147 G   1.00000 0.00000 ( 1)  0.028
 148 S   1.00000 0.00000 ( 1)  0.028
 149 D   1.00000 0.00000 ( 1)  0.028
 150 R   1.00000 0.00000 ( 1)  0.028
 151 S   1.00000 0.00000 ( 1)  0.028
 152 R   1.00000 0.00000 ( 1)  0.028
 153 F   1.00000 0.00000 ( 1)  0.028
 154 R   1.00000 0.00000 ( 1)  0.028
 155 E   1.00000 0.00000 ( 1)  0.028
 156 G   0.00000 1.00000 ( 2)  1.000
 157 K   1.00000 0.00000 ( 1)  0.028
 158 R   1.00000 0.00000 ( 1)  0.028
 159 A   1.00000 0.00000 ( 1)  0.028
 160 V   1.00000 0.00000 ( 1)  0.028
 161 E   1.00000 0.00000 ( 1)  0.028
 162 D   1.00000 0.00000 ( 1)  0.028
 163 K   1.00000 0.00000 ( 1)  0.028
 164 N   1.00000 0.00000 ( 1)  0.028
 165 I   1.00000 0.00000 ( 1)  0.028
 166 G   1.00000 0.00000 ( 1)  0.028
 167 P   1.00000 0.00000 ( 1)  0.028
 168 L   1.00000 0.00000 ( 1)  0.028
 169 V   1.00000 0.00000 ( 1)  0.028
 170 K   1.00000 0.00000 ( 1)  0.028
 171 T   1.00000 0.00000 ( 1)  0.028
 172 I   1.00000 0.00000 ( 1)  0.028
 173 M   1.00000 0.00000 ( 1)  0.028
 174 T   1.00000 0.00000 ( 1)  0.028
 175 R   1.00000 0.00000 ( 1)  0.028
 176 C   1.00000 0.00000 ( 1)  0.028
 177 I   1.00000 0.00000 ( 1)  0.028
 178 Q   1.00000 0.00000 ( 1)  0.028
 179 C   1.00000 0.00000 ( 1)  0.028
 180 T   1.00000 0.00000 ( 1)  0.028
 181 R   1.00000 0.00000 ( 1)  0.028
 182 C   1.00000 0.00000 ( 1)  0.028
 183 I   1.00000 0.00000 ( 1)  0.028
 184 R   1.00000 0.00000 ( 1)  0.028
 185 F   1.00000 0.00000 ( 1)  0.028
 186 A   1.00000 0.00000 ( 1)  0.028
 187 S   1.00000 0.00000 ( 1)  0.028
 188 E   1.00000 0.00000 ( 1)  0.028
 189 V   0.00000 1.00000 ( 2)  1.000
 190 A   1.00000 0.00000 ( 1)  0.028
 191 G   1.00000 0.00000 ( 1)  0.028
 192 V   1.00000 0.00000 ( 1)  0.028
 193 D   1.00000 0.00000 ( 1)  0.028
 194 D   1.00000 0.00000 ( 1)  0.028
 195 L   0.99999 0.00001 ( 1)  0.028
 196 G   1.00000 0.00000 ( 1)  0.028
 197 T   1.00000 0.00000 ( 1)  0.028
 198 T   1.00000 0.00000 ( 1)  0.028
 199 G   1.00000 0.00000 ( 1)  0.028
 200 R   1.00000 0.00000 ( 1)  0.028
 201 G   1.00000 0.00000 ( 1)  0.028
 202 N   1.00000 0.00000 ( 1)  0.028
 203 D   0.99985 0.00015 ( 1)  0.029
 204 M   1.00000 0.00000 ( 1)  0.028
 205 Q   1.00000 0.00000 ( 1)  0.028
 206 V   1.00000 0.00000 ( 1)  0.028
 207 G   1.00000 0.00000 ( 1)  0.028
 208 T   1.00000 0.00000 ( 1)  0.028
 209 Y   1.00000 0.00000 ( 1)  0.028
 210 V   1.00000 0.00000 ( 1)  0.028
 211 E   1.00000 0.00000 ( 1)  0.028
 212 K   1.00000 0.00000 ( 1)  0.028
 213 M   1.00000 0.00000 ( 1)  0.028
 214 F   1.00000 0.00000 ( 1)  0.028
 215 M   1.00000 0.00000 ( 1)  0.028
 216 S   1.00000 0.00000 ( 1)  0.028
 217 E   1.00000 0.00000 ( 1)  0.028
 218 L   1.00000 0.00000 ( 1)  0.028
 219 S   1.00000 0.00000 ( 1)  0.028
 220 G   1.00000 0.00000 ( 1)  0.028
 221 N   1.00000 0.00000 ( 1)  0.028
 222 I   1.00000 0.00000 ( 1)  0.028
 223 I   1.00000 0.00000 ( 1)  0.028
 224 D   1.00000 0.00000 ( 1)  0.028
 225 I   1.00000 0.00000 ( 1)  0.028
 226 C   1.00000 0.00000 ( 1)  0.028
 227 P   1.00000 0.00000 ( 1)  0.028
 228 V   1.00000 0.00000 ( 1)  0.028
 229 G   1.00000 0.00000 ( 1)  0.028
 230 A   1.00000 0.00000 ( 1)  0.028
 231 L   1.00000 0.00000 ( 1)  0.028
 232 T   1.00000 0.00000 ( 1)  0.028
 233 S   1.00000 0.00000 ( 1)  0.028
 234 K   1.00000 0.00000 ( 1)  0.028
 235 P   1.00000 0.00000 ( 1)  0.028
 236 Y   1.00000 0.00000 ( 1)  0.028
 237 A   1.00000 0.00000 ( 1)  0.028
 238 F   1.00000 0.00000 ( 1)  0.028
 239 T   1.00000 0.00000 ( 1)  0.028
 240 A   1.00000 0.00000 ( 1)  0.028
 241 R   1.00000 0.00000 ( 1)  0.028
 242 P   1.00000 0.00000 ( 1)  0.028
 243 W   1.00000 0.00000 ( 1)  0.028
 244 E   1.00000 0.00000 ( 1)  0.028
 245 T   1.00000 0.00000 ( 1)  0.028
 246 R   1.00000 0.00000 ( 1)  0.028
 247 K   1.00000 0.00000 ( 1)  0.028
 248 V   1.00000 0.00000 ( 1)  0.028
 249 E   1.00000 0.00000 ( 1)  0.028
 250 S   1.00000 0.00000 ( 1)  0.028
 251 I   0.00374 0.99626 ( 2)  0.996
 252 D   1.00000 0.00000 ( 1)  0.028
 253 V   1.00000 0.00000 ( 1)  0.028
 254 L   1.00000 0.00000 ( 1)  0.028
 255 D   1.00000 0.00000 ( 1)  0.028
 256 A   1.00000 0.00000 ( 1)  0.028
 257 V   0.00001 0.99999 ( 2)  1.000
 258 G   1.00000 0.00000 ( 1)  0.028
 259 S   1.00000 0.00000 ( 1)  0.028
 260 N   1.00000 0.00000 ( 1)  0.028
 261 I   1.00000 0.00000 ( 1)  0.028
 262 V   0.05008 0.94992 ( 2)  0.951
 263 V   1.00000 0.00000 ( 1)  0.028
 264 S   1.00000 0.00000 ( 1)  0.028
 265 T   1.00000 0.00000 ( 1)  0.028
 266 R   1.00000 0.00000 ( 1)  0.028
 267 T   1.00000 0.00000 ( 1)  0.028
 268 G   1.00000 0.00000 ( 1)  0.028
 269 E   1.00000 0.00000 ( 1)  0.028
 270 V   1.00000 0.00000 ( 1)  0.028
 271 M   1.00000 0.00000 ( 1)  0.028
 272 R   1.00000 0.00000 ( 1)  0.028
 273 I   1.00000 0.00000 ( 1)  0.028
 274 L   0.99999 0.00001 ( 1)  0.028
 275 P   1.00000 0.00000 ( 1)  0.028
 276 R   1.00000 0.00000 ( 1)  0.028
 277 L   0.99970 0.00030 ( 1)  0.029
 278 H   1.00000 0.00000 ( 1)  0.028
 279 E   1.00000 0.00000 ( 1)  0.028
 280 D   1.00000 0.00000 ( 1)  0.028
 281 I   1.00000 0.00000 ( 1)  0.028
 282 N   1.00000 0.00000 ( 1)  0.028
 283 E   1.00000 0.00000 ( 1)  0.028
 284 E   1.00000 0.00000 ( 1)  0.028
 285 W   1.00000 0.00000 ( 1)  0.028
 286 I   1.00000 0.00000 ( 1)  0.028
 287 S   1.00000 0.00000 ( 1)  0.028
 288 D   1.00000 0.00000 ( 1)  0.028
 289 K   1.00000 0.00000 ( 1)  0.028
 290 T   1.00000 0.00000 ( 1)  0.028
 291 R   1.00000 0.00000 ( 1)  0.028
 292 F   1.00000 0.00000 ( 1)  0.028
 293 A   1.00000 0.00000 ( 1)  0.028
 294 Y   1.00000 0.00000 ( 1)  0.028
 295 D   1.00000 0.00000 ( 1)  0.028
 296 G   1.00000 0.00000 ( 1)  0.028
 297 L   0.99999 0.00001 ( 1)  0.028
 298 K   1.00000 0.00000 ( 1)  0.028
 299 R   1.00000 0.00000 ( 1)  0.028
 300 Q   1.00000 0.00000 ( 1)  0.028
 301 R   1.00000 0.00000 ( 1)  0.028
 302 L   1.00000 0.00000 ( 1)  0.028
 303 T   1.00000 0.00000 ( 1)  0.028
 304 Q   1.00000 0.00000 ( 1)  0.028
 305 P   1.00000 0.00000 ( 1)  0.028
 306 M   1.00000 0.00000 ( 1)  0.028
 307 I   0.03001 0.96999 ( 2)  0.971
 308 K   1.00000 0.00000 ( 1)  0.028
 309 N   1.00000 0.00000 ( 1)  0.028
 310 E   1.00000 0.00000 ( 1)  0.028
 311 K   1.00000 0.00000 ( 1)  0.028
 312 G   1.00000 0.00000 ( 1)  0.028
 313 L   0.00000 1.00000 ( 2)  1.000
 314 F   0.00017 0.99983 ( 2)  1.000
 315 V   0.95576 0.04424 ( 1)  0.071
 316 Y   0.99898 0.00102 ( 1)  0.029
 317 A   0.00000 1.00000 ( 2)  1.000
 318 S   1.00000 0.00000 ( 1)  0.028
 319 W   1.00000 0.00000 ( 1)  0.028
 320 E   1.00000 0.00000 ( 1)  0.028
 321 D   1.00000 0.00000 ( 1)  0.028
 322 V   1.00000 0.00000 ( 1)  0.028
 323 L   1.00000 0.00000 ( 1)  0.028
 324 T   0.00000 1.00000 ( 2)  1.000
 325 R   1.00000 0.00000 ( 1)  0.028
 326 V   1.00000 0.00000 ( 1)  0.028
 327 A   1.00000 0.00000 ( 1)  0.028
 328 G   1.00000 0.00000 ( 1)  0.028
 329 V   0.34121 0.65879 ( 2)  0.668
 330 L   1.00000 0.00000 ( 1)  0.028
 331 Q   0.00000 1.00000 ( 2)  1.000
 332 A   1.00000 0.00000 ( 1)  0.028
 333 V   1.00000 0.00000 ( 1)  0.028
 334 K   0.00000 1.00000 ( 2)  1.000
 335 G   1.00000 0.00000 ( 1)  0.028
 336 N   0.00000 1.00000 ( 2)  1.000
 337 E   0.00000 1.00000 ( 2)  1.000
 338 V   0.00000 1.00000 ( 2)  1.000
 339 A   1.00000 0.00000 ( 1)  0.028
 340 A   1.00000 0.00000 ( 1)  0.028
 341 I   0.00000 1.00000 ( 2)  1.000
 342 V   1.00000 0.00000 ( 1)  0.028
 343 G   1.00000 0.00000 ( 1)  0.028
 344 G   1.00000 0.00000 ( 1)  0.028
 345 L   0.99147 0.00853 ( 1)  0.037
 346 V   1.00000 0.00000 ( 1)  0.028
 347 D   1.00000 0.00000 ( 1)  0.028
 348 A   1.00000 0.00000 ( 1)  0.028
 349 E   1.00000 0.00000 ( 1)  0.028
 350 A   1.00000 0.00000 ( 1)  0.028
 351 L   1.00000 0.00000 ( 1)  0.028
 352 I   0.99996 0.00004 ( 1)  0.028
 353 A   1.00000 0.00000 ( 1)  0.028
 354 L   1.00000 0.00000 ( 1)  0.028
 355 K   1.00000 0.00000 ( 1)  0.028
 356 D   1.00000 0.00000 ( 1)  0.028
 357 L   1.00000 0.00000 ( 1)  0.028
 358 L   0.99981 0.00019 ( 1)  0.029
 359 N   1.00000 0.00000 ( 1)  0.028
 360 R   1.00000 0.00000 ( 1)  0.028
 361 L   0.00000 1.00000 ( 2)  1.000
 362 N   1.00000 0.00000 ( 1)  0.028
 363 C   0.00000 1.00000 ( 2)  1.000
 364 D   1.00000 0.00000 ( 1)  0.028
 365 T   0.00000 1.00000 ( 2)  1.000
 366 L   1.00000 0.00000 ( 1)  0.028
 367 C   1.00000 0.00000 ( 1)  0.028
 368 T   1.00000 0.00000 ( 1)  0.028
 369 E   1.00000 0.00000 ( 1)  0.028
 370 E   1.00000 0.00000 ( 1)  0.028
 371 V   0.00000 1.00000 ( 2)  1.000
 372 F   1.00000 0.00000 ( 1)  0.028
 373 P   1.00000 0.00000 ( 1)  0.028
 374 T   1.00000 0.00000 ( 1)  0.028
 375 A   0.00000 1.00000 ( 2)  1.000
 376 G   1.00000 0.00000 ( 1)  0.028
 377 A   1.00000 0.00000 ( 1)  0.028
 378 G   1.00000 0.00000 ( 1)  0.028
 379 T   1.00000 0.00000 ( 1)  0.028
 380 D   1.00000 0.00000 ( 1)  0.028
 381 L   1.00000 0.00000 ( 1)  0.028
 382 R   1.00000 0.00000 ( 1)  0.028
 383 S   1.00000 0.00000 ( 1)  0.028
 384 N   1.00000 0.00000 ( 1)  0.028
 385 Y   1.00000 0.00000 ( 1)  0.028
 386 L   0.99974 0.00026 ( 1)  0.029
 387 L   1.00000 0.00000 ( 1)  0.028
 388 N   1.00000 0.00000 ( 1)  0.028
 389 T   1.00000 0.00000 ( 1)  0.028
 390 K   1.00000 0.00000 ( 1)  0.028
 391 I   1.00000 0.00000 ( 1)  0.028
 392 A   0.99999 0.00001 ( 1)  0.028
 393 G   1.00000 0.00000 ( 1)  0.028
 394 V   1.00000 0.00000 ( 1)  0.028
 395 E   1.00000 0.00000 ( 1)  0.028
 396 E   1.00000 0.00000 ( 1)  0.028
 397 A   1.00000 0.00000 ( 1)  0.028
 398 D   1.00000 0.00000 ( 1)  0.028
 399 V   0.99170 0.00830 ( 1)  0.036
 400 L   0.89212 0.10788 ( 1)  0.133
 401 L   1.00000 0.00000 ( 1)  0.028
 402 L   1.00000 0.00000 ( 1)  0.028
 403 V   0.40893 0.59107 ( 2)  0.603
 404 G   1.00000 0.00000 ( 1)  0.028
 405 T   1.00000 0.00000 ( 1)  0.028
 406 N   1.00000 0.00000 ( 1)  0.028
 407 P   1.00000 0.00000 ( 1)  0.028
 408 R   1.00000 0.00000 ( 1)  0.028
 409 F   1.00000 0.00000 ( 1)  0.028
 410 E   1.00000 0.00000 ( 1)  0.028
 411 A   1.00000 0.00000 ( 1)  0.028
 412 P   1.00000 0.00000 ( 1)  0.028
 413 L   1.00000 0.00000 ( 1)  0.028
 414 F   1.00000 0.00000 ( 1)  0.028
 415 N   1.00000 0.00000 ( 1)  0.028
 416 A   1.00000 0.00000 ( 1)  0.028
 417 R   1.00000 0.00000 ( 1)  0.028
 418 I   1.00000 0.00000 ( 1)  0.028
 419 R   1.00000 0.00000 ( 1)  0.028
 420 K   1.00000 0.00000 ( 1)  0.028
 421 S   1.00000 0.00000 ( 1)  0.028
 422 W   1.00000 0.00000 ( 1)  0.028
 423 L   1.00000 0.00000 ( 1)  0.028
 424 H   1.00000 0.00000 ( 1)  0.028
 425 N   1.00000 0.00000 ( 1)  0.028
 426 D   1.00000 0.00000 ( 1)  0.028
 427 L   0.99999 0.00001 ( 1)  0.028
 428 Q   0.00000 1.00000 ( 2)  1.000
 429 V   1.00000 0.00000 ( 1)  0.028
 430 A   1.00000 0.00000 ( 1)  0.028
 431 L   0.99999 0.00001 ( 1)  0.028
 432 V   0.99946 0.00054 ( 1)  0.029
 433 G   1.00000 0.00000 ( 1)  0.028
 434 S   1.00000 0.00000 ( 1)  0.028
 435 P   0.00128 0.99872 ( 2)  0.999
 436 V   1.00000 0.00000 ( 1)  0.028
 437 N   0.00706 0.99294 ( 2)  0.993
 438 L   0.99999 0.00001 ( 1)  0.028
 439 T   1.00000 0.00000 ( 1)  0.028
 440 Y   1.00000 0.00000 ( 1)  0.028
 441 T   0.00000 1.00000 ( 2)  1.000
 442 Y   1.00000 0.00000 ( 1)  0.028
 443 D   0.00000 1.00000 ( 2)  1.000
 444 H   1.00000 0.00000 ( 1)  0.028
 445 L   1.00000 0.00000 ( 1)  0.028
 446 G   1.00000 0.00000 ( 1)  0.028
 447 E   0.00069 0.99931 ( 2)  0.999
 448 S   1.00000 0.00000 ( 1)  0.028
 449 P   1.00000 0.00000 ( 1)  0.028
 450 K   0.96291 0.03709 ( 1)  0.064
 451 I   0.99643 0.00357 ( 1)  0.032
 452 L   1.00000 0.00000 ( 1)  0.028
 453 Q   0.00000 1.00000 ( 2)  1.000
 454 D   1.00000 0.00000 ( 1)  0.028
 455 I   1.00000 0.00000 ( 1)  0.028
 456 A   1.00000 0.00000 ( 1)  0.028
 457 S   0.99999 0.00001 ( 1)  0.028
 458 G   1.00000 0.00000 ( 1)  0.028
 459 K   0.13087 0.86913 ( 2)  0.873
 460 H   1.00000 0.00000 ( 1)  0.028
 461 A   0.00004 0.99996 ( 2)  1.000
 462 F   1.00000 0.00000 ( 1)  0.028
 463 S   0.00000 1.00000 ( 2)  1.000
 464 K   0.99999 0.00001 ( 1)  0.028
 465 V   1.00000 0.00000 ( 1)  0.028
 466 L   1.00000 0.00000 ( 1)  0.028
 467 D   0.00000 1.00000 ( 2)  1.000
 468 Q   0.00000 1.00000 ( 2)  1.000
 469 A   1.00000 0.00000 ( 1)  0.028
 470 K   1.00000 0.00000 ( 1)  0.028
 471 K   0.99964 0.00036 ( 1)  0.029
 472 P   1.00000 0.00000 ( 1)  0.028
 473 M   0.00000 1.00000 ( 2)  1.000
 474 V   1.00000 0.00000 ( 1)  0.028
 475 V   1.00000 0.00000 ( 1)  0.028
 476 V   1.00000 0.00000 ( 1)  0.028
 477 G   1.00000 0.00000 ( 1)  0.028
 478 S   1.00000 0.00000 ( 1)  0.028
 479 A   0.00000 1.00000 ( 2)  1.000
 480 A   1.00000 0.00000 ( 1)  0.028
 481 L   1.00000 0.00000 ( 1)  0.028
 482 Q   1.00000 0.00000 ( 1)  0.028
 483 R   1.00000 0.00000 ( 1)  0.028
 484 S   0.00000 1.00000 ( 2)  1.000
 485 D   1.00000 0.00000 ( 1)  0.028
 486 G   1.00000 0.00000 ( 1)  0.028
 487 A   0.99990 0.00010 ( 1)  0.028
 488 A   1.00000 0.00000 ( 1)  0.028
 489 I   1.00000 0.00000 ( 1)  0.028
 490 H   1.00000 0.00000 ( 1)  0.028
 491 A   1.00000 0.00000 ( 1)  0.028
 492 A   1.00000 0.00000 ( 1)  0.028
 493 V   0.99998 0.00002 ( 1)  0.028
 494 S   1.00000 0.00000 ( 1)  0.028
 495 T   0.00004 0.99996 ( 2)  1.000
 496 I   1.00000 0.00000 ( 1)  0.028
 497 A   1.00000 0.00000 ( 1)  0.028
 498 Q   0.00002 0.99998 ( 2)  1.000
 499 N   1.00000 0.00000 ( 1)  0.028
 500 A   0.99858 0.00142 ( 1)  0.030
 501 R   1.00000 0.00000 ( 1)  0.028
 502 T   0.96677 0.03323 ( 1)  0.061
 503 K   0.00000 1.00000 ( 2)  1.000
 504 S   1.00000 0.00000 ( 1)  0.028
 505 G   0.00000 1.00000 ( 2)  1.000
 506 V   0.80064 0.19936 ( 1)  0.222
 507 G   0.00000 1.00000 ( 2)  1.000
 508 S   0.00000 1.00000 ( 2)  1.000
 509 D   0.00046 0.99954 ( 2)  1.000
 510 W   1.00000 0.00000 ( 1)  0.028
 511 K   1.00000 0.00000 ( 1)  0.028
 512 V   1.00000 0.00000 ( 1)  0.028
 513 M   0.00000 1.00000 ( 2)  1.000
 514 N   1.00000 0.00000 ( 1)  0.028
 515 I   1.00000 0.00000 ( 1)  0.028
 516 L   1.00000 0.00000 ( 1)  0.028
 517 H   1.00000 0.00000 ( 1)  0.028
 518 R   1.00000 0.00000 ( 1)  0.028
 519 V   1.00000 0.00000 ( 1)  0.028
 520 A   1.00000 0.00000 ( 1)  0.028
 521 S   1.00000 0.00000 ( 1)  0.028
 522 Q   1.00000 0.00000 ( 1)  0.028
 523 V   1.00000 0.00000 ( 1)  0.028
 524 A   1.00000 0.00000 ( 1)  0.028
 525 A   1.00000 0.00000 ( 1)  0.028
 526 L   0.99999 0.00001 ( 1)  0.028
 527 D   1.00000 0.00000 ( 1)  0.028
 528 L   0.99999 0.00001 ( 1)  0.028
 529 G   1.00000 0.00000 ( 1)  0.028
 530 F   1.00000 0.00000 ( 1)  0.028
 531 K   1.00000 0.00000 ( 1)  0.028
 532 P   1.00000 0.00000 ( 1)  0.028
 533 G   1.00000 0.00000 ( 1)  0.028
 534 V   1.00000 0.00000 ( 1)  0.028
 535 E   0.99959 0.00041 ( 1)  0.029
 536 A   0.99743 0.00257 ( 1)  0.031
 537 I   1.00000 0.00000 ( 1)  0.028
 538 R   1.00000 0.00000 ( 1)  0.028
 539 K   0.86637 0.13363 ( 1)  0.158
 540 N   0.00000 1.00000 ( 2)  1.000
 541 P   0.00000 1.00000 ( 2)  1.000
 542 P   1.00000 0.00000 ( 1)  0.028
 543 K   0.99943 0.00057 ( 1)  0.029
 544 V   0.00000 1.00000 ( 2)  1.000
 545 L   0.99979 0.00021 ( 1)  0.029
 546 Y   1.00000 0.00000 ( 1)  0.028
 547 L   1.00000 0.00000 ( 1)  0.028
 548 L   0.99999 0.00001 ( 1)  0.028
 549 G   1.00000 0.00000 ( 1)  0.028
 550 A   1.00000 0.00000 ( 1)  0.028
 551 D   1.00000 0.00000 ( 1)  0.028
 552 S   1.00000 0.00000 ( 1)  0.028
 553 G   1.00000 0.00000 ( 1)  0.028
 554 C   1.00000 0.00000 ( 1)  0.028
 555 I   0.00070 0.99930 ( 2)  0.999
 556 T   1.00000 0.00000 ( 1)  0.028
 557 R   0.99998 0.00002 ( 1)  0.028
 558 Q   0.00000 1.00000 ( 2)  1.000
 559 D   1.00000 0.00000 ( 1)  0.028
 560 L   0.99999 0.00001 ( 1)  0.028
 561 P   0.00007 0.99993 ( 2)  1.000
 562 K   0.00154 0.99846 ( 2)  0.999
 563 D   0.99998 0.00002 ( 1)  0.028
 564 C   1.00000 0.00000 ( 1)  0.028
 565 F   1.00000 0.00000 ( 1)  0.028
 566 I   0.00000 1.00000 ( 2)  1.000
 567 I   1.00000 0.00000 ( 1)  0.028
 568 Y   1.00000 0.00000 ( 1)  0.028
 569 Q   1.00000 0.00000 ( 1)  0.028
 570 G   1.00000 0.00000 ( 1)  0.028
 571 H   1.00000 0.00000 ( 1)  0.028
 572 H   1.00000 0.00000 ( 1)  0.028
 573 G   1.00000 0.00000 ( 1)  0.028
 574 D   1.00000 0.00000 ( 1)  0.028
 575 V   0.99703 0.00297 ( 1)  0.031
 576 G   1.00000 0.00000 ( 1)  0.028
 577 A   1.00000 0.00000 ( 1)  0.028
 578 P   1.00000 0.00000 ( 1)  0.028
 579 M   1.00000 0.00000 ( 1)  0.028
 580 A   1.00000 0.00000 ( 1)  0.028
 581 D   1.00000 0.00000 ( 1)  0.028
 582 V   0.00000 1.00000 ( 2)  1.000
 583 I   1.00000 0.00000 ( 1)  0.028
 584 L   1.00000 0.00000 ( 1)  0.028
 585 P   1.00000 0.00000 ( 1)  0.028
 586 G   1.00000 0.00000 ( 1)  0.028
 587 A   1.00000 0.00000 ( 1)  0.028
 588 A   1.00000 0.00000 ( 1)  0.028
 589 Y   1.00000 0.00000 ( 1)  0.028
 590 T   1.00000 0.00000 ( 1)  0.028
 591 E   1.00000 0.00000 ( 1)  0.028
 592 K   1.00000 0.00000 ( 1)  0.028
 593 A   0.00176 0.99824 ( 2)  0.998
 594 A   1.00000 0.00000 ( 1)  0.028
 595 T   1.00000 0.00000 ( 1)  0.028
 596 Y   1.00000 0.00000 ( 1)  0.028
 597 V   1.00000 0.00000 ( 1)  0.028
 598 N   1.00000 0.00000 ( 1)  0.028
 599 T   1.00000 0.00000 ( 1)  0.028
 600 E   1.00000 0.00000 ( 1)  0.028
 601 G   1.00000 0.00000 ( 1)  0.028
 602 R   1.00000 0.00000 ( 1)  0.028
 603 A   1.00000 0.00000 ( 1)  0.028
 604 Q   1.00000 0.00000 ( 1)  0.028
 605 Q   1.00000 0.00000 ( 1)  0.028
 606 T   1.00000 0.00000 ( 1)  0.028
 607 R   1.00000 0.00000 ( 1)  0.028
 608 V   1.00000 0.00000 ( 1)  0.028
 609 A   1.00000 0.00000 ( 1)  0.028
 610 V   1.00000 0.00000 ( 1)  0.028
 611 T   1.00000 0.00000 ( 1)  0.028
 612 P   1.00000 0.00000 ( 1)  0.028
 613 P   1.00000 0.00000 ( 1)  0.028
 614 G   1.00000 0.00000 ( 1)  0.028
 615 M   1.00000 0.00000 ( 1)  0.028
 616 A   1.00000 0.00000 ( 1)  0.028
 617 R   1.00000 0.00000 ( 1)  0.028
 618 E   1.00000 0.00000 ( 1)  0.028
 619 D   1.00000 0.00000 ( 1)  0.028
 620 W   1.00000 0.00000 ( 1)  0.028
 621 K   0.00001 0.99999 ( 2)  1.000
 622 I   1.00000 0.00000 ( 1)  0.028
 623 I   1.00000 0.00000 ( 1)  0.028
 624 R   1.00000 0.00000 ( 1)  0.028
 625 A   1.00000 0.00000 ( 1)  0.028
 626 V   0.00000 1.00000 ( 2)  1.000
 627 S   1.00000 0.00000 ( 1)  0.028
 628 E   1.00000 0.00000 ( 1)  0.028
 629 L   0.00000 1.00000 ( 2)  1.000
 630 A   1.00000 0.00000 ( 1)  0.028
 631 G   1.00000 0.00000 ( 1)  0.028
 632 L   0.00000 1.00000 ( 2)  1.000
 633 T   1.00000 0.00000 ( 1)  0.028
 634 L   0.99999 0.00001 ( 1)  0.028
 635 P   1.00000 0.00000 ( 1)  0.028
 636 Y   1.00000 0.00000 ( 1)  0.028
 637 E   1.00000 0.00000 ( 1)  0.028
 638 N   1.00000 0.00000 ( 1)  0.028
 639 L   1.00000 0.00000 ( 1)  0.028
 640 D   1.00000 0.00000 ( 1)  0.028
 641 Q   0.00000 1.00000 ( 2)  1.000
 642 I   1.00000 0.00000 ( 1)  0.028
 643 R   1.00000 0.00000 ( 1)  0.028
 644 K   1.00000 0.00000 ( 1)  0.028
 645 R   1.00000 0.00000 ( 1)  0.028
 646 L   1.00000 0.00000 ( 1)  0.028
 647 E   1.00000 0.00000 ( 1)  0.028
 648 E   1.00000 0.00000 ( 1)  0.028
 649 V   1.00000 0.00000 ( 1)  0.028
 650 S   1.00000 0.00000 ( 1)  0.028
 651 P   1.00000 0.00000 ( 1)  0.028
 652 N   1.00000 0.00000 ( 1)  0.028
 653 L   0.99999 0.00001 ( 1)  0.028
 654 V   1.00000 0.00000 ( 1)  0.028
 655 R   1.00000 0.00000 ( 1)  0.028
 656 Y   1.00000 0.00000 ( 1)  0.028
 657 D   1.00000 0.00000 ( 1)  0.028
 658 D   1.00000 0.00000 ( 1)  0.028
 659 V   1.00000 0.00000 ( 1)  0.028
 660 E   1.00000 0.00000 ( 1)  0.028
 661 E   1.00000 0.00000 ( 1)  0.028
 662 A   1.00000 0.00000 ( 1)  0.028
 663 N   1.00000 0.00000 ( 1)  0.028
 664 Y   1.00000 0.00000 ( 1)  0.028
 665 F   1.00000 0.00000 ( 1)  0.028
 666 N   0.00000 1.00000 ( 2)  1.000
 667 Q   0.99996 0.00004 ( 1)  0.028
 668 A   1.00000 0.00000 ( 1)  0.028
 669 N   1.00000 0.00000 ( 1)  0.028
 670 E   1.00000 0.00000 ( 1)  0.028
 671 L   1.00000 0.00000 ( 1)  0.028
 672 A   1.00000 0.00000 ( 1)  0.028
 673 K   1.00000 0.00000 ( 1)  0.028
 674 L   1.00000 0.00000 ( 1)  0.028
 675 V   0.70960 0.29040 ( 1)  0.311
 676 K   1.00000 0.00000 ( 1)  0.028
 677 Q   1.00000 0.00000 ( 1)  0.028
 678 Q   0.00002 0.99998 ( 2)  1.000
 679 L   1.00000 0.00000 ( 1)  0.028
 680 L   1.00000 0.00000 ( 1)  0.028
 681 A   0.05913 0.94087 ( 2)  0.943
 682 D   1.00000 0.00000 ( 1)  0.028
 683 P   1.00000 0.00000 ( 1)  0.028
 684 L   1.00000 0.00000 ( 1)  0.028
 685 V   1.00000 0.00000 ( 1)  0.028
 686 P   1.00000 0.00000 ( 1)  0.028
 687 P   1.00000 0.00000 ( 1)  0.028
 688 Q   1.00000 0.00000 ( 1)  0.028
 689 L   1.00000 0.00000 ( 1)  0.028
 690 T   1.00000 0.00000 ( 1)  0.028
 691 I   1.00000 0.00000 ( 1)  0.028
 692 K   1.00000 0.00000 ( 1)  0.028
 693 D   1.00000 0.00000 ( 1)  0.028
 694 F   1.00000 0.00000 ( 1)  0.028
 695 Y   1.00000 0.00000 ( 1)  0.028
 696 M   1.00000 0.00000 ( 1)  0.028
 697 T   1.00000 0.00000 ( 1)  0.028
 698 I   0.99441 0.00559 ( 1)  0.034
 699 S   1.00000 0.00000 ( 1)  0.028
 700 R   1.00000 0.00000 ( 1)  0.028
 701 A   1.00000 0.00000 ( 1)  0.028
 702 S   1.00000 0.00000 ( 1)  0.028
 703 Q   0.99664 0.00336 ( 1)  0.032
 704 T   1.00000 0.00000 ( 1)  0.028
 705 M   1.00000 0.00000 ( 1)  0.028
 706 A   1.00000 0.00000 ( 1)  0.028
 707 K   1.00000 0.00000 ( 1)  0.028
 708 C   1.00000 0.00000 ( 1)  0.028
 709 V   1.00000 0.00000 ( 1)  0.028
 710 K   1.00000 0.00000 ( 1)  0.028
 711 A   1.00000 0.00000 ( 1)  0.028
 712 V   1.00000 0.00000 ( 1)  0.028
 713 V   1.00000 0.00000 ( 1)  0.028
 714 E   1.00000 0.00000 ( 1)  0.028
 715 G   1.00000 0.00000 ( 1)  0.028
 716 A   0.99999 0.00001 ( 1)  0.028
 717 H   1.00000 0.00000 ( 1)  0.028
 718 A   0.99991 0.00009 ( 1)  0.028
 719 V   1.00000 0.00000 ( 1)  0.028
 720 E   0.99914 0.00086 ( 1)  0.029
 721 E   1.00000 0.00000 ( 1)  0.028
 722 P   1.00000 0.00000 ( 1)  0.028
 723 S   0.00000 1.00000 ( 2)  1.000
 724 I   0.00030 0.99970 ( 2)  1.000
 725 C   1.00000 0.00000 ( 1)  0.028
