   1 -   0.00000 1.00000 ( 2)  1.000
   2 -   0.06511 0.93489 ( 2)  0.936
   3 -   0.99989 0.00011 ( 1)  0.012
   4 -   0.00000 1.00000 ( 2)  1.000
   5 -   0.93971 0.06029 ( 1)  0.072
   6 -   0.00000 1.00000 ( 2)  1.000
   7 -   0.00000 1.00000 ( 2)  1.000
   8 -   0.00000 1.00000 ( 2)  1.000
   9 -   0.00000 1.00000 ( 2)  1.000
  10 -   0.00000 1.00000 ( 2)  1.000
  11 -   0.00000 1.00000 ( 2)  1.000
  12 -   0.00000 1.00000 ( 2)  1.000
  13 -   1.00000 0.00000 ( 1)  0.012
  14 -   0.00000 1.00000 ( 2)  1.000
  15 -   0.00000 1.00000 ( 2)  1.000
  16 -   0.00000 1.00000 ( 2)  1.000
  17 -   0.98957 0.01043 ( 1)  0.023
  18 -   0.00000 1.00000 ( 2)  1.000
  19 -   0.00000 1.00000 ( 2)  1.000
  20 -   0.97024 0.02976 ( 1)  0.042
  21 -   0.00000 1.00000 ( 2)  1.000
  22 -   0.99999 0.00001 ( 1)  0.012
  23 -   0.00754 0.99246 ( 2)  0.993
  24 -   0.02359 0.97641 ( 2)  0.977
  25 -   0.17586 0.82414 ( 2)  0.826
  26 -   0.00000 1.00000 ( 2)  1.000
  27 -   0.97785 0.02215 ( 1)  0.034
  28 -   1.00000 0.00000 ( 1)  0.012
  29 -   0.00000 1.00000 ( 2)  1.000
  30 -   0.00000 1.00000 ( 2)  1.000
  31 -   0.95831 0.04169 ( 1)  0.053
  32 -   0.00000 1.00000 ( 2)  1.000
  33 -   1.00000 0.00000 ( 1)  0.012
  34 -   1.00000 0.00000 ( 1)  0.012
  35 -   1.00000 0.00000 ( 1)  0.012
  36 -   0.00000 1.00000 ( 2)  1.000
  37 -   0.00000 1.00000 ( 2)  1.000
  38 -   0.00019 0.99981 ( 2)  1.000
  39 -   0.00044 0.99956 ( 2)  1.000
  40 -   0.00000 1.00000 ( 2)  1.000
  41 -   1.00000 0.00000 ( 1)  0.012
  42 -   1.00000 0.00000 ( 1)  0.012
  43 -   1.00000 0.00000 ( 1)  0.012
  44 -   0.00000 1.00000 ( 2)  1.000
  45 -   1.00000 0.00000 ( 1)  0.012
  46 -   0.99999 0.00001 ( 1)  0.012
  47 -   1.00000 0.00000 ( 1)  0.012
  48 -   1.00000 0.00000 ( 1)  0.012
  49 -   1.00000 0.00000 ( 1)  0.012
  50 -   1.00000 0.00000 ( 1)  0.012
  51 -   1.00000 0.00000 ( 1)  0.012
  52 -   1.00000 0.00000 ( 1)  0.012
  53 -   1.00000 0.00000 ( 1)  0.012
  54 -   1.00000 0.00000 ( 1)  0.012
  55 -   1.00000 0.00000 ( 1)  0.012
  56 W   1.00000 0.00000 ( 1)  0.012
  57 T   1.00000 0.00000 ( 1)  0.012
  58 E   1.00000 0.00000 ( 1)  0.012
  59 L   1.00000 0.00000 ( 1)  0.012
  60 I   0.00000 1.00000 ( 2)  1.000
  61 R   1.00000 0.00000 ( 1)  0.012
  62 G   1.00000 0.00000 ( 1)  0.012
  63 L   1.00000 0.00000 ( 1)  0.012
  64 A   1.00000 0.00000 ( 1)  0.012
  65 M   1.00000 0.00000 ( 1)  0.012
  66 T   1.00000 0.00000 ( 1)  0.012
  67 L   1.00000 0.00000 ( 1)  0.012
  68 S   1.00000 0.00000 ( 1)  0.012
  69 Y   1.00000 0.00000 ( 1)  0.012
  70 L   1.00000 0.00000 ( 1)  0.012
  71 F   1.00000 0.00000 ( 1)  0.012
  72 R   1.00000 0.00000 ( 1)  0.012
  73 E   1.00000 0.00000 ( 1)  0.012
  74 P   1.00000 0.00000 ( 1)  0.012
  75 A   1.00000 0.00000 ( 1)  0.012
  76 T   1.00000 0.00000 ( 1)  0.012
  77 I   1.00000 0.00000 ( 1)  0.012
  78 N   1.00000 0.00000 ( 1)  0.012
  79 Y   1.00000 0.00000 ( 1)  0.012
  80 P   1.00000 0.00000 ( 1)  0.012
  81 F   1.00000 0.00000 ( 1)  0.012
  82 E   1.00000 0.00000 ( 1)  0.012
  83 K   1.00000 0.00000 ( 1)  0.012
  84 G   1.00000 0.00000 ( 1)  0.012
  85 P   1.00000 0.00000 ( 1)  0.012
  86 L   1.00000 0.00000 ( 1)  0.012
  87 S   1.00000 0.00000 ( 1)  0.012
  88 P   1.00000 0.00000 ( 1)  0.012
  89 R   1.00000 0.00000 ( 1)  0.012
  90 F   1.00000 0.00000 ( 1)  0.012
  91 R   1.00000 0.00000 ( 1)  0.012
  92 G   1.00000 0.00000 ( 1)  0.012
  93 E   1.00000 0.00000 ( 1)  0.012
  94 H   1.00000 0.00000 ( 1)  0.012
  95 A   1.00000 0.00000 ( 1)  0.012
  96 L   1.00000 0.00000 ( 1)  0.012
  97 R   1.00000 0.00000 ( 1)  0.012
  98 R   1.00000 0.00000 ( 1)  0.012
  99 Y   1.00000 0.00000 ( 1)  0.012
 100 P   1.00000 0.00000 ( 1)  0.012
 101 S   1.00000 0.00000 ( 1)  0.012
 102 G   1.00000 0.00000 ( 1)  0.012
 103 E   1.00000 0.00000 ( 1)  0.012
 104 E   1.00000 0.00000 ( 1)  0.012
 105 R   1.00000 0.00000 ( 1)  0.012
 106 C   1.00000 0.00000 ( 1)  0.012
 107 I   1.00000 0.00000 ( 1)  0.012
 108 A   1.00000 0.00000 ( 1)  0.012
 109 C   1.00000 0.00000 ( 1)  0.012
 110 K   1.00000 0.00000 ( 1)  0.012
 111 L   1.00000 0.00000 ( 1)  0.012
 112 C   1.00000 0.00000 ( 1)  0.012
 113 E   1.00000 0.00000 ( 1)  0.012
 114 A   1.00000 0.00000 ( 1)  0.012
 115 V   1.00000 0.00000 ( 1)  0.012
 116 C   1.00000 0.00000 ( 1)  0.012
 117 P   1.00000 0.00000 ( 1)  0.012
 118 A   1.00000 0.00000 ( 1)  0.012
 119 Q   1.00000 0.00000 ( 1)  0.012
 120 A   1.00000 0.00000 ( 1)  0.012
 121 I   1.00000 0.00000 ( 1)  0.012
 122 T   1.00000 0.00000 ( 1)  0.012
 123 I   1.00000 0.00000 ( 1)  0.012
 124 E   1.00000 0.00000 ( 1)  0.012
 125 A   1.00000 0.00000 ( 1)  0.012
 126 E   1.00000 0.00000 ( 1)  0.012
 127 P   1.00000 0.00000 ( 1)  0.012
 128 R   1.00000 0.00000 ( 1)  0.012
 129 A   1.00000 0.00000 ( 1)  0.012
 130 D   1.00000 0.00000 ( 1)  0.012
 131 G   1.00000 0.00000 ( 1)  0.012
 132 S   1.00000 0.00000 ( 1)  0.012
 133 R   1.00000 0.00000 ( 1)  0.012
 134 R   1.00000 0.00000 ( 1)  0.012
 135 T   1.00000 0.00000 ( 1)  0.012
 136 T   1.00000 0.00000 ( 1)  0.012
 137 R   1.00000 0.00000 ( 1)  0.012
 138 Y   1.00000 0.00000 ( 1)  0.012
 139 D   1.00000 0.00000 ( 1)  0.012
 140 I   1.00000 0.00000 ( 1)  0.012
 141 D   1.00000 0.00000 ( 1)  0.012
 142 M   1.00000 0.00000 ( 1)  0.012
 143 T   1.00000 0.00000 ( 1)  0.012
 144 K   1.00000 0.00000 ( 1)  0.012
 145 C   1.00000 0.00000 ( 1)  0.012
 146 I   1.00000 0.00000 ( 1)  0.012
 147 Y   1.00000 0.00000 ( 1)  0.012
 148 C   1.00000 0.00000 ( 1)  0.012
 149 G   1.00000 0.00000 ( 1)  0.012
 150 F   1.00000 0.00000 ( 1)  0.012
 151 C   1.00000 0.00000 ( 1)  0.012
 152 Q   1.00000 0.00000 ( 1)  0.012
 153 E   1.00000 0.00000 ( 1)  0.012
 154 A   1.00000 0.00000 ( 1)  0.012
 155 C   1.00000 0.00000 ( 1)  0.012
 156 P   1.00000 0.00000 ( 1)  0.012
 157 V   1.00000 0.00000 ( 1)  0.012
 158 D   1.00000 0.00000 ( 1)  0.012
 159 A   1.00000 0.00000 ( 1)  0.012
 160 I   1.00000 0.00000 ( 1)  0.012
 161 V   1.00000 0.00000 ( 1)  0.012
 162 E   1.00000 0.00000 ( 1)  0.012
 163 G   1.00000 0.00000 ( 1)  0.012
 164 P   1.00000 0.00000 ( 1)  0.012
 165 N   1.00000 0.00000 ( 1)  0.012
 166 F   1.00000 0.00000 ( 1)  0.012
 167 E   1.00000 0.00000 ( 1)  0.012
 168 F   1.00000 0.00000 ( 1)  0.012
 169 S   1.00000 0.00000 ( 1)  0.012
 170 T   1.00000 0.00000 ( 1)  0.012
 171 E   1.00000 0.00000 ( 1)  0.012
 172 T   1.00000 0.00000 ( 1)  0.012
 173 H   1.00000 0.00000 ( 1)  0.012
 174 E   1.00000 0.00000 ( 1)  0.012
 175 E   1.00000 0.00000 ( 1)  0.012
 176 L   1.00000 0.00000 ( 1)  0.012
 177 L   1.00000 0.00000 ( 1)  0.012
 178 Y   1.00000 0.00000 ( 1)  0.012
 179 N   1.00000 0.00000 ( 1)  0.012
 180 K   1.00000 0.00000 ( 1)  0.012
 181 E   1.00000 0.00000 ( 1)  0.012
 182 K   1.00000 0.00000 ( 1)  0.012
 183 L   1.00000 0.00000 ( 1)  0.012
 184 L   1.00000 0.00000 ( 1)  0.012
 185 N   1.00000 0.00000 ( 1)  0.012
 186 N   1.00000 0.00000 ( 1)  0.012
 187 G   1.00000 0.00000 ( 1)  0.012
 188 D   1.00000 0.00000 ( 1)  0.012
 189 K   1.00000 0.00000 ( 1)  0.012
 190 W   1.00000 0.00000 ( 1)  0.012
 191 E   1.00000 0.00000 ( 1)  0.012
 192 A   1.00000 0.00000 ( 1)  0.012
 193 E   1.00000 0.00000 ( 1)  0.012
 194 I   1.00000 0.00000 ( 1)  0.012
 195 A   1.00000 0.00000 ( 1)  0.012
 196 A   1.00000 0.00000 ( 1)  0.012
 197 N   1.00000 0.00000 ( 1)  0.012
 198 I   1.00000 0.00000 ( 1)  0.012
 199 Q   1.00000 0.00000 ( 1)  0.012
 200 A   1.00000 0.00000 ( 1)  0.012
 201 D   1.00000 0.00000 ( 1)  0.012
 202 Y   1.00000 0.00000 ( 1)  0.012
 203 L   1.00000 0.00000 ( 1)  0.012
 204 Y   1.00000 0.00000 ( 1)  0.012
 205 R   1.00000 0.00000 ( 1)  0.012
