   1 R   0.00007 0.99993 ( 2)  1.000
   2 Q   1.00000 0.00000 ( 1)  0.014
   3 W   1.00000 0.00000 ( 1)  0.014
   4 Q   1.00000 0.00000 ( 1)  0.014
   5 P   1.00000 0.00000 ( 1)  0.014
   6 D   1.00000 0.00000 ( 1)  0.014
   7 V   0.00909 0.99091 ( 2)  0.991
   8 E   0.99882 0.00118 ( 1)  0.015
   9 W   1.00000 0.00000 ( 1)  0.014
  10 A   1.00000 0.00000 ( 1)  0.014
  11 Q   1.00000 0.00000 ( 1)  0.014
  12 Q   0.99992 0.00008 ( 1)  0.014
  13 F   0.38071 0.61929 ( 2)  0.625
  14 A   1.00000 0.00000 ( 1)  0.014
  15 G   1.00000 0.00000 ( 1)  0.014
  16 A   1.00000 0.00000 ( 1)  0.014
  17 V   0.98040 0.01960 ( 1)  0.033
  18 M   1.00000 0.00000 ( 1)  0.014
  19 Y   0.99829 0.00171 ( 1)  0.016
  20 P   1.00000 0.00000 ( 1)  0.014
  21 S   1.00000 0.00000 ( 1)  0.014
  22 K   1.00000 0.00000 ( 1)  0.014
  23 E   1.00000 0.00000 ( 1)  0.014
  24 T   1.00000 0.00000 ( 1)  0.014
  25 E   0.99999 0.00001 ( 1)  0.014
  26 K   1.00000 0.00000 ( 1)  0.014
  27 W   1.00000 0.00000 ( 1)  0.014
  28 V   1.00000 0.00000 ( 1)  0.014
  29 P   1.00000 0.00000 ( 1)  0.014
  30 P   1.00000 0.00000 ( 1)  0.014
  31 P   1.00000 0.00000 ( 1)  0.014
  32 W   1.00000 0.00000 ( 1)  0.014
  33 N   1.00000 0.00000 ( 1)  0.014
  34 D   1.00000 0.00000 ( 1)  0.014
  35 K   0.99974 0.00026 ( 1)  0.014
  36 D   1.00000 0.00000 ( 1)  0.014
  37 P   1.00000 0.00000 ( 1)  0.014
  38 V   0.00000 1.00000 ( 2)  1.000
  39 A   1.00000 0.00000 ( 1)  0.014
  40 H   0.99592 0.00408 ( 1)  0.018
  41 K   1.00000 0.00000 ( 1)  0.014
  42 K   1.00000 0.00000 ( 1)  0.014
  43 V   1.00000 0.00000 ( 1)  0.014
  44 S   1.00000 0.00000 ( 1)  0.014
  45 S   1.00000 0.00000 ( 1)  0.014
  46 L   1.00000 0.00000 ( 1)  0.014
  47 T   1.00000 0.00000 ( 1)  0.014
  48 I   1.00000 0.00000 ( 1)  0.014
  49 N   1.00000 0.00000 ( 1)  0.014
  50 F   1.00000 0.00000 ( 1)  0.014
  51 G   1.00000 0.00000 ( 1)  0.014
  52 P   1.00000 0.00000 ( 1)  0.014
  53 Q   1.00000 0.00000 ( 1)  0.014
  54 H   1.00000 0.00000 ( 1)  0.014
  55 P   1.00000 0.00000 ( 1)  0.014
  56 A   1.00000 0.00000 ( 1)  0.014
  57 A   1.00000 0.00000 ( 1)  0.014
  58 H   1.00000 0.00000 ( 1)  0.014
  59 G   1.00000 0.00000 ( 1)  0.014
  60 V   1.00000 0.00000 ( 1)  0.014
  61 L   0.99999 0.00001 ( 1)  0.014
  62 R   1.00000 0.00000 ( 1)  0.014
  63 L   1.00000 0.00000 ( 1)  0.014
  64 V   1.00000 0.00000 ( 1)  0.014
  65 M   1.00000 0.00000 ( 1)  0.014
  66 E   1.00000 0.00000 ( 1)  0.014
  67 L   1.00000 0.00000 ( 1)  0.014
  68 S   1.00000 0.00000 ( 1)  0.014
  69 G   1.00000 0.00000 ( 1)  0.014
  70 E   1.00000 0.00000 ( 1)  0.014
  71 T   0.99982 0.00018 ( 1)  0.014
  72 V   1.00000 0.00000 ( 1)  0.014
  73 K   0.99976 0.00024 ( 1)  0.014
  74 K   0.00066 0.99934 ( 2)  0.999
  75 C   1.00000 0.00000 ( 1)  0.014
  76 D   1.00000 0.00000 ( 1)  0.014
  77 P   1.00000 0.00000 ( 1)  0.014
  78 H   1.00000 0.00000 ( 1)  0.014
  79 V   0.00000 1.00000 ( 2)  1.000
  80 G   1.00000 0.00000 ( 1)  0.014
  81 L   1.00000 0.00000 ( 1)  0.014
  82 L   1.00000 0.00000 ( 1)  0.014
  83 H   1.00000 0.00000 ( 1)  0.014
  84 R   1.00000 0.00000 ( 1)  0.014
  85 G   1.00000 0.00000 ( 1)  0.014
  86 T   1.00000 0.00000 ( 1)  0.014
  87 E   1.00000 0.00000 ( 1)  0.014
  88 K   1.00000 0.00000 ( 1)  0.014
  89 L   1.00000 0.00000 ( 1)  0.014
  90 I   1.00000 0.00000 ( 1)  0.014
  91 E   1.00000 0.00000 ( 1)  0.014
  92 Y   0.93309 0.06691 ( 1)  0.080
  93 K   1.00000 0.00000 ( 1)  0.014
  94 T   1.00000 0.00000 ( 1)  0.014
  95 Y   1.00000 0.00000 ( 1)  0.014
  96 L   1.00000 0.00000 ( 1)  0.014
  97 Q   1.00000 0.00000 ( 1)  0.014
  98 A   1.00000 0.00000 ( 1)  0.014
  99 L   1.00000 0.00000 ( 1)  0.014
 100 P   1.00000 0.00000 ( 1)  0.014
 101 Y   1.00000 0.00000 ( 1)  0.014
 102 F   1.00000 0.00000 ( 1)  0.014
 103 D   1.00000 0.00000 ( 1)  0.014
 104 R   1.00000 0.00000 ( 1)  0.014
 105 L   1.00000 0.00000 ( 1)  0.014
 106 D   1.00000 0.00000 ( 1)  0.014
 107 Y   1.00000 0.00000 ( 1)  0.014
 108 V   1.00000 0.00000 ( 1)  0.014
 109 S   1.00000 0.00000 ( 1)  0.014
 110 M   1.00000 0.00000 ( 1)  0.014
 111 M   1.00000 0.00000 ( 1)  0.014
 112 C   1.00000 0.00000 ( 1)  0.014
 113 N   1.00000 0.00000 ( 1)  0.014
 114 E   1.00000 0.00000 ( 1)  0.014
 115 Q   1.00000 0.00000 ( 1)  0.014
 116 A   1.00000 0.00000 ( 1)  0.014
 117 Y   1.00000 0.00000 ( 1)  0.014
 118 S   0.99699 0.00301 ( 1)  0.017
 119 L   1.00000 0.00000 ( 1)  0.014
 120 A   1.00000 0.00000 ( 1)  0.014
 121 V   1.00000 0.00000 ( 1)  0.014
 122 E   1.00000 0.00000 ( 1)  0.014
 123 K   1.00000 0.00000 ( 1)  0.014
 124 L   1.00000 0.00000 ( 1)  0.014
 125 L   1.00000 0.00000 ( 1)  0.014
 126 N   1.00000 0.00000 ( 1)  0.014
 127 I   1.00000 0.00000 ( 1)  0.014
 128 R   0.99997 0.00003 ( 1)  0.014
 129 P   1.00000 0.00000 ( 1)  0.014
 130 P   1.00000 0.00000 ( 1)  0.014
 131 L   0.18053 0.81947 ( 2)  0.822
 132 R   1.00000 0.00000 ( 1)  0.014
 133 A   1.00000 0.00000 ( 1)  0.014
 134 Q   1.00000 0.00000 ( 1)  0.014
 135 W   1.00000 0.00000 ( 1)  0.014
 136 I   1.00000 0.00000 ( 1)  0.014
 136 I   1.00000 0.00000 ( 1)  0.014
 137 R   0.99998 0.00002 ( 1)  0.014
 138 V   1.00000 0.00000 ( 1)  0.014
 139 L   1.00000 0.00000 ( 1)  0.014
 140 F   1.00000 0.00000 ( 1)  0.014
 141 A   1.00000 0.00000 ( 1)  0.014
 142 E   1.00000 0.00000 ( 1)  0.014
 143 I   1.00000 0.00000 ( 1)  0.014
 144 T   1.00000 0.00000 ( 1)  0.014
 145 R   1.00000 0.00000 ( 1)  0.014
 146 L   1.00000 0.00000 ( 1)  0.014
 147 L   1.00000 0.00000 ( 1)  0.014
 148 N   1.00000 0.00000 ( 1)  0.014
 149 H   1.00000 0.00000 ( 1)  0.014
 150 I   1.00000 0.00000 ( 1)  0.014
 151 M   1.00000 0.00000 ( 1)  0.014
 152 A   1.00000 0.00000 ( 1)  0.014
 153 V   1.00000 0.00000 ( 1)  0.014
 154 T   1.00000 0.00000 ( 1)  0.014
 155 T   1.00000 0.00000 ( 1)  0.014
 156 H   1.00000 0.00000 ( 1)  0.014
 157 A   1.00000 0.00000 ( 1)  0.014
 158 L   1.00000 0.00000 ( 1)  0.014
 159 D   1.00000 0.00000 ( 1)  0.014
 160 I   1.00000 0.00000 ( 1)  0.014
 161 G   1.00000 0.00000 ( 1)  0.014
 162 A   1.00000 0.00000 ( 1)  0.014
 163 M   1.00000 0.00000 ( 1)  0.014
 164 T   1.00000 0.00000 ( 1)  0.014
 165 P   1.00000 0.00000 ( 1)  0.014
 166 F   1.00000 0.00000 ( 1)  0.014
 167 F   1.00000 0.00000 ( 1)  0.014
 168 W   1.00000 0.00000 ( 1)  0.014
 169 M   1.00000 0.00000 ( 1)  0.014
 170 F   1.00000 0.00000 ( 1)  0.014
 171 E   1.00000 0.00000 ( 1)  0.014
 172 E   1.00000 0.00000 ( 1)  0.014
 173 R   1.00000 0.00000 ( 1)  0.014
 174 E   1.00000 0.00000 ( 1)  0.014
 175 K   1.00000 0.00000 ( 1)  0.014
 176 M   1.00000 0.00000 ( 1)  0.014
 177 F   1.00000 0.00000 ( 1)  0.014
 178 E   1.00000 0.00000 ( 1)  0.014
 179 F   1.00000 0.00000 ( 1)  0.014
 180 Y   1.00000 0.00000 ( 1)  0.014
 181 E   1.00000 0.00000 ( 1)  0.014
 182 R   1.00000 0.00000 ( 1)  0.014
 183 V   1.00000 0.00000 ( 1)  0.014
 184 S   1.00000 0.00000 ( 1)  0.014
 185 G   1.00000 0.00000 ( 1)  0.014
 186 A   1.00000 0.00000 ( 1)  0.014
 187 R   1.00000 0.00000 ( 1)  0.014
 188 M   1.00000 0.00000 ( 1)  0.014
 189 H   1.00000 0.00000 ( 1)  0.014
 190 A   1.00000 0.00000 ( 1)  0.014
 191 A   1.00000 0.00000 ( 1)  0.014
 192 Y   1.00000 0.00000 ( 1)  0.014
 193 I   0.99463 0.00537 ( 1)  0.019
 194 R   1.00000 0.00000 ( 1)  0.014
 195 P   1.00000 0.00000 ( 1)  0.014
 196 G   1.00000 0.00000 ( 1)  0.014
 197 G   1.00000 0.00000 ( 1)  0.014
 198 V   1.00000 0.00000 ( 1)  0.014
 199 H   1.00000 0.00000 ( 1)  0.014
 200 Q   1.00000 0.00000 ( 1)  0.014
 201 D   1.00000 0.00000 ( 1)  0.014
 202 L   0.99999 0.00001 ( 1)  0.014
 203 P   1.00000 0.00000 ( 1)  0.014
 204 L   0.99999 0.00001 ( 1)  0.014
 205 G   1.00000 0.00000 ( 1)  0.014
 206 L   1.00000 0.00000 ( 1)  0.014
 207 M   1.00000 0.00000 ( 1)  0.014
 208 D   1.00000 0.00000 ( 1)  0.014
 209 D   1.00000 0.00000 ( 1)  0.014
 210 I   1.00000 0.00000 ( 1)  0.014
 211 Y   1.00000 0.00000 ( 1)  0.014
 212 E   1.00000 0.00000 ( 1)  0.014
 213 F   1.00000 0.00000 ( 1)  0.014
 214 V   0.52099 0.47901 ( 1)  0.486
 215 K   1.00000 0.00000 ( 1)  0.014
 216 N   1.00000 0.00000 ( 1)  0.014
 217 F   0.99999 0.00001 ( 1)  0.014
 218 S   1.00000 0.00000 ( 1)  0.014
 219 M   0.00000 1.00000 ( 2)  1.000
 220 R   1.00000 0.00000 ( 1)  0.014
 221 I   0.99997 0.00003 ( 1)  0.014
 222 D   1.00000 0.00000 ( 1)  0.014
 223 E   1.00000 0.00000 ( 1)  0.014
 224 V   1.00000 0.00000 ( 1)  0.014
 225 E   1.00000 0.00000 ( 1)  0.014
 226 E   1.00000 0.00000 ( 1)  0.014
 227 M   1.00000 0.00000 ( 1)  0.014
 228 L   1.00000 0.00000 ( 1)  0.014
 229 T   1.00000 0.00000 ( 1)  0.014
 230 N   1.00000 0.00000 ( 1)  0.014
 231 N   1.00000 0.00000 ( 1)  0.014
 232 R   1.00000 0.00000 ( 1)  0.014
 233 I   1.00000 0.00000 ( 1)  0.014
 234 W   1.00000 0.00000 ( 1)  0.014
 235 K   0.99999 0.00001 ( 1)  0.014
 236 N   1.00000 0.00000 ( 1)  0.014
 237 R   1.00000 0.00000 ( 1)  0.014
 238 T   1.00000 0.00000 ( 1)  0.014
 239 V   1.00000 0.00000 ( 1)  0.014
 240 D   0.99996 0.00004 ( 1)  0.014
 241 I   1.00000 0.00000 ( 1)  0.014
 242 G   1.00000 0.00000 ( 1)  0.014
 243 V   1.00000 0.00000 ( 1)  0.014
 244 I   1.00000 0.00000 ( 1)  0.014
 245 T   1.00000 0.00000 ( 1)  0.014
 246 A   1.00000 0.00000 ( 1)  0.014
 247 E   1.00000 0.00000 ( 1)  0.014
 248 E   1.00000 0.00000 ( 1)  0.014
 249 A   1.00000 0.00000 ( 1)  0.014
 250 L   1.00000 0.00000 ( 1)  0.014
 251 N   1.00000 0.00000 ( 1)  0.014
 252 Y   1.00000 0.00000 ( 1)  0.014
 253 G   1.00000 0.00000 ( 1)  0.014
 254 F   1.00000 0.00000 ( 1)  0.014
 255 S   1.00000 0.00000 ( 1)  0.014
 256 G   1.00000 0.00000 ( 1)  0.014
 257 V   1.00000 0.00000 ( 1)  0.014
 258 M   1.00000 0.00000 ( 1)  0.014
 259 L   1.00000 0.00000 ( 1)  0.014
 260 R   1.00000 0.00000 ( 1)  0.014
 261 G   1.00000 0.00000 ( 1)  0.014
 262 S   1.00000 0.00000 ( 1)  0.014
 263 G   1.00000 0.00000 ( 1)  0.014
 264 I   1.00000 0.00000 ( 1)  0.014
 265 H   0.00001 0.99999 ( 2)  1.000
 266 W   1.00000 0.00000 ( 1)  0.014
 267 D   1.00000 0.00000 ( 1)  0.014
 268 L   1.00000 0.00000 ( 1)  0.014
 269 R   1.00000 0.00000 ( 1)  0.014
 270 K   1.00000 0.00000 ( 1)  0.014
 271 T   1.00000 0.00000 ( 1)  0.014
 272 Q   1.00000 0.00000 ( 1)  0.014
 273 P   1.00000 0.00000 ( 1)  0.014
 274 Y   1.00000 0.00000 ( 1)  0.014
 275 D   1.00000 0.00000 ( 1)  0.014
 276 V   1.00000 0.00000 ( 1)  0.014
 277 Y   1.00000 0.00000 ( 1)  0.014
 278 D   0.69715 0.30285 ( 1)  0.313
 279 Q   1.00000 0.00000 ( 1)  0.014
 280 V   0.99999 0.00001 ( 1)  0.014
 281 E   0.99999 0.00001 ( 1)  0.014
 282 F   1.00000 0.00000 ( 1)  0.014
 283 D   1.00000 0.00000 ( 1)  0.014
 284 V   1.00000 0.00000 ( 1)  0.014
 285 P   1.00000 0.00000 ( 1)  0.014
 286 I   1.00000 0.00000 ( 1)  0.014
 287 G   1.00000 0.00000 ( 1)  0.014
 288 S   1.00000 0.00000 ( 1)  0.014
 289 R   0.00001 0.99999 ( 2)  1.000
 290 G   1.00000 0.00000 ( 1)  0.014
 291 D   1.00000 0.00000 ( 1)  0.014
 292 C   1.00000 0.00000 ( 1)  0.014
 293 Y   1.00000 0.00000 ( 1)  0.014
 294 D   1.00000 0.00000 ( 1)  0.014
 295 R   1.00000 0.00000 ( 1)  0.014
 296 Y   1.00000 0.00000 ( 1)  0.014
 297 L   0.99999 0.00001 ( 1)  0.014
 298 C   1.00000 0.00000 ( 1)  0.014
 299 R   1.00000 0.00000 ( 1)  0.014
 300 V   1.00000 0.00000 ( 1)  0.014
 301 E   1.00000 0.00000 ( 1)  0.014
 302 E   1.00000 0.00000 ( 1)  0.014
 303 M   1.00000 0.00000 ( 1)  0.014
 304 R   1.00000 0.00000 ( 1)  0.014
 305 Q   1.00000 0.00000 ( 1)  0.014
 306 S   1.00000 0.00000 ( 1)  0.014
 307 L   1.00000 0.00000 ( 1)  0.014
 308 R   1.00000 0.00000 ( 1)  0.014
 309 I   1.00000 0.00000 ( 1)  0.014
 310 I   1.00000 0.00000 ( 1)  0.014
 311 L   0.99999 0.00001 ( 1)  0.014
 312 Q   1.00000 0.00000 ( 1)  0.014
 313 C   1.00000 0.00000 ( 1)  0.014
 314 L   1.00000 0.00000 ( 1)  0.014
 315 N   1.00000 0.00000 ( 1)  0.014
 316 K   1.00000 0.00000 ( 1)  0.014
 317 M   1.00000 0.00000 ( 1)  0.014
 318 P   1.00000 0.00000 ( 1)  0.014
 319 E   0.00219 0.99781 ( 2)  0.998
 320 G   1.00000 0.00000 ( 1)  0.014
 321 E   1.00000 0.00000 ( 1)  0.014
 322 I   0.99654 0.00346 ( 1)  0.017
 323 K   1.00000 0.00000 ( 1)  0.014
 324 V   1.00000 0.00000 ( 1)  0.014
 325 D   1.00000 0.00000 ( 1)  0.014
 326 D   1.00000 0.00000 ( 1)  0.014
 327 A   1.00000 0.00000 ( 1)  0.014
 328 K   1.00000 0.00000 ( 1)  0.014
 329 I   0.80408 0.19592 ( 1)  0.207
 330 S   1.00000 0.00000 ( 1)  0.014
 331 P   1.00000 0.00000 ( 1)  0.014
 332 P   1.00000 0.00000 ( 1)  0.014
 333 K   1.00000 0.00000 ( 1)  0.014
 334 R   1.00000 0.00000 ( 1)  0.014
 335 A   1.00000 0.00000 ( 1)  0.014
 336 E   1.00000 0.00000 ( 1)  0.014
 337 M   1.00000 0.00000 ( 1)  0.014
 338 K   1.00000 0.00000 ( 1)  0.014
 339 T   1.00000 0.00000 ( 1)  0.014
 340 S   1.00000 0.00000 ( 1)  0.014
 341 M   1.00000 0.00000 ( 1)  0.014
 342 E   1.00000 0.00000 ( 1)  0.014
 343 S   1.00000 0.00000 ( 1)  0.014
 344 L   1.00000 0.00000 ( 1)  0.014
 345 I   1.00000 0.00000 ( 1)  0.014
 346 H   1.00000 0.00000 ( 1)  0.014
 347 H   1.00000 0.00000 ( 1)  0.014
 348 F   1.00000 0.00000 ( 1)  0.014
 349 K   1.00000 0.00000 ( 1)  0.014
 350 L   1.00000 0.00000 ( 1)  0.014
 351 Y   1.00000 0.00000 ( 1)  0.014
 352 T   1.00000 0.00000 ( 1)  0.014
 353 E   1.00000 0.00000 ( 1)  0.014
 354 G   1.00000 0.00000 ( 1)  0.014
 355 Y   1.00000 0.00000 ( 1)  0.014
 356 Q   1.00000 0.00000 ( 1)  0.014
 357 V   1.00000 0.00000 ( 1)  0.014
 358 P   1.00000 0.00000 ( 1)  0.014
 359 P   1.00000 0.00000 ( 1)  0.014
 360 G   1.00000 0.00000 ( 1)  0.014
 361 A   1.00000 0.00000 ( 1)  0.014
 362 T   1.00000 0.00000 ( 1)  0.014
 363 Y   1.00000 0.00000 ( 1)  0.014
 364 T   1.00000 0.00000 ( 1)  0.014
 365 A   1.00000 0.00000 ( 1)  0.014
 366 I   0.99910 0.00090 ( 1)  0.015
 367 E   1.00000 0.00000 ( 1)  0.014
 368 A   1.00000 0.00000 ( 1)  0.014
 369 P   1.00000 0.00000 ( 1)  0.014
 370 K   1.00000 0.00000 ( 1)  0.014
 371 G   1.00000 0.00000 ( 1)  0.014
 372 E   1.00000 0.00000 ( 1)  0.014
 373 F   1.00000 0.00000 ( 1)  0.014
 374 G   1.00000 0.00000 ( 1)  0.014
 375 V   0.99999 0.00001 ( 1)  0.014
 376 Y   1.00000 0.00000 ( 1)  0.014
 377 L   1.00000 0.00000 ( 1)  0.014
 378 V   1.00000 0.00000 ( 1)  0.014
 379 S   1.00000 0.00000 ( 1)  0.014
 380 D   1.00000 0.00000 ( 1)  0.014
 381 G   1.00000 0.00000 ( 1)  0.014
 382 S   1.00000 0.00000 ( 1)  0.014
 383 S   1.00000 0.00000 ( 1)  0.014
 384 R   1.00000 0.00000 ( 1)  0.014
 385 P   1.00000 0.00000 ( 1)  0.014
 386 Y   1.00000 0.00000 ( 1)  0.014
 387 R   1.00000 0.00000 ( 1)  0.014
 388 C   1.00000 0.00000 ( 1)  0.014
 389 K   1.00000 0.00000 ( 1)  0.014
 390 I   1.00000 0.00000 ( 1)  0.014
 391 K   1.00000 0.00000 ( 1)  0.014
 392 A   1.00000 0.00000 ( 1)  0.014
 393 P   1.00000 0.00000 ( 1)  0.014
 394 G   1.00000 0.00000 ( 1)  0.014
 395 F   1.00000 0.00000 ( 1)  0.014
 396 A   1.00000 0.00000 ( 1)  0.014
 397 H   1.00000 0.00000 ( 1)  0.014
 398 L   0.99999 0.00001 ( 1)  0.014
 399 A   1.00000 0.00000 ( 1)  0.014
 400 G   1.00000 0.00000 ( 1)  0.014
 401 L   0.99999 0.00001 ( 1)  0.014
 402 D   1.00000 0.00000 ( 1)  0.014
 403 R   1.00000 0.00000 ( 1)  0.014
 404 M   1.00000 0.00000 ( 1)  0.014
 405 S   1.00000 0.00000 ( 1)  0.014
 406 Q   1.00000 0.00000 ( 1)  0.014
 407 G   1.00000 0.00000 ( 1)  0.014
 408 H   1.00000 0.00000 ( 1)  0.014
 409 M   1.00000 0.00000 ( 1)  0.014
 410 L   0.99999 0.00001 ( 1)  0.014
 411 A   1.00000 0.00000 ( 1)  0.014
 412 D   1.00000 0.00000 ( 1)  0.014
 413 V   1.00000 0.00000 ( 1)  0.014
 414 V   1.00000 0.00000 ( 1)  0.014
 415 A   1.00000 0.00000 ( 1)  0.014
 416 I   1.00000 0.00000 ( 1)  0.014
 417 I   1.00000 0.00000 ( 1)  0.014
 418 G   1.00000 0.00000 ( 1)  0.014
 419 T   1.00000 0.00000 ( 1)  0.014
 420 Q   1.00000 0.00000 ( 1)  0.014
 421 D   1.00000 0.00000 ( 1)  0.014
 422 I   1.00000 0.00000 ( 1)  0.014
 423 V   1.00000 0.00000 ( 1)  0.014
 424 F   1.00000 0.00000 ( 1)  0.014
 425 G   1.00000 0.00000 ( 1)  0.014
 426 E   1.00000 0.00000 ( 1)  0.014
 427 V   1.00000 0.00000 ( 1)  0.014
 428 D   1.00000 0.00000 ( 1)  0.014
 429 R   1.00000 0.00000 ( 1)  0.014
