   1 T   1.00000 0.00000 ( 1)  0.017
   2 V   1.00000 0.00000 ( 1)  0.017
   3 R   1.00000 0.00000 ( 1)  0.017
   4 P   1.00000 0.00000 ( 1)  0.017
   5 K   1.00000 0.00000 ( 1)  0.017
   6 N   1.00000 0.00000 ( 1)  0.017
   7 E   1.00000 0.00000 ( 1)  0.017
   8 V   0.00000 1.00000 ( 2)  1.000
   9 E   0.02933 0.97067 ( 2)  0.971
  10 Q   0.00000 1.00000 ( 2)  1.000
  11 K   1.00000 0.00000 ( 1)  0.017
  12 Q   1.00000 0.00000 ( 1)  0.017
  13 L   1.00000 0.00000 ( 1)  0.017
  14 C   1.00000 0.00000 ( 1)  0.017
  15 A   1.00000 0.00000 ( 1)  0.017
  16 F   1.00000 0.00000 ( 1)  0.017
  17 G   1.00000 0.00000 ( 1)  0.017
  18 E   1.00000 0.00000 ( 1)  0.017
  19 Y   1.00000 0.00000 ( 1)  0.017
  20 V   0.00000 1.00000 ( 2)  1.000
  21 A   1.00000 0.00000 ( 1)  0.017
  22 E   1.00000 0.00000 ( 1)  0.017
  23 I   1.00000 0.00000 ( 1)  0.017
  24 L   0.97990 0.02010 ( 1)  0.036
  25 P   1.00000 0.00000 ( 1)  0.017
  26 K   1.00000 0.00000 ( 1)  0.017
  27 Y   1.00000 0.00000 ( 1)  0.017
  28 I   1.00000 0.00000 ( 1)  0.017
  29 Q   1.00000 0.00000 ( 1)  0.017
  30 Q   1.00000 0.00000 ( 1)  0.017
  31 V   0.00000 1.00000 ( 2)  1.000
  32 Q   1.00000 0.00000 ( 1)  0.017
  33 V   0.99998 0.00002 ( 1)  0.017
  34 T   1.00000 0.00000 ( 1)  0.017
  35 C   1.00000 0.00000 ( 1)  0.017
  36 F   0.00004 0.99996 ( 2)  1.000
  37 N   1.00000 0.00000 ( 1)  0.017
  38 E   1.00000 0.00000 ( 1)  0.017
  39 L   1.00000 0.00000 ( 1)  0.017
  40 E   1.00000 0.00000 ( 1)  0.017
  41 L   1.00000 0.00000 ( 1)  0.017
  42 L   0.99991 0.00009 ( 1)  0.017
  43 I   1.00000 0.00000 ( 1)  0.017
  44 H   1.00000 0.00000 ( 1)  0.017
  45 P   1.00000 0.00000 ( 1)  0.017
  46 D   1.00000 0.00000 ( 1)  0.017
  47 G   1.00000 0.00000 ( 1)  0.017
  48 I   1.00000 0.00000 ( 1)  0.017
  49 V   0.00020 0.99980 ( 2)  1.000
  50 P   1.00000 0.00000 ( 1)  0.017
  51 V   1.00000 0.00000 ( 1)  0.017
  52 L   1.00000 0.00000 ( 1)  0.017
  53 T   1.00000 0.00000 ( 1)  0.017
  54 F   1.00000 0.00000 ( 1)  0.017
  55 L   1.00000 0.00000 ( 1)  0.017
  56 R   1.00000 0.00000 ( 1)  0.017
  57 D   1.00000 0.00000 ( 1)  0.017
  58 H   1.00000 0.00000 ( 1)  0.017
  59 T   1.00000 0.00000 ( 1)  0.017
  60 N   1.00000 0.00000 ( 1)  0.017
  61 A   1.00000 0.00000 ( 1)  0.017
  62 Q   1.00000 0.00000 ( 1)  0.017
  63 F   1.00000 0.00000 ( 1)  0.017
  64 K   1.00000 0.00000 ( 1)  0.017
  65 S   1.00000 0.00000 ( 1)  0.017
  66 L   0.99965 0.00035 ( 1)  0.017
  67 A   1.00000 0.00000 ( 1)  0.017
  68 D   1.00000 0.00000 ( 1)  0.017
  69 L   1.00000 0.00000 ( 1)  0.017
  70 T   1.00000 0.00000 ( 1)  0.017
  71 A   1.00000 0.00000 ( 1)  0.017
  72 V   0.00031 0.99969 ( 2)  1.000
  73 D   1.00000 0.00000 ( 1)  0.017
  74 V   1.00000 0.00000 ( 1)  0.017
  75 P   1.00000 0.00000 ( 1)  0.017
  76 S   1.00000 0.00000 ( 1)  0.017
  77 R   1.00000 0.00000 ( 1)  0.017
  78 H   1.00000 0.00000 ( 1)  0.017
  79 Y   0.01960 0.98040 ( 2)  0.981
  80 R   1.00000 0.00000 ( 1)  0.017
  81 F   0.99999 0.00001 ( 1)  0.017
  82 E   1.00000 0.00000 ( 1)  0.017
  83 I   1.00000 0.00000 ( 1)  0.017
  84 V   1.00000 0.00000 ( 1)  0.017
  85 Y   1.00000 0.00000 ( 1)  0.017
  86 N   1.00000 0.00000 ( 1)  0.017
  87 L   1.00000 0.00000 ( 1)  0.017
  88 L   1.00000 0.00000 ( 1)  0.017
  89 S   1.00000 0.00000 ( 1)  0.017
  90 L   1.00000 0.00000 ( 1)  0.017
  91 R   1.00000 0.00000 ( 1)  0.017
  92 F   1.00000 0.00000 ( 1)  0.017
  93 N   1.00000 0.00000 ( 1)  0.017
  94 S   1.00000 0.00000 ( 1)  0.017
  95 R   1.00000 0.00000 ( 1)  0.017
  96 I   1.00000 0.00000 ( 1)  0.017
  97 R   1.00000 0.00000 ( 1)  0.017
  98 V   1.00000 0.00000 ( 1)  0.017
  99 K   1.00000 0.00000 ( 1)  0.017
 100 T   1.00000 0.00000 ( 1)  0.017
 101 Y   1.00000 0.00000 ( 1)  0.017
 102 T   1.00000 0.00000 ( 1)  0.017
 103 D   1.00000 0.00000 ( 1)  0.017
 104 E   1.00000 0.00000 ( 1)  0.017
 105 L   1.00000 0.00000 ( 1)  0.017
 106 T   1.00000 0.00000 ( 1)  0.017
 107 P   1.00000 0.00000 ( 1)  0.017
 108 V   0.00000 1.00000 ( 2)  1.000
 109 D   1.00000 0.00000 ( 1)  0.017
 110 S   1.00000 0.00000 ( 1)  0.017
 111 A   1.00000 0.00000 ( 1)  0.017
 112 V   1.00000 0.00000 ( 1)  0.017
 113 S   0.00000 1.00000 ( 2)  1.000
 114 V   1.00000 0.00000 ( 1)  0.017
 115 H   1.00000 0.00000 ( 1)  0.017
 116 K   0.99983 0.00017 ( 1)  0.017
 117 A   1.00000 0.00000 ( 1)  0.017
 118 A   1.00000 0.00000 ( 1)  0.017
 119 N   1.00000 0.00000 ( 1)  0.017
 120 W   1.00000 0.00000 ( 1)  0.017
 121 Y   1.00000 0.00000 ( 1)  0.017
 122 E   1.00000 0.00000 ( 1)  0.017
 123 R   1.00000 0.00000 ( 1)  0.017
 124 E   1.00000 0.00000 ( 1)  0.017
 125 V   1.00000 0.00000 ( 1)  0.017
 126 W   1.00000 0.00000 ( 1)  0.017
 127 D   1.00000 0.00000 ( 1)  0.017
 128 M   1.00000 0.00000 ( 1)  0.017
 129 Y   0.00000 1.00000 ( 2)  1.000
 130 G   1.00000 0.00000 ( 1)  0.017
 131 V   1.00000 0.00000 ( 1)  0.017
 132 F   1.00000 0.00000 ( 1)  0.017
 133 F   1.00000 0.00000 ( 1)  0.017
 134 A   1.00000 0.00000 ( 1)  0.017
 135 N   1.00000 0.00000 ( 1)  0.017
 136 H   1.00000 0.00000 ( 1)  0.017
 137 P   1.00000 0.00000 ( 1)  0.017
 138 D   1.00000 0.00000 ( 1)  0.017
 139 L   1.00000 0.00000 ( 1)  0.017
 140 R   1.00000 0.00000 ( 1)  0.017
 141 R   1.00000 0.00000 ( 1)  0.017
 142 I   1.00000 0.00000 ( 1)  0.017
 143 L   1.00000 0.00000 ( 1)  0.017
 144 T   1.00000 0.00000 ( 1)  0.017
 145 D   1.00000 0.00000 ( 1)  0.017
 146 Y   1.00000 0.00000 ( 1)  0.017
 147 G   1.00000 0.00000 ( 1)  0.017
 148 F   1.00000 0.00000 ( 1)  0.017
 149 E   1.00000 0.00000 ( 1)  0.017
 150 G   1.00000 0.00000 ( 1)  0.017
 151 H   1.00000 0.00000 ( 1)  0.017
 152 P   1.00000 0.00000 ( 1)  0.017
 153 F   1.00000 0.00000 ( 1)  0.017
 154 R   1.00000 0.00000 ( 1)  0.017
 155 K   1.00000 0.00000 ( 1)  0.017
 156 D   1.00000 0.00000 ( 1)  0.017
 157 F   1.00000 0.00000 ( 1)  0.017
 158 P   1.00000 0.00000 ( 1)  0.017
 159 L   1.00000 0.00000 ( 1)  0.017
 160 S   1.00000 0.00000 ( 1)  0.017
 161 G   1.00000 0.00000 ( 1)  0.017
 162 Y   1.00000 0.00000 ( 1)  0.017
 163 V   1.00000 0.00000 ( 1)  0.017
 164 E   1.00000 0.00000 ( 1)  0.017
 165 V   1.00000 0.00000 ( 1)  0.017
