   1 -   1.00000 0.00000 ( 1)  0.031
   2 -   1.00000 0.00000 ( 1)  0.031
   3 -   1.00000 0.00000 ( 1)  0.031
   4 -   1.00000 0.00000 ( 1)  0.031
   5 -   1.00000 0.00000 ( 1)  0.031
   6 -   1.00000 0.00000 ( 1)  0.031
   7 -   1.00000 0.00000 ( 1)  0.031
   8 -   1.00000 0.00000 ( 1)  0.031
   9 -   1.00000 0.00000 ( 1)  0.031
  10 -   1.00000 0.00000 ( 1)  0.031
  11 -   1.00000 0.00000 ( 1)  0.031
  12 -   1.00000 0.00000 ( 1)  0.031
  13 -   1.00000 0.00000 ( 1)  0.031
  14 -   1.00000 0.00000 ( 1)  0.031
  15 -   1.00000 0.00000 ( 1)  0.031
  16 -   1.00000 0.00000 ( 1)  0.031
  17 -   1.00000 0.00000 ( 1)  0.031
  18 -   1.00000 0.00000 ( 1)  0.031
  19 -   1.00000 0.00000 ( 1)  0.031
  20 -   1.00000 0.00000 ( 1)  0.031
  21 -   1.00000 0.00000 ( 1)  0.031
  22 -   1.00000 0.00000 ( 1)  0.031
  23 -   1.00000 0.00000 ( 1)  0.031
  24 -   1.00000 0.00000 ( 1)  0.031
  25 -   1.00000 0.00000 ( 1)  0.031
  26 -   0.99999 0.00001 ( 1)  0.031
  27 -   1.00000 0.00000 ( 1)  0.031
  28 -   0.99881 0.00119 ( 1)  0.032
  29 -   1.00000 0.00000 ( 1)  0.031
  30 -   1.00000 0.00000 ( 1)  0.031
  31 -   1.00000 0.00000 ( 1)  0.031
  32 -   1.00000 0.00000 ( 1)  0.031
  33 -   1.00000 0.00000 ( 1)  0.031
  34 -   1.00000 0.00000 ( 1)  0.031
  35 -   1.00000 0.00000 ( 1)  0.031
  36 -   1.00000 0.00000 ( 1)  0.031
  37 -   1.00000 0.00000 ( 1)  0.031
  38 -   1.00000 0.00000 ( 1)  0.031
  39 -   1.00000 0.00000 ( 1)  0.031
  40 -   1.00000 0.00000 ( 1)  0.031
  41 -   1.00000 0.00000 ( 1)  0.031
  42 -   1.00000 0.00000 ( 1)  0.031
  43 -   1.00000 0.00000 ( 1)  0.031
  44 -   1.00000 0.00000 ( 1)  0.031
  45 -   1.00000 0.00000 ( 1)  0.031
  46 -   1.00000 0.00000 ( 1)  0.031
  47 -   1.00000 0.00000 ( 1)  0.031
  48 -   1.00000 0.00000 ( 1)  0.031
  49 -   1.00000 0.00000 ( 1)  0.031
  50 -   1.00000 0.00000 ( 1)  0.031
  51 -   1.00000 0.00000 ( 1)  0.031
  52 -   0.99983 0.00017 ( 1)  0.031
  53 -   1.00000 0.00000 ( 1)  0.031
  54 -   1.00000 0.00000 ( 1)  0.031
  55 -   1.00000 0.00000 ( 1)  0.031
  56 -   1.00000 0.00000 ( 1)  0.031
  57 -   1.00000 0.00000 ( 1)  0.031
  58 -   1.00000 0.00000 ( 1)  0.031
  59 -   1.00000 0.00000 ( 1)  0.031
  60 -   1.00000 0.00000 ( 1)  0.031
  61 -   1.00000 0.00000 ( 1)  0.031
  62 -   1.00000 0.00000 ( 1)  0.031
  63 -   1.00000 0.00000 ( 1)  0.031
  64 -   1.00000 0.00000 ( 1)  0.031
  65 -   1.00000 0.00000 ( 1)  0.031
  66 -   1.00000 0.00000 ( 1)  0.031
  67 -   1.00000 0.00000 ( 1)  0.031
  68 -   1.00000 0.00000 ( 1)  0.031
  69 -   1.00000 0.00000 ( 1)  0.031
  70 -   1.00000 0.00000 ( 1)  0.031
  71 -   1.00000 0.00000 ( 1)  0.031
  72 -   1.00000 0.00000 ( 1)  0.031
  73 -   1.00000 0.00000 ( 1)  0.031
  74 -   1.00000 0.00000 ( 1)  0.031
  75 -   1.00000 0.00000 ( 1)  0.031
  76 -   1.00000 0.00000 ( 1)  0.031
  77 -   1.00000 0.00000 ( 1)  0.031
  78 -   1.00000 0.00000 ( 1)  0.031
  79 -   1.00000 0.00000 ( 1)  0.031
  80 -   1.00000 0.00000 ( 1)  0.031
  81 -   1.00000 0.00000 ( 1)  0.031
  82 -   1.00000 0.00000 ( 1)  0.031
  83 -   1.00000 0.00000 ( 1)  0.031
  84 -   1.00000 0.00000 ( 1)  0.031
  85 -   1.00000 0.00000 ( 1)  0.031
  86 -   1.00000 0.00000 ( 1)  0.031
  87 -   1.00000 0.00000 ( 1)  0.031
  88 -   1.00000 0.00000 ( 1)  0.031
  89 -   1.00000 0.00000 ( 1)  0.031
  90 -   1.00000 0.00000 ( 1)  0.031
  91 -   1.00000 0.00000 ( 1)  0.031
  92 -   1.00000 0.00000 ( 1)  0.031
  93 -   1.00000 0.00000 ( 1)  0.031
  94 -   1.00000 0.00000 ( 1)  0.031
  95 -   1.00000 0.00000 ( 1)  0.031
  96 -   1.00000 0.00000 ( 1)  0.031
  97 -   1.00000 0.00000 ( 1)  0.031
  98 -   1.00000 0.00000 ( 1)  0.031
  99 -   1.00000 0.00000 ( 1)  0.031
 100 -   1.00000 0.00000 ( 1)  0.031
 101 -   1.00000 0.00000 ( 1)  0.031
 102 -   1.00000 0.00000 ( 1)  0.031
 103 -   1.00000 0.00000 ( 1)  0.031
 104 -   1.00000 0.00000 ( 1)  0.031
 105 -   1.00000 0.00000 ( 1)  0.031
 106 -   1.00000 0.00000 ( 1)  0.031
 107 -   1.00000 0.00000 ( 1)  0.031
 108 -   1.00000 0.00000 ( 1)  0.031
 109 -   1.00000 0.00000 ( 1)  0.031
 110 -   1.00000 0.00000 ( 1)  0.031
 111 -   1.00000 0.00000 ( 1)  0.031
 112 -   1.00000 0.00000 ( 1)  0.031
 113 -   0.00086 0.99914 ( 2)  0.999
 114 -   1.00000 0.00000 ( 1)  0.031
 115 -   1.00000 0.00000 ( 1)  0.031
 116 -   1.00000 0.00000 ( 1)  0.031
 117 -   1.00000 0.00000 ( 1)  0.031
 118 -   1.00000 0.00000 ( 1)  0.031
 119 -   1.00000 0.00000 ( 1)  0.031
 120 -   1.00000 0.00000 ( 1)  0.031
 121 -   1.00000 0.00000 ( 1)  0.031
 122 -   1.00000 0.00000 ( 1)  0.031
 123 -   1.00000 0.00000 ( 1)  0.031
 124 -   1.00000 0.00000 ( 1)  0.031
 125 -   1.00000 0.00000 ( 1)  0.031
 126 -   1.00000 0.00000 ( 1)  0.031
 127 -   1.00000 0.00000 ( 1)  0.031
 128 -   1.00000 0.00000 ( 1)  0.031
 129 -   1.00000 0.00000 ( 1)  0.031
 130 -   1.00000 0.00000 ( 1)  0.031
 131 -   1.00000 0.00000 ( 1)  0.031
 132 -   1.00000 0.00000 ( 1)  0.031
 133 -   1.00000 0.00000 ( 1)  0.031
 134 -   1.00000 0.00000 ( 1)  0.031
 135 -   1.00000 0.00000 ( 1)  0.031
 136 -   1.00000 0.00000 ( 1)  0.031
 137 -   1.00000 0.00000 ( 1)  0.031
 138 -   1.00000 0.00000 ( 1)  0.031
 139 -   1.00000 0.00000 ( 1)  0.031
 140 -   1.00000 0.00000 ( 1)  0.031
 141 -   1.00000 0.00000 ( 1)  0.031
 142 -   1.00000 0.00000 ( 1)  0.031
 143 -   1.00000 0.00000 ( 1)  0.031
 144 -   0.99844 0.00156 ( 1)  0.032
 145 -   1.00000 0.00000 ( 1)  0.031
 146 -   1.00000 0.00000 ( 1)  0.031
 147 -   1.00000 0.00000 ( 1)  0.031
 148 -   1.00000 0.00000 ( 1)  0.031
 149 -   1.00000 0.00000 ( 1)  0.031
 150 -   1.00000 0.00000 ( 1)  0.031
 151 -   1.00000 0.00000 ( 1)  0.031
 152 -   1.00000 0.00000 ( 1)  0.031
 153 -   1.00000 0.00000 ( 1)  0.031
 154 -   1.00000 0.00000 ( 1)  0.031
 155 -   0.00000 1.00000 ( 2)  1.000
 156 -   1.00000 0.00000 ( 1)  0.031
 157 -   1.00000 0.00000 ( 1)  0.031
 158 -   1.00000 0.00000 ( 1)  0.031
 159 -   1.00000 0.00000 ( 1)  0.031
 160 -   1.00000 0.00000 ( 1)  0.031
 161 -   1.00000 0.00000 ( 1)  0.031
 162 -   1.00000 0.00000 ( 1)  0.031
 163 -   1.00000 0.00000 ( 1)  0.031
 164 -   1.00000 0.00000 ( 1)  0.031
 165 -   1.00000 0.00000 ( 1)  0.031
 166 -   1.00000 0.00000 ( 1)  0.031
 167 -   1.00000 0.00000 ( 1)  0.031
 168 -   1.00000 0.00000 ( 1)  0.031
 169 -   1.00000 0.00000 ( 1)  0.031
 170 -   1.00000 0.00000 ( 1)  0.031
 171 G   1.00000 0.00000 ( 1)  0.031
 172 A   1.00000 0.00000 ( 1)  0.031
 173 G   1.00000 0.00000 ( 1)  0.031
 174 A   1.00000 0.00000 ( 1)  0.031
 175 Y   1.00000 0.00000 ( 1)  0.031
 176 I   1.00000 0.00000 ( 1)  0.031
 177 C   1.00000 0.00000 ( 1)  0.031
 178 G   1.00000 0.00000 ( 1)  0.031
 179 E   1.00000 0.00000 ( 1)  0.031
 180 E   1.00000 0.00000 ( 1)  0.031
 181 T   1.00000 0.00000 ( 1)  0.031
 182 A   1.00000 0.00000 ( 1)  0.031
 183 L   1.00000 0.00000 ( 1)  0.031
 184 I   1.00000 0.00000 ( 1)  0.031
 185 E   1.00000 0.00000 ( 1)  0.031
 186 S   1.00000 0.00000 ( 1)  0.031
 187 I   1.00000 0.00000 ( 1)  0.031
 188 E   1.00000 0.00000 ( 1)  0.031
 189 G   1.00000 0.00000 ( 1)  0.031
 190 K   1.00000 0.00000 ( 1)  0.031
 191 Q   1.00000 0.00000 ( 1)  0.031
 192 G   1.00000 0.00000 ( 1)  0.031
 193 K   1.00000 0.00000 ( 1)  0.031
 194 P   1.00000 0.00000 ( 1)  0.031
 195 R   1.00000 0.00000 ( 1)  0.031
 196 L   1.00000 0.00000 ( 1)  0.031
 197 K   1.00000 0.00000 ( 1)  0.031
 198 P   1.00000 0.00000 ( 1)  0.031
 199 P   1.00000 0.00000 ( 1)  0.031
 200 F   1.00000 0.00000 ( 1)  0.031
 201 P   1.00000 0.00000 ( 1)  0.031
 202 A   1.00000 0.00000 ( 1)  0.031
 203 D   1.00000 0.00000 ( 1)  0.031
 204 V   1.00000 0.00000 ( 1)  0.031
 205 G   1.00000 0.00000 ( 1)  0.031
 206 V   1.00000 0.00000 ( 1)  0.031
 207 F   1.00000 0.00000 ( 1)  0.031
 208 G   1.00000 0.00000 ( 1)  0.031
 209 C   1.00000 0.00000 ( 1)  0.031
 210 P   1.00000 0.00000 ( 1)  0.031
 211 T   1.00000 0.00000 ( 1)  0.031
 212 T   1.00000 0.00000 ( 1)  0.031
 213 V   1.00000 0.00000 ( 1)  0.031
 214 A   1.00000 0.00000 ( 1)  0.031
 215 N   1.00000 0.00000 ( 1)  0.031
 216 V   1.00000 0.00000 ( 1)  0.031
 217 E   1.00000 0.00000 ( 1)  0.031
 218 T   1.00000 0.00000 ( 1)  0.031
 219 V   1.00000 0.00000 ( 1)  0.031
 220 S   1.00000 0.00000 ( 1)  0.031
 221 V   1.00000 0.00000 ( 1)  0.031
 222 A   1.00000 0.00000 ( 1)  0.031
 223 P   1.00000 0.00000 ( 1)  0.031
 224 T   1.00000 0.00000 ( 1)  0.031
 225 I   1.00000 0.00000 ( 1)  0.031
 226 C   1.00000 0.00000 ( 1)  0.031
 227 R   1.00000 0.00000 ( 1)  0.031
 228 R   1.00000 0.00000 ( 1)  0.031
 229 G   1.00000 0.00000 ( 1)  0.031
 230 G   1.00000 0.00000 ( 1)  0.031
 231 A   0.00000 1.00000 ( 2)  1.000
 232 W   1.00000 0.00000 ( 1)  0.031
 233 F   1.00000 0.00000 ( 1)  0.031
 234 A   1.00000 0.00000 ( 1)  0.031
 235 G   1.00000 0.00000 ( 1)  0.031
 236 F   1.00000 0.00000 ( 1)  0.031
 237 G   1.00000 0.00000 ( 1)  0.031
 238 R   1.00000 0.00000 ( 1)  0.031
 239 E   1.00000 0.00000 ( 1)  0.031
 240 R   1.00000 0.00000 ( 1)  0.031
 241 N   1.00000 0.00000 ( 1)  0.031
 242 S   1.00000 0.00000 ( 1)  0.031
 243 G   1.00000 0.00000 ( 1)  0.031
 244 T   1.00000 0.00000 ( 1)  0.031
 245 K   1.00000 0.00000 ( 1)  0.031
 246 L   1.00000 0.00000 ( 1)  0.031
 247 F   1.00000 0.00000 ( 1)  0.031
 248 N   1.00000 0.00000 ( 1)  0.031
 249 I   1.00000 0.00000 ( 1)  0.031
 250 S   1.00000 0.00000 ( 1)  0.031
 251 G   1.00000 0.00000 ( 1)  0.031
 252 H   1.00000 0.00000 ( 1)  0.031
 253 V   1.00000 0.00000 ( 1)  0.031
 254 N   1.00000 0.00000 ( 1)  0.031
 255 T   1.00000 0.00000 ( 1)  0.031
 256 P   1.00000 0.00000 ( 1)  0.031
 257 C   1.00000 0.00000 ( 1)  0.031
 258 T   1.00000 0.00000 ( 1)  0.031
 259 V   1.00000 0.00000 ( 1)  0.031
 260 E   1.00000 0.00000 ( 1)  0.031
 261 E   1.00000 0.00000 ( 1)  0.031
 262 E   1.00000 0.00000 ( 1)  0.031
 263 M   1.00000 0.00000 ( 1)  0.031
 264 S   1.00000 0.00000 ( 1)  0.031
 265 V   1.00000 0.00000 ( 1)  0.031
 266 P   1.00000 0.00000 ( 1)  0.031
 267 L   1.00000 0.00000 ( 1)  0.031
 268 K   1.00000 0.00000 ( 1)  0.031
 269 E   1.00000 0.00000 ( 1)  0.031
 270 L   1.00000 0.00000 ( 1)  0.031
 271 I   1.00000 0.00000 ( 1)  0.031
 272 E   1.00000 0.00000 ( 1)  0.031
 273 K   1.00000 0.00000 ( 1)  0.031
 274 H   1.00000 0.00000 ( 1)  0.031
 275 A   1.00000 0.00000 ( 1)  0.031
 276 G   1.00000 0.00000 ( 1)  0.031
 277 G   1.00000 0.00000 ( 1)  0.031
 278 V   1.00000 0.00000 ( 1)  0.031
 279 R   1.00000 0.00000 ( 1)  0.031
 280 G   1.00000 0.00000 ( 1)  0.031
 281 G   1.00000 0.00000 ( 1)  0.031
 282 W   1.00000 0.00000 ( 1)  0.031
 283 D   1.00000 0.00000 ( 1)  0.031
 284 N   1.00000 0.00000 ( 1)  0.031
 285 L   1.00000 0.00000 ( 1)  0.031
 286 L   1.00000 0.00000 ( 1)  0.031
 287 A   1.00000 0.00000 ( 1)  0.031
 288 V   1.00000 0.00000 ( 1)  0.031
 289 I   1.00000 0.00000 ( 1)  0.031
 290 P   1.00000 0.00000 ( 1)  0.031
 291 G   1.00000 0.00000 ( 1)  0.031
 292 G   1.00000 0.00000 ( 1)  0.031
 293 S   1.00000 0.00000 ( 1)  0.031
 294 S   1.00000 0.00000 ( 1)  0.031
 295 T   1.00000 0.00000 ( 1)  0.031
 296 P   1.00000 0.00000 ( 1)  0.031
 297 L   1.00000 0.00000 ( 1)  0.031
 298 L   1.00000 0.00000 ( 1)  0.031
 299 P   1.00000 0.00000 ( 1)  0.031
 300 K   1.00000 0.00000 ( 1)  0.031
 301 S   1.00000 0.00000 ( 1)  0.031
 302 V   1.00000 0.00000 ( 1)  0.031
 303 C   1.00000 0.00000 ( 1)  0.031
 304 E   1.00000 0.00000 ( 1)  0.031
 305 T   1.00000 0.00000 ( 1)  0.031
 306 V   1.00000 0.00000 ( 1)  0.031
 307 L   1.00000 0.00000 ( 1)  0.031
 308 M   1.00000 0.00000 ( 1)  0.031
 309 D   1.00000 0.00000 ( 1)  0.031
 310 F   1.00000 0.00000 ( 1)  0.031
 311 D   1.00000 0.00000 ( 1)  0.031
 312 S   1.00000 0.00000 ( 1)  0.031
 313 L   1.00000 0.00000 ( 1)  0.031
 314 V   1.00000 0.00000 ( 1)  0.031
 315 Q   1.00000 0.00000 ( 1)  0.031
 316 A   1.00000 0.00000 ( 1)  0.031
 317 Q   1.00000 0.00000 ( 1)  0.031
 318 S   1.00000 0.00000 ( 1)  0.031
 319 G   1.00000 0.00000 ( 1)  0.031
 320 L   1.00000 0.00000 ( 1)  0.031
 321 G   1.00000 0.00000 ( 1)  0.031
 322 T   1.00000 0.00000 ( 1)  0.031
 323 A   1.00000 0.00000 ( 1)  0.031
 324 A   1.00000 0.00000 ( 1)  0.031
 325 V   1.00000 0.00000 ( 1)  0.031
 326 I   1.00000 0.00000 ( 1)  0.031
 327 V   1.00000 0.00000 ( 1)  0.031
 328 M   1.00000 0.00000 ( 1)  0.031
 329 D   1.00000 0.00000 ( 1)  0.031
 330 K   1.00000 0.00000 ( 1)  0.031
 331 S   1.00000 0.00000 ( 1)  0.031
 332 T   0.00000 1.00000 ( 2)  1.000
 333 D   1.00000 0.00000 ( 1)  0.031
 334 I   0.00001 0.99999 ( 2)  1.000
 335 I   0.00000 1.00000 ( 2)  1.000
 336 K   1.00000 0.00000 ( 1)  0.031
 337 A   1.00000 0.00000 ( 1)  0.031
 338 I   1.00000 0.00000 ( 1)  0.031
 339 A   1.00000 0.00000 ( 1)  0.031
 340 R   1.00000 0.00000 ( 1)  0.031
 341 L   1.00000 0.00000 ( 1)  0.031
 342 I   1.00000 0.00000 ( 1)  0.031
 343 E   1.00000 0.00000 ( 1)  0.031
 344 F   1.00000 0.00000 ( 1)  0.031
 345 Y   1.00000 0.00000 ( 1)  0.031
 346 K   1.00000 0.00000 ( 1)  0.031
 347 H   1.00000 0.00000 ( 1)  0.031
 348 E   1.00000 0.00000 ( 1)  0.031
 349 S   1.00000 0.00000 ( 1)  0.031
 350 C   1.00000 0.00000 ( 1)  0.031
 351 G   1.00000 0.00000 ( 1)  0.031
 352 Q   1.00000 0.00000 ( 1)  0.031
 353 C   1.00000 0.00000 ( 1)  0.031
 354 T   1.00000 0.00000 ( 1)  0.031
 355 P   1.00000 0.00000 ( 1)  0.031
 356 C   1.00000 0.00000 ( 1)  0.031
 357 R   1.00000 0.00000 ( 1)  0.031
 358 E   1.00000 0.00000 ( 1)  0.031
 359 V   1.00000 0.00000 ( 1)  0.031
 360 D   1.00000 0.00000 ( 1)  0.031
 361 W   1.00000 0.00000 ( 1)  0.031
 362 M   1.00000 0.00000 ( 1)  0.031
 363 N   1.00000 0.00000 ( 1)  0.031
 364 V   1.00000 0.00000 ( 1)  0.031
 365 M   1.00000 0.00000 ( 1)  0.031
 366 A   1.00000 0.00000 ( 1)  0.031
 367 R   1.00000 0.00000 ( 1)  0.031
 368 F   1.00000 0.00000 ( 1)  0.031
 369 V   1.00000 0.00000 ( 1)  0.031
 370 Q   0.00000 1.00000 ( 2)  1.000
 371 G   1.00000 0.00000 ( 1)  0.031
 372 N   0.00000 1.00000 ( 2)  1.000
 373 A   1.00000 0.00000 ( 1)  0.031
 374 A   0.99645 0.00355 ( 1)  0.034
 375 E   1.00000 0.00000 ( 1)  0.031
 376 I   1.00000 0.00000 ( 1)  0.031
 377 D   1.00000 0.00000 ( 1)  0.031
 378 A   1.00000 0.00000 ( 1)  0.031
 379 L   1.00000 0.00000 ( 1)  0.031
 380 W   1.00000 0.00000 ( 1)  0.031
 381 E   1.00000 0.00000 ( 1)  0.031
 382 I   1.00000 0.00000 ( 1)  0.031
 383 S   1.00000 0.00000 ( 1)  0.031
 384 K   1.00000 0.00000 ( 1)  0.031
 385 Q   1.00000 0.00000 ( 1)  0.031
 386 I   1.00000 0.00000 ( 1)  0.031
 387 E   1.00000 0.00000 ( 1)  0.031
 388 G   1.00000 0.00000 ( 1)  0.031
 389 H   1.00000 0.00000 ( 1)  0.031
 390 T   1.00000 0.00000 ( 1)  0.031
 391 I   1.00000 0.00000 ( 1)  0.031
 392 C   1.00000 0.00000 ( 1)  0.031
 393 A   1.00000 0.00000 ( 1)  0.031
 394 L   1.00000 0.00000 ( 1)  0.031
 395 G   1.00000 0.00000 ( 1)  0.031
 396 D   1.00000 0.00000 ( 1)  0.031
 397 G   1.00000 0.00000 ( 1)  0.031
 398 A   1.00000 0.00000 ( 1)  0.031
 399 A   1.00000 0.00000 ( 1)  0.031
 400 W   1.00000 0.00000 ( 1)  0.031
 401 P   1.00000 0.00000 ( 1)  0.031
 402 V   0.00000 1.00000 ( 2)  1.000
 403 Q   1.00000 0.00000 ( 1)  0.031
 404 G   1.00000 0.00000 ( 1)  0.031
 405 L   1.00000 0.00000 ( 1)  0.031
 406 I   1.00000 0.00000 ( 1)  0.031
 407 R   1.00000 0.00000 ( 1)  0.031
 408 H   1.00000 0.00000 ( 1)  0.031
 409 F   1.00000 0.00000 ( 1)  0.031
 410 R   1.00000 0.00000 ( 1)  0.031
 411 P   1.00000 0.00000 ( 1)  0.031
 412 E   1.00000 0.00000 ( 1)  0.031
 413 L   1.00000 0.00000 ( 1)  0.031
 414 E   1.00000 0.00000 ( 1)  0.031
 415 E   1.00000 0.00000 ( 1)  0.031
 416 R   1.00000 0.00000 ( 1)  0.031
 417 M   1.00000 0.00000 ( 1)  0.031
 418 R   1.00000 0.00000 ( 1)  0.031
 419 R   1.00000 0.00000 ( 1)  0.031
 420 Y   1.00000 0.00000 ( 1)  0.031
 421 G   0.00000 1.00000 ( 2)  1.000
 422 E   1.00000 0.00000 ( 1)  0.031
 423 A   0.99852 0.00148 ( 1)  0.032
 424 K   0.99771 0.00229 ( 1)  0.033
 425 A   1.00000 0.00000 ( 1)  0.031
 426 R   0.00000 1.00000 ( 2)  1.000
 427 A   1.00000 0.00000 ( 1)  0.031
 428 A   1.00000 0.00000 ( 1)  0.031
 429 S   1.00000 0.00000 ( 1)  0.031
 430 A   1.00000 0.00000 ( 1)  0.031
